#labels: yz_all_lower[1] yz_all_center[2] yz_all_upper[3] tot_scale01[4] tot_scale01_Err[5] tot_scale02[6] tot_scale02_Err[7] tot_scale03[8] tot_scale03_Err[9] tot_scale04[10] tot_scale04_Err[11] tot_scale05[12] tot_scale05_Err[13] tot_scale06[14] tot_scale06_Err[15] tot_scale07[16] tot_scale07_Err[17]
#neval: 191947084129
#overflow:lower center upper 1.35311603019E+01 5.96496757465E-01 1.36199746177E+01 4.80254906790E-01 1.33627508990E+01 7.88290940644E-01 1.33192104219E+01 4.71210037818E-01 1.40582882432E+01 6.09791598576E-01 1.38922342050E+01 7.92095718749E-01 1.28771010130E+01 5.92269992344E-01 
-5.00000000000E+00 -4.87500000000E+00 -4.75000000000E+00 5.34685263361E+02 1.89933817111E+01 5.52149698710E+02 1.55800869234E+01 5.00941850995E+02 2.50967149774E+01 5.39285897473E+02 1.44558876675E+01 5.45902744438E+02 2.04519140381E+01 5.13521129098E+02 2.52022672708E+01 5.34613746126E+02 1.83738847069E+01 
-4.75000000000E+00 -4.62500000000E+00 -4.50000000000E+00 6.60946623837E+03 1.25919191611E+02 6.93419806557E+03 1.02751596230E+02 5.90345539419E+03 2.15086109989E+02 6.78734905783E+03 9.42378867994E+01 6.80872749593E+03 1.26878528271E+02 6.14338251126E+03 1.97701751597E+02 6.29409370365E+03 1.54792400877E+02 
-4.50000000000E+00 -4.37500000000E+00 -4.25000000000E+00 2.84732401984E+04 5.66796865169E+02 3.08671799422E+04 4.36415143447E+02 2.63218985279E+04 8.36239057269E+02 2.97199396470E+04 4.27913337126E+02 2.96029305019E+04 5.87885718611E+02 2.66386124274E+04 7.86468439653E+02 2.80842587888E+04 5.99457498584E+02 
-4.25000000000E+00 -4.12500000000E+00 -4.00000000000E+00 6.56885582217E+04 1.16522814117E+03 7.11159224098E+04 9.20374705257E+02 5.90760753718E+04 1.26550934429E+03 6.94560019198E+04 8.66024119234E+02 6.66458209529E+04 1.18867930507E+03 5.99720661615E+04 1.62632082263E+03 6.43593364362E+04 9.10631200112E+02 
-4.00000000000E+00 -3.87500000000E+00 -3.75000000000E+00 1.05121285054E+05 1.37756533035E+03 1.14326722115E+05 1.07153836943E+03 9.52240242103E+04 1.80214652404E+03 1.12978939757E+05 1.02379104814E+03 1.04988632546E+05 1.44123200379E+03 9.32257935916E+04 1.91817291091E+03 1.05080948199E+05 1.29418771441E+03 
-3.75000000000E+00 -3.62500000000E+00 -3.50000000000E+00 1.45858819689E+05 2.13563988010E+03 1.58675514648E+05 1.63494916751E+03 1.32560296006E+05 3.04224403214E+03 1.57380791864E+05 1.55956417999E+03 1.45333477820E+05 2.20159750915E+03 1.29827698715E+05 2.97813807320E+03 1.45692220236E+05 2.18197553117E+03 
-3.50000000000E+00 -3.37500000000E+00 -3.25000000000E+00 1.75297496754E+05 3.17283497520E+03 1.91245826565E+05 2.42770588926E+03 1.60519157831E+05 4.31598891724E+03 1.90035800883E+05 2.36060428589E+03 1.73444271246E+05 3.28889055091E+03 1.54896592087E+05 4.43061926766E+03 1.77921026901E+05 3.12045010955E+03 
-3.25000000000E+00 -3.12500000000E+00 -3.00000000000E+00 2.03546199936E+05 3.29525419103E+03 2.20058757645E+05 2.53007720752E+03 1.88522455442E+05 4.26101301865E+03 2.20003440089E+05 2.44565606653E+03 1.99675184662E+05 3.64417542425E+03 1.81902649455E+05 4.60212784539E+03 2.06096187266E+05 3.05221435841E+03 
-3.00000000000E+00 -2.87500000000E+00 -2.75000000000E+00 2.13956933174E+05 3.69057431869E+03 2.33074028406E+05 2.90925406873E+03 1.97124097934E+05 4.80800701048E+03 2.34167990763E+05 2.76191963202E+03 2.08995994856E+05 3.91878498368E+03 1.88685343464E+05 5.20584714520E+03 2.18311449994E+05 3.42300909736E+03 
-2.75000000000E+00 -2.62500000000E+00 -2.50000000000E+00 2.26756749920E+05 3.75233997389E+03 2.47741321005E+05 2.85170257609E+03 2.09064215869E+05 4.84700272091E+03 2.48667266434E+05 2.78739658885E+03 2.22248099485E+05 3.84247096394E+03 2.00484301043E+05 5.07904246318E+03 2.32396619654E+05 3.45882678564E+03 
-2.50000000000E+00 -2.37500000000E+00 -2.25000000000E+00 2.34247119399E+05 3.04779501744E+03 2.54660584054E+05 2.41278986813E+03 2.16732771972E+05 3.93015999985E+03 2.57011287447E+05 2.25426163076E+03 2.25312932640E+05 3.21958271432E+03 2.04505198023E+05 4.20026392509E+03 2.39357675524E+05 2.89394629963E+03 
-2.25000000000E+00 -2.12500000000E+00 -2.00000000000E+00 2.35850009140E+05 3.58798982628E+03 2.57345738140E+05 2.89225744096E+03 2.15422989325E+05 4.28630149999E+03 2.62257128892E+05 2.66849439443E+03 2.25309074624E+05 3.89176014359E+03 2.03870256131E+05 5.01239285117E+03 2.43102661807E+05 3.06810200304E+03 
-2.00000000000E+00 -1.87500000000E+00 -1.75000000000E+00 2.45251383266E+05 3.89810052844E+03 2.68057740596E+05 3.13355486892E+03 2.27451956630E+05 4.96036362565E+03 2.72202153605E+05 2.89577844431E+03 2.31401375187E+05 3.41690053831E+03 2.12214929039E+05 5.43025642137E+03 2.52112723355E+05 3.53438405402E+03 
-1.75000000000E+00 -1.62500000000E+00 -1.50000000000E+00 2.51428434091E+05 3.87591150146E+03 2.74105279944E+05 3.21523708090E+03 2.31288015942E+05 4.99679220452E+03 2.79710044941E+05 2.87354097750E+03 2.39985956897E+05 4.30589560305E+03 2.18020988809E+05 5.40642629398E+03 2.59561108191E+05 3.58223646580E+03 
-1.50000000000E+00 -1.37500000000E+00 -1.25000000000E+00 2.45786271051E+05 4.94439530216E+03 2.72038481817E+05 3.84133068884E+03 2.23935298175E+05 5.63608927928E+03 2.77712974239E+05 3.67126153806E+03 2.34753626011E+05 5.17960928459E+03 2.06053439536E+05 6.90106978453E+03 2.56673171682E+05 4.04230742841E+03 
-1.25000000000E+00 -1.12500000000E+00 -1.00000000000E+00 2.55493697747E+05 3.98126901437E+03 2.80844755336E+05 3.36285778898E+03 2.38576167775E+05 5.32904193275E+03 2.87869417958E+05 3.23683117036E+03 2.43215689277E+05 4.60867663669E+03 2.17290043444E+05 5.68321187079E+03 2.68415977366E+05 3.82306559695E+03 
-1.00000000000E+00 -8.75000000000E-01 -7.50000000000E-01 2.56426971210E+05 3.17607642800E+03 2.81279520286E+05 2.52446842122E+03 2.34622071825E+05 3.96857100329E+03 2.89067503257E+05 2.35792850999E+03 2.39125046330E+05 3.16898572098E+03 2.17089438100E+05 4.42992507442E+03 2.67803169328E+05 2.84762185498E+03 
-7.50000000000E-01 -6.25000000000E-01 -5.00000000000E-01 2.45097545822E+05 4.55274431925E+03 2.73306114257E+05 3.72952386398E+03 2.28623595961E+05 6.55302866318E+03 2.81801122851E+05 3.38338308434E+03 2.29372440093E+05 5.02533609118E+03 1.98614681905E+05 6.37210835206E+03 2.64478250418E+05 4.69788851094E+03 
-5.00000000000E-01 -3.75000000000E-01 -2.50000000000E-01 2.47178229513E+05 4.99410609486E+03 2.78295555831E+05 3.62382045033E+03 2.20767698595E+05 6.38376997085E+03 2.84867028370E+05 3.70440565983E+03 2.33798436119E+05 4.87770451598E+03 2.01200320736E+05 6.96550494201E+03 2.59714515358E+05 4.57712879839E+03 
-2.50000000000E-01 -1.25000000000E-01 0.00000000000E+00 2.65922905668E+05 4.91183631958E+03 2.92352477458E+05 4.15549515979E+03 2.46022394122E+05 6.08972788649E+03 2.98997072751E+05 3.64087038837E+03 2.52871278781E+05 5.60188381769E+03 2.26971903778E+05 6.84940386066E+03 2.77936558043E+05 4.36853933499E+03 
0.00000000000E+00 1.25000000000E-01 2.50000000000E-01 2.65245847360E+05 4.76520423903E+03 2.94936765083E+05 3.69585455714E+03 2.45917025153E+05 6.34643770526E+03 3.00720673987E+05 3.36404221467E+03 2.57055948202E+05 4.98015565961E+03 2.26248518232E+05 6.62075341884E+03 2.69933286999E+05 4.02282851727E+03 
2.50000000000E-01 3.75000000000E-01 5.00000000000E-01 2.62199732174E+05 4.16960254148E+03 2.86651185986E+05 3.00543215607E+03 2.39668503661E+05 5.45138987158E+03 2.95694074231E+05 3.10254285810E+03 2.45963639982E+05 4.04529537374E+03 2.21744105765E+05 5.81451688890E+03 2.73840866878E+05 3.62042400880E+03 
5.00000000000E-01 6.25000000000E-01 7.50000000000E-01 2.56574512049E+05 4.75082353122E+03 2.84164500227E+05 3.82046748339E+03 2.34791386421E+05 5.95397454699E+03 2.90647605439E+05 3.52583997491E+03 2.43724417962E+05 5.22613235938E+03 2.15713116795E+05 6.63728278207E+03 2.68772702374E+05 4.26718473216E+03 
7.50000000000E-01 8.75000000000E-01 1.00000000000E+00 2.56953348012E+05 4.58930836326E+03 2.84134252652E+05 3.18634232987E+03 2.36903162013E+05 5.04000428513E+03 2.89381697517E+05 3.40845917698E+03 2.46360966809E+05 4.17531014183E+03 2.18581513543E+05 6.21005329464E+03 2.68015416447E+05 3.85678971794E+03 
1.00000000000E+00 1.12500000000E+00 1.25000000000E+00 2.51218127453E+05 4.40153716020E+03 2.79655683658E+05 3.25913082870E+03 2.27536258345E+05 4.94274587254E+03 2.84187107813E+05 3.25887461532E+03 2.41260957452E+05 4.37388659344E+03 2.13368810135E+05 6.11477187752E+03 2.60176573480E+05 3.53154552396E+03 
1.25000000000E+00 1.37500000000E+00 1.50000000000E+00 2.51311997561E+05 4.19870265197E+03 2.77632654932E+05 3.46614799734E+03 2.31420110138E+05 5.34563725476E+03 2.81337005210E+05 3.10946026860E+03 2.41987188668E+05 4.66090232115E+03 2.15491040645E+05 5.84815522612E+03 2.62786326886E+05 3.84891153762E+03 
1.50000000000E+00 1.62500000000E+00 1.75000000000E+00 2.48379683267E+05 3.91532429143E+03 2.73380450621E+05 3.26435131512E+03 2.28935794059E+05 5.27430715676E+03 2.78256280732E+05 3.00337017618E+03 2.40170670132E+05 4.39031432049E+03 2.13873332890E+05 5.45464239618E+03 2.56877525720E+05 3.54539314973E+03 
1.75000000000E+00 1.87500000000E+00 2.00000000000E+00 2.30325155630E+05 4.46617404682E+03 2.58083425783E+05 3.04359816911E+03 2.07326921560E+05 6.15221518742E+03 2.60790624648E+05 3.31616122782E+03 2.21829675552E+05 4.03101163615E+03 1.90932767848E+05 6.22570308259E+03 2.38282261177E+05 4.43230398912E+03 
2.00000000000E+00 2.12500000000E+00 2.25000000000E+00 2.41358818538E+05 4.50405956440E+03 2.62320362738E+05 3.54507352579E+03 2.26373454601E+05 5.72572763741E+03 2.66246854903E+05 3.34305812196E+03 2.33089937127E+05 4.76434820127E+03 2.10757955205E+05 6.28587319968E+03 2.50692502598E+05 4.26972755299E+03 
2.25000000000E+00 2.37500000000E+00 2.50000000000E+00 2.27721206689E+05 3.71577727228E+03 2.50825991696E+05 3.24279964435E+03 2.14523792023E+05 5.33044228513E+03 2.53227856404E+05 2.60865913361E+03 2.21341089877E+05 4.37529708420E+03 1.96192012104E+05 5.15751097541E+03 2.36160055418E+05 3.29811271055E+03 
2.50000000000E+00 2.62500000000E+00 2.75000000000E+00 2.21948741182E+05 2.87870270854E+03 2.44711670059E+05 2.48286439966E+03 2.01066194970E+05 3.94507712084E+03 2.45421698972E+05 2.15938972826E+03 2.18614673308E+05 3.33263215484E+03 1.91731305581E+05 3.43963270081E+03 2.27169215148E+05 2.53635522873E+03 
2.75000000000E+00 2.87500000000E+00 3.00000000000E+00 2.12584576271E+05 3.64323685995E+03 2.32725557729E+05 3.58028822689E+03 1.98628895283E+05 5.38889100565E+03 2.33411027708E+05 2.70450204950E+03 2.09236993041E+05 4.80172422133E+03 1.83170132916E+05 5.30600902013E+03 2.19610730874E+05 3.89924590441E+03 
3.00000000000E+00 3.12500000000E+00 3.25000000000E+00 1.96000592988E+05 2.74315555533E+03 2.12618806493E+05 2.79623738835E+03 1.74720150552E+05 4.39080714520E+03 2.14913131496E+05 2.09783176512E+03 1.90555525904E+05 3.76673111230E+03 1.67410288416E+05 4.70320768161E+03 1.96082433685E+05 3.14514136690E+03 
3.25000000000E+00 3.37500000000E+00 3.50000000000E+00 1.82240430521E+05 3.41429694537E+03 1.95293169706E+05 2.67740168749E+03 1.70042754206E+05 3.76817149710E+03 1.94973594084E+05 2.54249421913E+03 1.78943760160E+05 3.60781559623E+03 1.64545284574E+05 4.76489732710E+03 1.84255331892E+05 2.70241651775E+03 
3.50000000000E+00 3.62500000000E+00 3.75000000000E+00 1.43222935023E+05 2.40590587655E+03 1.55512797658E+05 1.98911308067E+03 1.27892936021E+05 3.14070813886E+03 1.54888945276E+05 1.80547302087E+03 1.41458326085E+05 2.67703741288E+03 1.27469963338E+05 3.02274100299E+03 1.42483665605E+05 2.25519133811E+03 
3.75000000000E+00 3.87500000000E+00 4.00000000000E+00 1.08021736857E+05 1.45491923093E+03 1.16519898489E+05 1.07460606627E+03 9.74644663362E+04 2.03784435741E+03 1.15214476699E+05 1.08448326143E+03 1.07918383087E+05 1.45104692602E+03 9.71687300942E+04 2.02784845214E+03 1.06489688123E+05 1.46077804186E+03 
4.00000000000E+00 4.12500000000E+00 4.25000000000E+00 6.67497712352E+04 1.15764946756E+03 7.14030356748E+04 8.79004939408E+02 6.02742809095E+04 1.73696973945E+03 7.01994329257E+04 8.59514014642E+02 6.72190534799E+04 1.18329537313E+03 6.00334554515E+04 1.65497120336E+03 6.52610717716E+04 1.24395958328E+03 
4.25000000000E+00 4.37500000000E+00 4.50000000000E+00 2.81533856138E+04 4.85637300584E+02 3.00434255742E+04 4.03478938087E+02 2.56445809433E+04 6.67717153660E+02 2.94298941775E+04 4.29224386811E+02 2.85263584891E+04 5.42651334695E+02 2.56160488037E+04 5.06308277136E+02 2.69976063938E+04 5.86723680966E+02 
4.50000000000E+00 4.62500000000E+00 4.75000000000E+00 6.74779566240E+03 1.68646630730E+02 7.07033043487E+03 1.19542379415E+02 6.31592961202E+03 2.38846860463E+02 6.89874742111E+03 1.25219835158E+02 6.95977000598E+03 1.61989893204E+02 6.45398902271E+03 2.36630726448E+02 6.56408627168E+03 1.69518448742E+02 
4.75000000000E+00 4.87500000000E+00 5.00000000000E+00 5.19001764218E+02 2.16545453829E+01 5.54708265427E+02 1.70024506189E+01 4.92103184624E+02 3.00874454064E+01 5.42231942256E+02 1.71512495705E+01 5.50908364767E+02 2.24116008650E+01 4.91442469211E+02 2.88684661825E+01 5.23526662207E+02 2.24110613258E+01 
#nx: 3
