#labels: ptz__0p5__0p75_lower[1] ptz__0p5__0p75_center[2] ptz__0p5__0p75_upper[3] tot_scale01[4] tot_scale01_Err[5] tot_scale02[6] tot_scale02_Err[7] tot_scale03[8] tot_scale03_Err[9] tot_scale04[10] tot_scale04_Err[11] tot_scale05[12] tot_scale05_Err[13] tot_scale06[14] tot_scale06_Err[15] tot_scale07[16] tot_scale07_Err[17]
#neval: 191947084129
#overflow:lower center upper 1.47568689500E+03 7.00165238395E+00 1.45992342350E+03 5.25865179159E+00 1.46288593364E+03 1.00515990169E+01 1.45421280229E+03 5.21381332219E+00 1.48189366977E+03 7.06037397141E+00 1.47234456020E+03 9.96369566319E+00 1.47050747204E+03 7.21500579836E+00 
0.00000000000E+00 5.00000000000E-01 1.00000000000E+00 0.00000000000E+00 0.00000000000E+00 0.00000000000E+00 0.00000000000E+00 0.00000000000E+00 0.00000000000E+00 0.00000000000E+00 0.00000000000E+00 0.00000000000E+00 0.00000000000E+00 0.00000000000E+00 0.00000000000E+00 0.00000000000E+00 0.00000000000E+00 
1.00000000000E+00 1.50000000000E+00 2.00000000000E+00 -9.06749248854E+03 4.13843398408E+02 -7.03581965595E+03 3.33387058455E+02 -1.07066861872E+04 5.24743932794E+02 -4.67334888771E+03 3.08099230909E+02 -1.20193695172E+04 4.46764043725E+02 -1.35325155460E+04 5.75701870815E+02 -6.83970493236E+03 3.84296179712E+02 
2.00000000000E+00 2.50000000000E+00 3.00000000000E+00 2.36276925001E+03 2.28602496874E+02 3.70170337165E+03 1.87369299631E+02 1.18895141859E+03 2.81424629842E+02 4.35413272748E+03 1.69919361779E+02 1.49985304620E+03 2.49140610067E+02 1.09573565675E+02 3.16911077321E+02 3.27109517444E+03 2.02662832846E+02 
3.00000000000E+00 3.50000000000E+00 4.00000000000E+00 4.78014183829E+03 1.75791743321E+02 5.63269987805E+03 1.41277776079E+02 4.06149907136E+03 2.15710656520E+02 5.71630876623E+03 1.30793595422E+02 4.53430812982E+03 1.87430256384E+02 3.60521616364E+03 2.41804949122E+02 5.06555937456E+03 1.53963082527E+02 
4.00000000000E+00 4.50000000000E+00 5.00000000000E+00 4.58911327265E+03 1.24471082323E+02 5.20128406333E+03 1.01276301557E+02 3.94404306036E+03 1.48536070540E+02 5.23442707436E+03 9.31902069380E+01 4.46898608207E+03 1.35467391018E+02 3.74600868098E+03 1.73215461437E+02 4.67203952203E+03 1.08210306751E+02 
5.00000000000E+00 5.50000000000E+00 6.00000000000E+00 4.27190131899E+03 1.09001283991E+02 4.76751371723E+03 7.91448623385E+01 3.84339374064E+03 1.34005714866E+02 4.68053130034E+03 8.14771241342E+01 4.35319741229E+03 1.03630266971E+02 3.68308274284E+03 1.50930441847E+02 4.37704218368E+03 9.34370940294E+01 
6.00000000000E+00 6.50000000000E+00 7.00000000000E+00 4.14025650948E+03 6.85788549487E+01 4.39431273369E+03 5.56948665702E+01 3.87281823008E+03 8.21376053438E+01 4.35326954016E+03 5.13484870401E+01 4.11566509917E+03 7.35529227011E+01 3.82990309280E+03 9.44805264969E+01 4.12299557518E+03 5.92551338887E+01 
7.00000000000E+00 7.50000000000E+00 8.00000000000E+00 3.69623009065E+03 6.92920504658E+01 3.88756418450E+03 5.67278433782E+01 3.50100495637E+03 8.35174501325E+01 3.84499580475E+03 5.16955847357E+01 3.70014498342E+03 7.54648998618E+01 3.48727273613E+03 9.61776582459E+01 3.68563346947E+03 6.08608748426E+01 
8.00000000000E+00 8.50000000000E+00 9.00000000000E+00 3.31450244962E+03 5.49532351475E+01 3.48217563833E+03 5.21554952542E+01 3.18972521201E+03 7.09311790426E+01 3.41059447063E+03 4.15931715059E+01 3.32059806790E+03 6.94635470901E+01 3.13838757417E+03 7.66434550289E+01 3.30334431950E+03 5.12214396772E+01 
9.00000000000E+00 9.50000000000E+00 1.00000000000E+01 3.09778159728E+03 5.24061528476E+01 3.20155946124E+03 4.35304483171E+01 3.03092738577E+03 6.61183175638E+01 3.14959900487E+03 3.92104787971E+01 3.11938665217E+03 5.81881456956E+01 3.00041392153E+03 7.20792323312E+01 3.05183579181E+03 4.75559360793E+01 
1.00000000000E+01 1.05000000000E+01 1.10000000000E+01 2.71279945844E+03 4.72742988293E+01 2.82750188263E+03 3.91982001381E+01 2.56072254890E+03 5.97153321530E+01 2.75191867003E+03 3.56403006089E+01 2.75409219928E+03 5.22828843121E+01 2.61458944011E+03 6.56129821911E+01 2.64609510937E+03 4.36505062894E+01 
1.10000000000E+01 1.15000000000E+01 1.20000000000E+01 2.39199116603E+03 4.14249190856E+01 2.50912972907E+03 3.26165895721E+01 2.33619920237E+03 5.12738150505E+01 2.43922023958E+03 3.12152506419E+01 2.44974266812E+03 4.34214789781E+01 2.28946063338E+03 5.76529902597E+01 2.40715867775E+03 3.61405761005E+01 
1.20000000000E+01 1.25000000000E+01 1.30000000000E+01 2.34399972902E+03 3.55732337733E+01 2.39398807391E+03 2.81686713636E+01 2.30269490648E+03 4.45965154480E+01 2.33817840552E+03 2.64164744934E+01 2.37798759871E+03 3.73879227744E+01 2.32928026002E+03 4.95673740903E+01 2.29349221361E+03 3.22358387047E+01 
1.30000000000E+01 1.35000000000E+01 1.40000000000E+01 2.09945004478E+03 3.68069295323E+01 2.11067399367E+03 3.07248755482E+01 2.08313332754E+03 4.45586174256E+01 2.08347635082E+03 2.86920497838E+01 2.08722868140E+03 4.10838586072E+01 2.06667848311E+03 5.08575986810E+01 2.07083054960E+03 3.12367083868E+01 
1.40000000000E+01 1.45000000000E+01 1.50000000000E+01 1.92094779395E+03 3.30830600343E+01 1.94867431968E+03 2.63750647315E+01 1.87678591924E+03 4.26005744210E+01 1.90413715387E+03 2.40936954579E+01 1.92855074507E+03 3.51646472356E+01 1.91210887609E+03 4.65515404573E+01 1.86802576066E+03 2.94508490630E+01 
1.50000000000E+01 1.55000000000E+01 1.60000000000E+01 1.77000084028E+03 3.02013697137E+01 1.78484810293E+03 2.49553431145E+01 1.72406193326E+03 3.88357030153E+01 1.75706380036E+03 2.23187920549E+01 1.77477834254E+03 3.30097548680E+01 1.76714584387E+03 4.17911495511E+01 1.72260219818E+03 2.81721431935E+01 
1.60000000000E+01 1.65000000000E+01 1.70000000000E+01 1.63483681723E+03 2.84465290432E+01 1.63764197810E+03 2.31616442250E+01 1.61929574624E+03 3.36893389754E+01 1.62314867282E+03 2.14147140387E+01 1.64133686330E+03 3.05588964686E+01 1.62219463036E+03 3.92877265127E+01 1.60846884708E+03 2.43717126868E+01 
1.70000000000E+01 1.75000000000E+01 1.80000000000E+01 1.57628350009E+03 2.69303169701E+01 1.58665633029E+03 2.18624627782E+01 1.57162814595E+03 3.47301358491E+01 1.54081224830E+03 2.01883259113E+01 1.61834477272E+03 2.90482932496E+01 1.61046057446E+03 3.74648389805E+01 1.53154710824E+03 2.50032578984E+01 
1.80000000000E+01 1.85000000000E+01 1.90000000000E+01 1.40930658502E+03 2.55216537545E+01 1.42575101850E+03 2.07307460618E+01 1.37838165252E+03 3.03148923328E+01 1.39610549355E+03 1.94095676730E+01 1.41049235341E+03 2.58264842029E+01 1.40916071481E+03 3.54141248641E+01 1.36724243921E+03 2.14480671044E+01 
1.90000000000E+01 1.95000000000E+01 2.00000000000E+01 1.36183229238E+03 2.34784472410E+01 1.36130880592E+03 1.87021707503E+01 1.37813532482E+03 2.96177891158E+01 1.32760239736E+03 1.77568057552E+01 1.38659125893E+03 2.50286343427E+01 1.38291629841E+03 3.23947222425E+01 1.34279022010E+03 2.13722797979E+01 
2.00000000000E+01 2.05000000000E+01 2.10000000000E+01 1.16884921781E+03 1.98293530016E+01 1.17941292775E+03 1.68034088636E+01 1.13686836122E+03 2.72681848543E+01 1.16020187615E+03 1.48866352510E+01 1.17456395105E+03 2.22319094167E+01 1.15361208268E+03 2.78129191906E+01 1.13911940756E+03 1.96534075785E+01 
2.10000000000E+01 2.15000000000E+01 2.20000000000E+01 1.14595359276E+03 1.97825942485E+01 1.15525556643E+03 1.56026286485E+01 1.13174456846E+03 2.47936292152E+01 1.12379153789E+03 1.48962746616E+01 1.17528358903E+03 2.06981002749E+01 1.15553499515E+03 2.73549960160E+01 1.12032158019E+03 1.77027422177E+01 
2.20000000000E+01 2.25000000000E+01 2.30000000000E+01 1.07595267625E+03 1.85873430122E+01 1.07727135502E+03 1.53176923961E+01 1.05696741874E+03 2.37784282648E+01 1.05414826238E+03 1.38192416217E+01 1.09463382907E+03 2.03801858772E+01 1.09206051942E+03 2.56894799532E+01 1.04187934144E+03 1.71482294442E+01 
2.30000000000E+01 2.35000000000E+01 2.40000000000E+01 9.97029473981E+02 1.74081602186E+01 1.00532517665E+03 1.37414301300E+01 1.00174756662E+03 2.25490933629E+01 9.72493588563E+02 1.26836771691E+01 1.02952021207E+03 1.89629369138E+01 1.00943269238E+03 2.40309989421E+01 9.78337807546E+02 1.55938271173E+01 
2.40000000000E+01 2.45000000000E+01 2.50000000000E+01 9.16225602983E+02 1.60054120920E+01 9.15559343635E+02 1.26399628417E+01 9.09339638475E+02 2.07283714831E+01 9.03102437771E+02 1.21189153719E+01 9.21571517046E+02 1.66360375049E+01 9.15616524299E+02 2.20006905443E+01 8.99777537759E+02 1.50890925929E+01 
2.50000000000E+01 2.55000000000E+01 2.60000000000E+01 8.72513173321E+02 1.56458023185E+01 8.62566582852E+02 1.20280084974E+01 8.87901394944E+02 1.97780966575E+01 8.51732597906E+02 1.07811241537E+01 8.73272685348E+02 1.62994277217E+01 8.77522427845E+02 2.16000324958E+01 8.67601142803E+02 1.41421475643E+01 
2.60000000000E+01 2.65000000000E+01 2.70000000000E+01 8.37266549583E+02 1.40638569404E+01 8.25295985412E+02 1.21936292839E+01 8.29118996344E+02 1.87360131789E+01 8.12086583897E+02 1.07773367142E+01 8.42463764527E+02 1.61884812859E+01 8.55568749290E+02 1.94266094474E+01 8.12908219475E+02 1.36235486727E+01 
2.70000000000E+01 2.75000000000E+01 2.80000000000E+01 7.69155939097E+02 1.33277290442E+01 7.74644605106E+02 1.05034945980E+01 7.68768926871E+02 1.82556171675E+01 7.57514667835E+02 1.03557431172E+01 7.83783317041E+02 1.39047488821E+01 7.80993662789E+02 1.83484962872E+01 7.56570763696E+02 1.33123694578E+01 
2.80000000000E+01 2.85000000000E+01 2.90000000000E+01 7.16256747741E+02 1.41524642502E+01 7.18838008518E+02 1.14216928234E+01 7.09787314589E+02 1.71854315163E+01 7.04927024390E+02 1.06989326360E+01 7.31738413754E+02 1.51016543513E+01 7.15148303618E+02 1.90039697825E+01 6.99002087387E+02 1.24344227431E+01 
2.90000000000E+01 2.95000000000E+01 3.00000000000E+01 6.68962415257E+02 1.31336225389E+01 6.74803247537E+02 1.03600853532E+01 6.61018068329E+02 1.63650803615E+01 6.58593351070E+02 9.65510914042E+00 6.81382669713E+02 1.36953510310E+01 6.69009068978E+02 1.81445514503E+01 6.53757529245E+02 1.23849236756E+01 
3.00000000000E+01 3.05000000000E+01 3.10000000000E+01 6.55435328031E+02 1.16116441804E+01 6.45574049303E+02 9.25892359809E+00 6.48680488294E+02 1.61355084432E+01 6.39367018778E+02 8.73184316537E+00 6.53632637716E+02 1.22161656590E+01 6.67268626215E+02 1.60231268919E+01 6.30734897344E+02 1.16452510284E+01 
3.10000000000E+01 3.15000000000E+01 3.20000000000E+01 6.16564503000E+02 1.17598273702E+01 6.04334117809E+02 9.35285282075E+00 6.13588442706E+02 1.51311515059E+01 6.03906245210E+02 8.81632196476E+00 6.12574554069E+02 1.23626873876E+01 6.24295048625E+02 1.62814212204E+01 6.03601773113E+02 1.09742639859E+01 
3.20000000000E+01 3.25000000000E+01 3.30000000000E+01 5.92170481568E+02 1.18161964811E+01 5.90133024325E+02 9.17575701873E+00 5.88940349665E+02 1.43145210692E+01 5.75878567271E+02 8.74237797275E+00 5.97776760376E+02 1.18934653593E+01 6.00929425359E+02 1.62744139123E+01 5.80407059112E+02 1.09193842354E+01 
3.30000000000E+01 3.35000000000E+01 3.40000000000E+01 5.33527706610E+02 1.00868850564E+01 5.38056808020E+02 8.08018278227E+00 5.56526695206E+02 1.34274190367E+01 5.26023601074E+02 7.59626014829E+00 5.45870733128E+02 1.06853254196E+01 5.42256699524E+02 1.43671556575E+01 5.45847191030E+02 9.63126076596E+00 
3.40000000000E+01 3.45000000000E+01 3.50000000000E+01 5.28121647267E+02 1.00536523232E+01 5.13748299549E+02 8.22463992415E+00 5.23742579314E+02 1.31356199507E+01 5.06212046871E+02 7.81282295254E+00 5.23704894596E+02 1.09675568823E+01 5.31017346116E+02 1.36960685164E+01 5.15025941925E+02 9.67870606963E+00 
3.50000000000E+01 3.55000000000E+01 3.60000000000E+01 4.94656628960E+02 1.00964986320E+01 4.93171654524E+02 7.90558369617E+00 4.96950836469E+02 1.27914826864E+01 4.84284755155E+02 7.63659898694E+00 5.01030134381E+02 1.04068393532E+01 5.02502267474E+02 1.39446597295E+01 4.85882662810E+02 9.33950982828E+00 
3.60000000000E+01 3.65000000000E+01 3.70000000000E+01 4.82091312086E+02 9.45226471583E+00 4.70906204435E+02 7.57035373234E+00 4.88563930287E+02 1.16615425249E+01 4.65520843599E+02 7.05494329227E+00 4.80562879628E+02 9.99686999233E+00 4.95395454723E+02 1.29657137256E+01 4.74980994590E+02 8.41626057467E+00 
3.70000000000E+01 3.75000000000E+01 3.80000000000E+01 4.57175568242E+02 8.84956714879E+00 4.48897361013E+02 7.22496137346E+00 4.54247866444E+02 1.08792067921E+01 4.44228869160E+02 6.67870777326E+00 4.56412192887E+02 9.49604920374E+00 4.60491652485E+02 1.18981395136E+01 4.47972439905E+02 8.02943514929E+00 
3.80000000000E+01 3.85000000000E+01 3.90000000000E+01 4.25450944823E+02 8.51058306325E+00 4.23395464523E+02 6.69992337071E+00 4.34092411268E+02 1.08863147570E+01 4.13628639836E+02 6.40603258286E+00 4.32420041746E+02 8.79492883466E+00 4.32182682506E+02 1.18302202949E+01 4.23162403016E+02 8.04251777033E+00 
3.90000000000E+01 3.95000000000E+01 4.00000000000E+01 4.08792066891E+02 8.69301295517E+00 4.00497717429E+02 6.76360683020E+00 4.07023639011E+02 1.10466438308E+01 3.93990313247E+02 6.55705952772E+00 4.11441846121E+02 9.03213085185E+00 4.16167779365E+02 1.19217826157E+01 3.96096967853E+02 7.99831314766E+00 
4.00000000000E+01 4.05000000000E+01 4.10000000000E+01 4.03227009894E+02 7.99185209615E+00 4.01164118136E+02 6.44587644111E+00 4.07971934286E+02 1.03289415115E+01 3.88689476350E+02 6.01722139168E+00 4.14254382306E+02 8.50206678859E+00 4.16906991732E+02 1.10738016028E+01 3.92152531648E+02 7.53479616128E+00 
4.10000000000E+01 4.15000000000E+01 4.20000000000E+01 3.72097667643E+02 7.93428190819E+00 3.63321421017E+02 6.26606858747E+00 3.78277952175E+02 1.02135009500E+01 3.63030884770E+02 6.04177703309E+00 3.66380221117E+02 8.30167670330E+00 3.81583065838E+02 1.09828766295E+01 3.68257646886E+02 7.19585733121E+00 
4.20000000000E+01 4.25000000000E+01 4.30000000000E+01 3.42949769935E+02 7.47456389647E+00 3.38873707969E+02 5.83518972143E+00 3.37613596984E+02 9.84307278039E+00 3.34332212014E+02 5.71854018556E+00 3.43245034009E+02 7.69855814898E+00 3.43210457759E+02 1.02983388419E+01 3.36793057827E+02 7.19711640297E+00 
4.30000000000E+01 4.35000000000E+01 4.40000000000E+01 3.37222720172E+02 6.72654768285E+00 3.31606582924E+02 5.69701341033E+00 3.47104656098E+02 9.56965377037E+00 3.28219922397E+02 5.01583065151E+00 3.38396273660E+02 7.47865472002E+00 3.38865166641E+02 9.60557986916E+00 3.39957077216E+02 6.66378800338E+00 
4.40000000000E+01 4.45000000000E+01 4.50000000000E+01 3.25262143545E+02 7.32004247089E+00 3.17895685813E+02 5.92534819812E+00 3.24224361536E+02 9.49901931697E+00 3.15215685879E+02 5.55830920800E+00 3.27769018029E+02 7.67755698003E+00 3.33116465991E+02 1.00353126278E+01 3.16524039624E+02 6.93171683010E+00 
4.50000000000E+01 4.55000000000E+01 4.60000000000E+01 2.96327283150E+02 6.67169731606E+00 2.98621886329E+02 5.18542331134E+00 3.03551213445E+02 8.23414984466E+00 2.90325438819E+02 5.05234194354E+00 3.04413575196E+02 6.87388429206E+00 2.97445257410E+02 9.19169649585E+00 2.96891633405E+02 6.19049005427E+00 
4.60000000000E+01 4.65000000000E+01 4.70000000000E+01 2.87574538582E+02 6.16944215226E+00 2.85422941956E+02 4.74747740777E+00 2.91122466231E+02 7.82785559134E+00 2.81938711095E+02 4.63036812702E+00 2.89855867446E+02 6.38197112771E+00 2.89273371670E+02 8.51779447673E+00 2.85320060151E+02 5.62723604581E+00 
4.70000000000E+01 4.75000000000E+01 4.80000000000E+01 2.73959046956E+02 5.83762216699E+00 2.69799397066E+02 4.69756362508E+00 2.77490985267E+02 7.90771717860E+00 2.69410649570E+02 4.46755425344E+00 2.73734463506E+02 6.14057085378E+00 2.78238462087E+02 8.16887623918E+00 2.72252336737E+02 5.68651259281E+00 
4.80000000000E+01 4.85000000000E+01 4.90000000000E+01 2.69545564823E+02 5.69162938552E+00 2.64205079795E+02 4.71016091382E+00 2.70343918669E+02 7.81989535997E+00 2.61224102434E+02 4.35191534663E+00 2.69941826249E+02 6.28621537533E+00 2.75437722583E+02 7.92395812688E+00 2.63091224535E+02 5.47084095870E+00 
4.90000000000E+01 4.95000000000E+01 5.00000000000E+01 2.63992789920E+02 5.92001038327E+00 2.59013102360E+02 4.69565999837E+00 2.70168707961E+02 7.53652556771E+00 2.56784670134E+02 4.44920073704E+00 2.69498680222E+02 6.20693512150E+00 2.66326343260E+02 7.96277754230E+00 2.61879538793E+02 5.50118975973E+00 
5.00000000000E+01 5.05000000000E+01 5.10000000000E+01 2.38378167996E+02 5.39909024509E+00 2.38678242250E+02 4.52857716237E+00 2.34433825488E+02 6.98964164579E+00 2.33488262844E+02 4.09261436506E+00 2.43613865915E+02 5.79735559761E+00 2.36809260955E+02 7.33786378736E+00 2.32961407096E+02 5.07348125939E+00 
5.10000000000E+01 5.15000000000E+01 5.20000000000E+01 2.23747223265E+02 5.47322458155E+00 2.26148498466E+02 4.42460001021E+00 2.28481560930E+02 7.35338893786E+00 2.20148504747E+02 4.15729696935E+00 2.27836431833E+02 5.72615767998E+00 2.25203720016E+02 7.61450052635E+00 2.23772018673E+02 5.32832424318E+00 
5.20000000000E+01 5.25000000000E+01 5.30000000000E+01 2.26034190802E+02 5.21343609607E+00 2.22205291991E+02 4.11972729080E+00 2.31515309959E+02 7.04945538090E+00 2.21449064849E+02 3.85744100708E+00 2.27800324652E+02 5.31594575570E+00 2.28221927441E+02 7.10295233945E+00 2.25643655900E+02 5.06294927625E+00 
5.30000000000E+01 5.35000000000E+01 5.40000000000E+01 2.04859218107E+02 4.91430870630E+00 2.09559214939E+02 3.99288127969E+00 2.01636115368E+02 6.43419873236E+00 2.02694482978E+02 3.75888454326E+00 2.10360276258E+02 5.22872139260E+00 2.11726125337E+02 6.50627939841E+00 2.00972336080E+02 4.71947795568E+00 
5.40000000000E+01 5.45000000000E+01 5.50000000000E+01 2.10279296975E+02 4.88187895313E+00 2.05256747699E+02 3.72118301638E+00 2.13108296051E+02 6.27393783412E+00 2.04614720249E+02 3.69306876649E+00 2.09873280998E+02 4.88996487848E+00 2.17124514951E+02 6.77161441136E+00 2.06970923844E+02 4.51921982354E+00 
5.50000000000E+01 5.55000000000E+01 5.60000000000E+01 1.95611737920E+02 4.55679387503E+00 1.94340195343E+02 3.58521861817E+00 1.99368467352E+02 6.20440257251E+00 1.91496736025E+02 3.47587415676E+00 1.98536829766E+02 4.72651673454E+00 1.97836300838E+02 6.23267248866E+00 1.96001265160E+02 4.49922188861E+00 
5.60000000000E+01 5.65000000000E+01 5.70000000000E+01 1.83387117352E+02 4.36748059190E+00 1.82996491260E+02 3.56381048108E+00 1.80915663464E+02 5.93464327477E+00 1.79443818811E+02 3.34599435283E+00 1.85013733620E+02 4.71380422067E+00 1.84174132864E+02 6.00576223235E+00 1.81533886825E+02 4.30186950615E+00 
5.70000000000E+01 5.75000000000E+01 5.80000000000E+01 1.72426259187E+02 4.52605483038E+00 1.71631810458E+02 3.56353263345E+00 1.70479109108E+02 5.85744254209E+00 1.69309877622E+02 3.55196178810E+00 1.72439184626E+02 4.66265187996E+00 1.71603918426E+02 6.20288919367E+00 1.68729805468E+02 4.46471130342E+00 
5.80000000000E+01 5.85000000000E+01 5.90000000000E+01 1.79814380566E+02 4.39153473535E+00 1.76028026014E+02 3.39244528559E+00 1.83265679879E+02 5.67940091494E+00 1.74113263886E+02 3.31859103542E+00 1.79757697876E+02 4.46157867301E+00 1.82721441970E+02 6.13196438150E+00 1.78455356438E+02 4.04884860331E+00 
5.90000000000E+01 5.95000000000E+01 6.00000000000E+01 1.74117199482E+02 4.12834150864E+00 1.67206716801E+02 3.22470621527E+00 1.77872815063E+02 5.40663018363E+00 1.70059744917E+02 3.10518010814E+00 1.72814411407E+02 4.22346788241E+00 1.76549913198E+02 5.64290171742E+00 1.71663375266E+02 4.03348626664E+00 
6.00000000000E+01 6.05000000000E+01 6.10000000000E+01 1.62641968363E+02 3.81564538410E+00 1.60784616285E+02 3.06134399069E+00 1.62669265159E+02 5.03291123724E+00 1.57218892088E+02 2.96081518825E+00 1.65199167799E+02 4.04711109510E+00 1.64862308999E+02 5.18739219996E+00 1.58317191714E+02 3.74056739416E+00 
6.10000000000E+01 6.15000000000E+01 6.20000000000E+01 1.57795825955E+02 4.06192607836E+00 1.54899769123E+02 3.13878620307E+00 1.56768195820E+02 5.26304220372E+00 1.53510280973E+02 3.02273638806E+00 1.57601845847E+02 4.10993708168E+00 1.59423020150E+02 5.50721411897E+00 1.54985465901E+02 3.85684199587E+00 
6.20000000000E+01 6.25000000000E+01 6.30000000000E+01 1.48233485598E+02 3.73124242975E+00 1.46438652103E+02 2.88829891608E+00 1.45247595187E+02 4.77764552999E+00 1.42797056840E+02 2.75709512527E+00 1.49115939665E+02 3.80662647864E+00 1.48234248645E+02 5.03981763411E+00 1.44339974536E+02 3.48755515754E+00 
6.30000000000E+01 6.35000000000E+01 6.40000000000E+01 1.38466902897E+02 3.51040760798E+00 1.39125868896E+02 2.80600325455E+00 1.40457428700E+02 4.69284435835E+00 1.37009968109E+02 2.69203819957E+00 1.39157514332E+02 3.59645563583E+00 1.40328967855E+02 4.94491844142E+00 1.37682639384E+02 3.37659935102E+00 
6.40000000000E+01 6.45000000000E+01 6.50000000000E+01 1.37433317926E+02 3.47655995335E+00 1.33840367554E+02 2.77102819731E+00 1.38849719651E+02 4.58218425437E+00 1.33407916326E+02 2.64621126158E+00 1.36879908731E+02 3.57932161073E+00 1.39528033980E+02 4.80411609527E+00 1.37835919705E+02 3.27711255695E+00 
6.50000000000E+01 6.55000000000E+01 6.60000000000E+01 1.27470320623E+02 3.41498102619E+00 1.25561420490E+02 2.64421975163E+00 1.24458603082E+02 4.59975434928E+00 1.24125003587E+02 2.64138976855E+00 1.26597817905E+02 3.35397890085E+00 1.25140320151E+02 4.72399234190E+00 1.24768930157E+02 3.33448323383E+00 
6.60000000000E+01 6.65000000000E+01 6.70000000000E+01 1.25990225290E+02 3.48813333357E+00 1.23113042784E+02 2.77571891872E+00 1.27672673699E+02 4.67717737277E+00 1.24230955714E+02 2.67455052262E+00 1.25348729511E+02 3.64782053986E+00 1.27088131352E+02 4.80479352525E+00 1.25524524577E+02 3.36359223437E+00 
6.70000000000E+01 6.75000000000E+01 6.80000000000E+01 1.20648469357E+02 3.46622317215E+00 1.17030634336E+02 2.68073464801E+00 1.23622881069E+02 4.43366692561E+00 1.18343560918E+02 2.62414560902E+00 1.19322270767E+02 3.54364801912E+00 1.23731869490E+02 4.78206511091E+00 1.19464180761E+02 3.16987787339E+00 
6.80000000000E+01 6.85000000000E+01 6.90000000000E+01 1.16407337080E+02 2.97854426251E+00 1.12454701907E+02 2.46851354120E+00 1.18662666066E+02 4.24072410813E+00 1.13787395275E+02 2.26516354030E+00 1.14425519746E+02 3.23554721574E+00 1.17020763501E+02 4.11295306560E+00 1.15182369702E+02 3.08422444366E+00 
6.90000000000E+01 6.95000000000E+01 7.00000000000E+01 1.11092291644E+02 3.01828674652E+00 1.09665508310E+02 2.29884920568E+00 1.12220906235E+02 4.09496038516E+00 1.09288825339E+02 2.30639360584E+00 1.11748396251E+02 3.03565054554E+00 1.10990357157E+02 4.11690255070E+00 1.10536523414E+02 2.93268802413E+00 
7.00000000000E+01 7.05000000000E+01 7.10000000000E+01 1.07448178008E+02 2.92948638015E+00 1.06847604075E+02 2.36351983563E+00 1.04937442838E+02 4.03727788620E+00 1.05770960022E+02 2.22147762485E+00 1.09053122408E+02 3.07133934038E+00 1.08099890245E+02 4.00050527592E+00 1.05075007310E+02 2.93498111355E+00 
7.10000000000E+01 7.15000000000E+01 7.20000000000E+01 1.07724966242E+02 2.84115726991E+00 1.06303292111E+02 2.24699393789E+00 1.07021358474E+02 3.84574200690E+00 1.04981974826E+02 2.15196908358E+00 1.07184134338E+02 2.88888273655E+00 1.08472828792E+02 3.85872714554E+00 1.04731012436E+02 2.78275161740E+00 
7.20000000000E+01 7.25000000000E+01 7.30000000000E+01 1.00474605929E+02 2.97503186771E+00 1.01892302676E+02 2.26417972191E+00 1.02245775278E+02 3.82255274292E+00 9.88493295086E+01 2.27300371405E+00 1.04202906415E+02 2.91924705964E+00 1.00597735104E+02 4.02392177475E+00 1.00040038450E+02 2.77828056445E+00 
7.30000000000E+01 7.35000000000E+01 7.40000000000E+01 9.68443774283E+01 2.97716234741E+00 9.54856623407E+01 2.33657051361E+00 9.77041086425E+01 3.84981809776E+00 9.42000485781E+01 2.26681237443E+00 9.77880394130E+01 3.07300949982E+00 9.72925060958E+01 4.10754368565E+00 9.63923153384E+01 2.79764164124E+00 
7.40000000000E+01 7.45000000000E+01 7.50000000000E+01 9.92711650839E+01 2.67705701604E+00 9.52829823168E+01 2.16356497972E+00 9.79934390496E+01 3.84913782130E+00 9.53168510721E+01 2.05756274568E+00 9.95413161531E+01 2.81524561846E+00 1.00945676915E+02 3.68128494293E+00 9.76220228189E+01 2.72447353813E+00 
7.50000000000E+01 7.55000000000E+01 7.60000000000E+01 8.61448604790E+01 2.59563914054E+00 8.38703333367E+01 2.08740214744E+00 8.30440522162E+01 3.52915947542E+00 8.51791445376E+01 1.98602170879E+00 8.42078966318E+01 2.75345339501E+00 8.55380050752E+01 3.49863050586E+00 8.48925103628E+01 2.53566683124E+00 
7.60000000000E+01 7.65000000000E+01 7.70000000000E+01 8.75100721906E+01 2.50010012474E+00 8.76445943872E+01 1.98154122442E+00 8.99020564980E+01 3.06686031702E+00 8.63163158633E+01 1.91865858548E+00 8.95711270586E+01 2.58421852100E+00 9.07556280413E+01 3.38513801291E+00 8.79642943490E+01 2.21113746671E+00 
7.70000000000E+01 7.75000000000E+01 7.80000000000E+01 8.67008700413E+01 2.36441499195E+00 8.58625346078E+01 1.91210511436E+00 8.74447648529E+01 3.00892959915E+00 8.39298830297E+01 1.78165529278E+00 8.80232460830E+01 2.49775859631E+00 8.83966401967E+01 3.22526602424E+00 8.47113473716E+01 2.17002659878E+00 
7.80000000000E+01 7.85000000000E+01 7.90000000000E+01 7.93981878092E+01 2.31748188181E+00 7.95891129527E+01 1.84800421171E+00 8.04847017339E+01 3.15682171568E+00 7.84571334409E+01 1.77127228886E+00 8.13572015103E+01 2.47775480180E+00 8.05833100517E+01 3.37330523019E+00 7.97429351355E+01 2.34811427274E+00 
7.90000000000E+01 7.95000000000E+01 8.00000000000E+01 7.78327113025E+01 2.45544781790E+00 7.63302983884E+01 1.82016964299E+00 7.86065006140E+01 3.16819038372E+00 7.59149798845E+01 1.81556131451E+00 7.69214116655E+01 2.39247334293E+00 7.93172772236E+01 3.28222236786E+00 7.79496556609E+01 2.36899365732E+00 
8.00000000000E+01 8.05000000000E+01 8.10000000000E+01 7.56873113483E+01 2.48566188522E+00 7.51190790455E+01 1.85483844631E+00 7.21255715293E+01 3.12233477447E+00 7.38892640372E+01 1.87125719738E+00 7.62042347841E+01 2.44950900558E+00 7.55787896536E+01 3.40132448326E+00 7.29364762582E+01 2.24735421709E+00 
8.10000000000E+01 8.15000000000E+01 8.20000000000E+01 7.18867048524E+01 2.43681062153E+00 7.14318277804E+01 1.73404204840E+00 7.49467902759E+01 3.05566852497E+00 7.07433353920E+01 1.83605594675E+00 7.38364709153E+01 2.32566994174E+00 7.22408955248E+01 3.37534762097E+00 7.23927564225E+01 2.20028745449E+00 
8.20000000000E+01 8.25000000000E+01 8.30000000000E+01 6.89172622320E+01 2.19766947896E+00 6.74526851232E+01 1.73957465043E+00 6.81941427318E+01 2.82630714072E+00 6.88978781781E+01 1.67149776788E+00 6.73496090714E+01 2.22414509173E+00 6.93836445958E+01 3.14219507359E+00 6.79592818799E+01 2.05547941602E+00 
8.30000000000E+01 8.35000000000E+01 8.40000000000E+01 6.72354159177E+01 2.11852372611E+00 6.65795886633E+01 1.71251706131E+00 6.92384096008E+01 2.81002559601E+00 6.62937466276E+01 1.55657948440E+00 6.83124704743E+01 2.25266804780E+00 6.70404790953E+01 2.86194118182E+00 6.82638170235E+01 2.05943476704E+00 
8.40000000000E+01 8.45000000000E+01 8.50000000000E+01 6.69776653817E+01 2.03260008585E+00 6.64822337348E+01 1.57160128202E+00 6.94298447148E+01 2.73488794892E+00 6.50072271869E+01 1.54168334104E+00 6.83510514170E+01 2.07429987489E+00 6.87005622510E+01 2.79739700764E+00 6.69142423735E+01 1.99034814588E+00 
8.50000000000E+01 8.55000000000E+01 8.60000000000E+01 6.34543552414E+01 2.06318545978E+00 6.31694412115E+01 1.63109044491E+00 6.40835065757E+01 2.78817593628E+00 6.27204034628E+01 1.56858457681E+00 6.40297724845E+01 2.10618477596E+00 6.32670106586E+01 2.84792115656E+00 6.29300013770E+01 2.01216702528E+00 
8.60000000000E+01 8.65000000000E+01 8.70000000000E+01 6.61971090998E+01 2.00039271172E+00 6.27190515609E+01 1.52343676438E+00 6.58837106593E+01 2.40992541318E+00 6.31591889832E+01 1.54395266353E+00 6.58555082616E+01 2.00010612439E+00 6.62627658672E+01 2.58027001350E+00 6.56009397031E+01 1.97918374141E+00 
8.70000000000E+01 8.75000000000E+01 8.80000000000E+01 5.75090465575E+01 1.87317194258E+00 5.75349896013E+01 1.50832642056E+00 5.81334447806E+01 2.46533488648E+00 5.81391933942E+01 1.40861373864E+00 5.72380767314E+01 1.97383655060E+00 5.87527010127E+01 2.55773102238E+00 5.81321858315E+01 1.76254878774E+00 
8.80000000000E+01 8.85000000000E+01 8.90000000000E+01 5.68784872357E+01 1.79693534213E+00 5.69504577655E+01 1.44543056948E+00 5.82034043123E+01 2.44165146884E+00 5.55112812361E+01 1.35770283135E+00 5.75779247882E+01 1.88975088136E+00 5.66986633139E+01 2.44382259082E+00 5.82346031013E+01 1.74976770337E+00 
8.90000000000E+01 8.95000000000E+01 9.00000000000E+01 5.61160820483E+01 1.80013840141E+00 5.47274041535E+01 1.36011438788E+00 5.55080484685E+01 2.40872084949E+00 5.38454122561E+01 1.34476379059E+00 5.44313706114E+01 1.79402945999E+00 5.62892688179E+01 2.48404287409E+00 5.57318480919E+01 1.74898012534E+00 
9.00000000000E+01 9.05000000000E+01 9.10000000000E+01 5.37716436590E+01 1.75140228515E+00 5.33469644728E+01 1.37925067161E+00 5.52181913017E+01 2.44064457038E+00 5.31556087858E+01 1.33806060828E+00 5.42224239051E+01 1.79615068360E+00 5.41872002264E+01 2.42752015223E+00 5.46302107199E+01 1.73819197940E+00 
9.10000000000E+01 9.15000000000E+01 9.20000000000E+01 5.19240093859E+01 1.75160148965E+00 5.16395599633E+01 1.32196790350E+00 5.25582226181E+01 2.30230187997E+00 5.11837218615E+01 1.29417591960E+00 5.31520029729E+01 1.72219192498E+00 5.36503234827E+01 2.33344951983E+00 5.22643200311E+01 1.69703841641E+00 
9.20000000000E+01 9.25000000000E+01 9.30000000000E+01 5.16540398007E+01 1.61598693317E+00 5.00720331272E+01 1.32626370975E+00 5.49235815893E+01 2.22927127878E+00 5.03804317541E+01 1.28362120877E+00 5.14036683603E+01 1.74306389784E+00 5.37572082665E+01 2.25566450610E+00 5.26102471774E+01 1.57828079190E+00 
9.30000000000E+01 9.35000000000E+01 9.40000000000E+01 4.66451722847E+01 1.86953123992E+00 4.63915302742E+01 1.42137888741E+00 4.51473509768E+01 2.32246496253E+00 4.57989317050E+01 1.40311746091E+00 4.68864775569E+01 1.88540710384E+00 4.54447288202E+01 2.56673376620E+00 4.68223336383E+01 1.72843599146E+00 
9.40000000000E+01 9.45000000000E+01 9.50000000000E+01 4.90142956394E+01 1.61084839638E+00 4.83013058790E+01 1.23483038459E+00 4.92931232872E+01 2.12186514178E+00 4.72985337908E+01 1.18899112272E+00 4.86385536823E+01 1.62178774785E+00 5.07086898715E+01 2.21423724450E+00 4.82338830990E+01 1.54094767052E+00 
9.50000000000E+01 9.55000000000E+01 9.60000000000E+01 4.73612138636E+01 1.54132864564E+00 4.58427867215E+01 1.23185100836E+00 4.78578914260E+01 2.08383555041E+00 4.60219955877E+01 1.17349274186E+00 4.79486193046E+01 1.64132389055E+00 4.89485909969E+01 2.13450490926E+00 4.54323075880E+01 1.45263765558E+00 
9.60000000000E+01 9.65000000000E+01 9.70000000000E+01 4.11986254368E+01 1.54437118021E+00 4.09402533893E+01 1.16677730809E+00 3.95949635087E+01 2.06435268684E+00 4.10583522398E+01 1.18167862113E+00 4.12581105278E+01 1.56002799136E+00 4.05751664878E+01 2.13632184574E+00 4.06273432132E+01 1.43500244953E+00 
9.70000000000E+01 9.75000000000E+01 9.80000000000E+01 4.44765288202E+01 1.48918512097E+00 4.36217599963E+01 1.14406670831E+00 4.71540835132E+01 1.97135896946E+00 4.27661334286E+01 1.09827544204E+00 4.44919172243E+01 1.49311837074E+00 4.51088325654E+01 2.04599154447E+00 4.55584783878E+01 1.43306207013E+00 
9.80000000000E+01 9.85000000000E+01 9.90000000000E+01 3.95104468838E+01 1.41854332142E+00 3.93537020962E+01 1.15088326527E+00 3.77689298842E+01 2.13333783403E+00 3.91774710070E+01 1.07448410733E+00 3.88236019474E+01 1.46587481215E+00 3.83391675694E+01 2.00287479250E+00 3.85757125541E+01 1.54986492311E+00 
9.90000000000E+01 9.95000000000E+01 1.00000000000E+02 3.79745796386E+01 1.34126993351E+00 3.73032480881E+01 1.07727085318E+00 3.60918103704E+01 1.94532254415E+00 3.75628026878E+01 1.04291289265E+00 3.77050564127E+01 1.40675020847E+00 3.59544147775E+01 1.93067040031E+00 3.74546038458E+01 1.35028209225E+00 
#nx: 3
