#labels: ptz__-5p0__-4p0_lower[1] ptz__-5p0__-4p0_center[2] ptz__-5p0__-4p0_upper[3] tot_scale01[4] tot_scale01_Err[5] tot_scale02[6] tot_scale02_Err[7] tot_scale03[8] tot_scale03_Err[9] tot_scale04[10] tot_scale04_Err[11] tot_scale05[12] tot_scale05_Err[13] tot_scale06[14] tot_scale06_Err[15] tot_scale07[16] tot_scale07_Err[17]
#neval: 191947084129
#overflow:lower center upper 3.67611225606E+00 4.74615028911E-02 3.53694878945E+00 4.08663297448E-02 3.64402253254E+00 8.57772636959E-02 3.58466989044E+00 3.84854205223E-02 3.65121694639E+00 5.20489044322E-02 3.68252643288E+00 6.23162976425E-02 3.70840848034E+00 6.42394224419E-02 
0.00000000000E+00 5.00000000000E-01 1.00000000000E+00 0.00000000000E+00 0.00000000000E+00 0.00000000000E+00 0.00000000000E+00 0.00000000000E+00 0.00000000000E+00 0.00000000000E+00 0.00000000000E+00 0.00000000000E+00 0.00000000000E+00 0.00000000000E+00 0.00000000000E+00 0.00000000000E+00 0.00000000000E+00 
1.00000000000E+00 1.50000000000E+00 2.00000000000E+00 2.15428265484E+03 1.99572430432E+02 3.30465915058E+03 1.28072793209E+02 8.31898728340E+02 2.78546083698E+02 3.25444466373E+03 1.32235985429E+02 1.94753935695E+03 1.73707978136E+02 6.61084092723E+02 2.77197667307E+02 2.15150661711E+03 1.99505530473E+02 
2.00000000000E+00 2.50000000000E+00 3.00000000000E+00 2.99710896284E+03 1.17986860198E+02 3.47456223137E+03 8.89993761594E+01 2.48296874969E+03 1.39581385265E+02 3.37210853994E+03 8.76830414381E+01 3.05980111369E+03 1.19345522889E+02 2.47826682858E+03 1.41747624415E+02 2.95785821337E+03 1.00343660269E+02 
3.00000000000E+00 3.50000000000E+00 4.00000000000E+00 2.68573235095E+03 6.16702678451E+01 2.92032175746E+03 5.01618355861E+01 2.45934186006E+03 7.38931437468E+01 2.81101478159E+03 4.63978708577E+01 2.78703162654E+03 6.76772433680E+01 2.47053138721E+03 8.74664951309E+01 2.61391232119E+03 6.26858597779E+01 
4.00000000000E+00 4.50000000000E+00 5.00000000000E+00 2.24857959368E+03 5.22982241741E+01 2.36050126904E+03 3.86516194339E+01 2.15011759645E+03 8.07597718910E+01 2.29010777500E+03 3.92278480071E+01 2.31399176002E+03 5.16228112737E+01 2.16300858252E+03 7.23268553032E+01 2.21288901768E+03 5.80379484700E+01 
5.00000000000E+00 5.50000000000E+00 6.00000000000E+00 1.86297517653E+03 4.05029794577E+01 1.84525577566E+03 3.64883585914E+01 1.70465526769E+03 6.73030526882E+01 1.86428490962E+03 3.04216219764E+01 1.86860317913E+03 4.12673823122E+01 1.81128732545E+03 5.88757577724E+01 1.75029349856E+03 4.84693756625E+01 
6.00000000000E+00 6.50000000000E+00 7.00000000000E+00 1.59361002422E+03 3.69302422260E+01 1.61527057573E+03 2.85218463423E+01 1.55710484719E+03 4.64826080626E+01 1.57040457228E+03 2.78541705163E+01 1.62921261256E+03 3.78730526591E+01 1.61270121355E+03 5.50469437010E+01 1.55120695968E+03 3.35201005881E+01 
7.00000000000E+00 7.50000000000E+00 8.00000000000E+00 1.27704372943E+03 3.29064698267E+01 1.30287368172E+03 2.54342163354E+01 1.28138172267E+03 4.22018325649E+01 1.27030889860E+03 2.44179552253E+01 1.31302381799E+03 3.39167256034E+01 1.26466508394E+03 4.58214056852E+01 1.26655596289E+03 2.96175017080E+01 
8.00000000000E+00 8.50000000000E+00 9.00000000000E+00 1.11916821143E+03 2.98195441363E+01 1.12732301878E+03 2.31854263388E+01 1.10087213806E+03 3.87256686439E+01 1.09854059227E+03 2.18285802027E+01 1.14228989202E+03 3.08516433413E+01 1.12201094256E+03 4.12227737197E+01 1.10185815147E+03 2.88632868789E+01 
9.00000000000E+00 9.50000000000E+00 1.00000000000E+01 9.67669785118E+02 2.63503020386E+01 9.73788362414E+02 2.00652523913E+01 9.78916624209E+02 3.29862617721E+01 9.51448839030E+02 1.97144679680E+01 1.00593396783E+03 2.63905671588E+01 9.72948613277E+02 3.58841649860E+01 9.58616967960E+02 2.38971865176E+01 
1.00000000000E+01 1.05000000000E+01 1.10000000000E+01 8.97590952445E+02 2.12920624373E+01 8.74377758601E+02 1.57436151845E+01 9.42900420608E+02 3.58004946997E+01 8.59119352847E+02 1.58467835524E+01 9.14649258998E+02 2.10528481113E+01 9.31457469974E+02 2.94412115432E+01 8.95802785320E+02 2.57917390730E+01 
1.10000000000E+01 1.15000000000E+01 1.20000000000E+01 7.18194654668E+02 1.70452667361E+01 7.17077069229E+02 1.34662793080E+01 7.12537307913E+02 2.42272134174E+01 7.02629846375E+02 1.30464468177E+01 7.29001186703E+02 1.91365091339E+01 7.27763031667E+02 2.41900090041E+01 7.08112423205E+02 1.69910881763E+01 
1.20000000000E+01 1.25000000000E+01 1.30000000000E+01 6.05211571111E+02 1.88282237460E+01 6.16406616726E+02 1.36077939196E+01 5.96528930390E+02 2.60782557940E+01 5.97684163677E+02 1.42436964664E+01 6.27279514989E+02 1.81045231040E+01 6.01470685044E+02 2.61275650005E+01 6.00939480800E+02 1.64090565745E+01 
1.30000000000E+01 1.35000000000E+01 1.40000000000E+01 5.92623062475E+02 1.67435457780E+01 5.81967456100E+02 1.11341728367E+01 6.06764115691E+02 2.23970533863E+01 5.63794029282E+02 1.25172010085E+01 6.09756098265E+02 1.47426920522E+01 6.20083361967E+02 2.31212632874E+01 5.77116550582E+02 1.60755831534E+01 
1.40000000000E+01 1.45000000000E+01 1.50000000000E+01 4.88048355780E+02 1.42335315289E+01 4.82291688554E+02 1.07016727054E+01 4.94910984746E+02 1.94938067296E+01 4.72905987249E+02 1.07485750347E+01 4.93648745092E+02 1.40945632960E+01 4.95600526176E+02 1.96747743525E+01 4.84234363484E+02 1.44913833807E+01 
1.50000000000E+01 1.55000000000E+01 1.60000000000E+01 4.18445625711E+02 1.36568642487E+01 4.11642461764E+02 9.57025851227E+00 4.10523844751E+02 1.79785433548E+01 4.04615011502E+02 1.02100195999E+01 4.21610590515E+02 1.26668908777E+01 4.23990962135E+02 1.88292526716E+01 4.06390547446E+02 1.30432449830E+01 
1.60000000000E+01 1.65000000000E+01 1.70000000000E+01 4.07489890528E+02 1.20898938875E+01 3.96228300077E+02 8.67667488239E+00 4.29581051136E+02 1.70919762497E+01 3.91445821317E+02 9.65002304988E+00 4.12710252476E+02 1.15933395103E+01 4.22239795536E+02 1.67449925236E+01 4.10511114237E+02 1.22955248379E+01 
1.70000000000E+01 1.75000000000E+01 1.80000000000E+01 3.62402749592E+02 1.11908160328E+01 3.53041912153E+02 8.77524206078E+00 3.78005055773E+02 1.19792479366E+01 3.47670052445E+02 8.48490881419E+00 3.69320455027E+02 1.16276549285E+01 3.79430662303E+02 1.54250815318E+01 3.62679146163E+02 8.76057816172E+00 
1.80000000000E+01 1.85000000000E+01 1.90000000000E+01 3.13590824526E+02 1.04608035982E+01 3.09483422673E+02 7.87288955914E+00 3.25457399084E+02 1.44925294501E+01 3.03576884506E+02 7.91646069882E+00 3.10388923273E+02 9.40604879194E+00 3.24747585321E+02 1.45069698774E+01 3.15552663024E+02 1.04289872344E+01 
1.90000000000E+01 1.95000000000E+01 2.00000000000E+01 2.69514549869E+02 1.02282152644E+01 2.81992393903E+02 6.85351566993E+00 2.79746194244E+02 1.23686943102E+01 2.66165106475E+02 7.67012284798E+00 2.92484459300E+02 9.07747891196E+00 2.72138476741E+02 1.40212612321E+01 2.70749291418E+02 9.90002495018E+00 
2.00000000000E+01 2.05000000000E+01 2.10000000000E+01 2.65230535166E+02 8.60232859521E+00 2.55608869801E+02 5.77110563407E+00 2.78217176478E+02 1.20626368070E+01 2.54556316985E+02 6.55602914289E+00 2.66288716723E+02 7.59487334329E+00 2.75302018250E+02 1.19108969086E+01 2.66936680897E+02 8.70442114672E+00 
2.10000000000E+01 2.15000000000E+01 2.20000000000E+01 2.37052625929E+02 8.59787877160E+00 2.30443834186E+02 6.57268617092E+00 2.56383815368E+02 9.82679654911E+00 2.27114722483E+02 6.48099466198E+00 2.40364957461E+02 8.73713616761E+00 2.42768555496E+02 1.20736584750E+01 2.42795766451E+02 7.13585374803E+00 
2.20000000000E+01 2.25000000000E+01 2.30000000000E+01 2.27242393661E+02 6.39229210999E+00 2.12071556641E+02 6.01378407806E+00 2.29974583200E+02 9.52259098737E+00 2.16605019672E+02 4.86750750144E+00 2.20911187518E+02 8.02678938042E+00 2.37808436741E+02 7.94784703143E+00 2.19742594977E+02 6.86340275454E+00 
2.30000000000E+01 2.35000000000E+01 2.40000000000E+01 1.85241946805E+02 6.94763125549E+00 1.82614130193E+02 5.30980444660E+00 1.88698416040E+02 9.88108529446E+00 1.81488213527E+02 5.12858781582E+00 1.84820018525E+02 7.24225167846E+00 1.91263811843E+02 9.65190355542E+00 1.84328205994E+02 7.15303712822E+00 
2.40000000000E+01 2.45000000000E+01 2.50000000000E+01 1.79949687502E+02 6.58150519782E+00 1.72622066013E+02 4.91183632311E+00 1.84941975024E+02 8.96375366953E+00 1.71177329717E+02 4.98784152149E+00 1.80103601594E+02 6.51986129791E+00 1.86687682059E+02 9.08734494225E+00 1.76349603643E+02 6.35062541777E+00 
2.50000000000E+01 2.55000000000E+01 2.60000000000E+01 1.61820079252E+02 6.26520050266E+00 1.58616381564E+02 4.31398245711E+00 1.67820783663E+02 8.85922710610E+00 1.55222843118E+02 4.73357598682E+00 1.65211432192E+02 5.67462767839E+00 1.68682304567E+02 8.63949698937E+00 1.58897958782E+02 6.40375487313E+00 
2.60000000000E+01 2.65000000000E+01 2.70000000000E+01 1.47059945894E+02 5.82214676939E+00 1.43859420554E+02 4.28051648696E+00 1.57940741381E+02 8.08411653686E+00 1.40009875493E+02 4.40986530734E+00 1.50421509215E+02 5.61932821093E+00 1.54851818584E+02 7.96326676418E+00 1.49504835188E+02 5.87822014496E+00 
2.70000000000E+01 2.75000000000E+01 2.80000000000E+01 1.33466061998E+02 4.93868900122E+00 1.29490602300E+02 3.68689679462E+00 1.33595237513E+02 7.06094280859E+00 1.28378315447E+02 3.52690718000E+00 1.33428276379E+02 4.80366458080E+00 1.37326236451E+02 6.73309171349E+00 1.29700949970E+02 5.21397316465E+00 
2.80000000000E+01 2.85000000000E+01 2.90000000000E+01 1.16910860006E+02 4.96445173617E+00 1.19401583318E+02 2.99882688131E+00 1.10532798977E+02 7.31399080950E+00 1.11785581486E+02 3.68780194757E+00 1.16248913759E+02 4.62125867835E+00 1.18765405294E+02 6.84465719756E+00 1.09594615153E+02 5.34000533180E+00 
2.90000000000E+01 2.95000000000E+01 3.00000000000E+01 1.19408859626E+02 4.41682455941E+00 1.12620463616E+02 3.13532353883E+00 1.28775180994E+02 5.63012883484E+00 1.12062417663E+02 3.27967253765E+00 1.20199050973E+02 4.23942176578E+00 1.28279650807E+02 6.06851459121E+00 1.20263205668E+02 4.06310676695E+00 
3.00000000000E+01 3.05000000000E+01 3.10000000000E+01 1.05475778388E+02 3.77217876737E+00 1.03430051515E+02 2.54829026334E+00 1.03900276111E+02 6.07986329605E+00 1.00491592931E+02 2.86324736664E+00 1.08940035947E+02 3.33814778106E+00 1.09227708943E+02 5.12404989071E+00 1.01586799029E+02 4.41629932667E+00 
3.10000000000E+01 3.15000000000E+01 3.20000000000E+01 9.60393668163E+01 3.64418544132E+00 9.13651791943E+01 2.33811957456E+00 1.02615504821E+02 4.83835031773E+00 9.23201845424E+01 2.31165680855E+00 9.58066127558E+01 3.03847335461E+00 9.88575198380E+01 4.87994236769E+00 9.76994742389E+01 3.54195114777E+00 
3.20000000000E+01 3.25000000000E+01 3.30000000000E+01 8.92333877312E+01 3.58582713909E+00 8.62757258389E+01 2.64528308477E+00 9.36308150898E+01 4.76289102314E+00 8.51645455856E+01 2.71192755317E+00 9.08995746707E+01 3.49702849784E+00 9.32638908802E+01 4.90717058682E+00 8.96873136719E+01 3.49789928821E+00 
3.30000000000E+01 3.35000000000E+01 3.40000000000E+01 7.85310336136E+01 3.19662275487E+00 7.42999173284E+01 2.41926780629E+00 7.62563300706E+01 4.80736792174E+00 7.57899114471E+01 2.42319275581E+00 7.72420650108E+01 3.16060747229E+00 8.07074947352E+01 4.41245934792E+00 7.51626955159E+01 3.47239889853E+00 
3.40000000000E+01 3.45000000000E+01 3.50000000000E+01 7.92807008700E+01 3.02938829531E+00 7.36038694320E+01 2.15592366590E+00 7.92215877224E+01 3.76985848056E+00 7.38879851039E+01 2.25481799745E+00 7.84867686609E+01 3.18116860257E+00 8.36565063486E+01 4.10926198516E+00 7.60433553855E+01 2.76155261756E+00 
3.50000000000E+01 3.55000000000E+01 3.60000000000E+01 6.49250581105E+01 3.09996089504E+00 6.40639614004E+01 2.25294710945E+00 6.96313223152E+01 4.24628749080E+00 6.28008779661E+01 2.34443766908E+00 6.68108650240E+01 2.95140060471E+00 6.56328717876E+01 4.23418324149E+00 6.73235688177E+01 3.07870026678E+00 
3.60000000000E+01 3.65000000000E+01 3.70000000000E+01 6.53112267065E+01 2.94796297934E+00 6.00461179382E+01 2.15757665296E+00 6.40669720881E+01 3.91288947687E+00 6.23399672496E+01 2.25716005463E+00 6.32780980005E+01 2.84940478261E+00 6.92325870158E+01 4.04998904682E+00 6.20478247222E+01 2.84989370004E+00 
3.70000000000E+01 3.75000000000E+01 3.80000000000E+01 5.79554406459E+01 3.04802279585E+00 5.61261385162E+01 2.03383123112E+00 5.98994555473E+01 4.14849496815E+00 5.47494756491E+01 2.28032833304E+00 5.71185490594E+01 2.38515295253E+00 6.16710683025E+01 4.14813637136E+00 5.75957763657E+01 3.05972489277E+00 
3.80000000000E+01 3.85000000000E+01 3.90000000000E+01 5.06325794403E+01 2.56067786166E+00 4.91566788363E+01 1.89378199000E+00 5.17107749676E+01 3.61050656470E+00 4.91922330640E+01 1.94301644344E+00 5.05168185009E+01 2.50833957276E+00 5.14529248059E+01 3.54849011586E+00 5.02279548145E+01 2.60811585765E+00 
3.90000000000E+01 3.95000000000E+01 4.00000000000E+01 4.91354648185E+01 2.34298505811E+00 4.71706432672E+01 1.64788093549E+00 5.16396548421E+01 3.32496324119E+00 4.69320654507E+01 1.67076902827E+00 4.86115731320E+01 2.27214416671E+00 5.17511281884E+01 3.25800849131E+00 4.86596115796E+01 2.38611205098E+00 
4.00000000000E+01 4.05000000000E+01 4.10000000000E+01 4.31436410105E+01 2.11347884478E+00 4.15774059611E+01 1.55181591082E+00 4.47155425150E+01 2.95653162655E+00 4.14365170342E+01 1.60780934265E+00 4.30578645424E+01 2.04450387269E+00 4.49110324310E+01 2.87672996010E+00 4.36670550106E+01 2.15642144449E+00 
4.10000000000E+01 4.15000000000E+01 4.20000000000E+01 4.36928172105E+01 1.87640654308E+00 4.14039998533E+01 1.43345534609E+00 4.58750986084E+01 2.72457095255E+00 4.12474401028E+01 1.43797127103E+00 4.36261831472E+01 1.86843398618E+00 4.63931274312E+01 2.52911849427E+00 4.36090002066E+01 1.99201015645E+00 
4.20000000000E+01 4.25000000000E+01 4.30000000000E+01 3.92733579772E+01 1.72768343829E+00 3.71626424743E+01 1.34870989152E+00 3.98961424948E+01 2.42729424923E+00 3.71934022145E+01 1.32170063027E+00 3.91497447525E+01 1.75947423199E+00 4.14455855948E+01 2.34427047479E+00 3.85740657297E+01 1.78198771016E+00 
4.30000000000E+01 4.35000000000E+01 4.40000000000E+01 3.61826972935E+01 1.40403232592E+00 3.49758307725E+01 9.99870287395E-01 3.81103297460E+01 2.18705110905E+00 3.41640818693E+01 1.09066680625E+00 3.61121839055E+01 1.36417185083E+00 3.82685176545E+01 1.90818589241E+00 3.56897928163E+01 1.61753406430E+00 
4.40000000000E+01 4.45000000000E+01 4.50000000000E+01 3.16006966085E+01 1.53198245470E+00 2.95329898973E+01 1.22719003260E+00 3.43442507884E+01 2.27235765472E+00 3.02765131094E+01 1.17414944576E+00 3.05630758091E+01 1.61251750323E+00 3.18758553552E+01 2.05555581802E+00 3.25980457506E+01 1.63827296591E+00 
4.50000000000E+01 4.55000000000E+01 4.60000000000E+01 3.12473222589E+01 1.63796519621E+00 3.01927277560E+01 1.22054021605E+00 3.22702689752E+01 2.40316944522E+00 2.98633676455E+01 1.23814642993E+00 3.16553382513E+01 1.59665747809E+00 3.32263724094E+01 2.28274634763E+00 3.09340796388E+01 1.66399792244E+00 
4.60000000000E+01 4.65000000000E+01 4.70000000000E+01 2.81135033488E+01 1.39926147700E+00 2.75589477080E+01 8.05301137823E-01 2.83355419286E+01 2.02237738509E+00 2.67041756267E+01 1.04730229173E+00 2.93711890406E+01 1.04094445357E+00 3.10025752059E+01 1.41715079499E+00 2.74326948452E+01 1.47930019612E+00 
4.70000000000E+01 4.75000000000E+01 4.80000000000E+01 2.27260397201E+01 1.26999966248E+00 2.23956809370E+01 9.29877650382E-01 2.27496264681E+01 1.91143816848E+00 2.23124390162E+01 9.73924059818E-01 2.28518016961E+01 1.20246826691E+00 2.25614771112E+01 1.70917368824E+00 2.27867427064E+01 1.40310909062E+00 
4.80000000000E+01 4.85000000000E+01 4.90000000000E+01 2.04493969743E+01 1.22928838674E+00 2.06154880247E+01 8.46604920729E-01 2.08772519189E+01 1.77885573952E+00 2.00571848722E+01 9.41607729236E-01 2.10415620542E+01 1.08845184635E+00 2.05936349056E+01 1.67764773987E+00 2.11511304262E+01 1.30513375978E+00 
4.90000000000E+01 4.95000000000E+01 5.00000000000E+01 2.25643858507E+01 1.12392825418E+00 2.15108434945E+01 8.35507944498E-01 2.35612631491E+01 1.59156347634E+00 2.14791528924E+01 8.73425709018E-01 2.29123223669E+01 1.08895273383E+00 2.37039827473E+01 1.52849584135E+00 2.23820172957E+01 1.18865544406E+00 
5.00000000000E+01 5.05000000000E+01 5.10000000000E+01 1.93284478095E+01 1.08300488220E+00 1.89642813204E+01 7.89149700346E-01 2.01157756909E+01 1.36242274683E+00 1.88085167716E+01 8.27128266507E-01 1.91606669710E+01 1.02104547393E+00 1.95436296263E+01 1.48459490578E+00 1.98810984789E+01 1.02600663345E+00 
5.10000000000E+01 5.15000000000E+01 5.20000000000E+01 1.65726389055E+01 1.03184776640E+00 1.64447216398E+01 7.65160934806E-01 1.77105515477E+01 1.27614761607E+00 1.59284270429E+01 7.90686755192E-01 1.66288291866E+01 1.01842864147E+00 1.65294566863E+01 1.40528835582E+00 1.74190131577E+01 9.40296432339E-01 
5.20000000000E+01 5.25000000000E+01 5.30000000000E+01 1.60901212062E+01 9.08917999541E-01 1.60382418068E+01 5.22525224417E-01 1.69550758572E+01 1.28420873193E+00 1.52740477530E+01 6.96761241186E-01 1.68900495428E+01 8.26925105929E-01 1.68164542106E+01 1.23751864202E+00 1.63697228843E+01 9.37645388822E-01 
5.30000000000E+01 5.35000000000E+01 5.40000000000E+01 1.72645850179E+01 9.06263822547E-01 1.60682779758E+01 6.74972957766E-01 1.88354530959E+01 1.23371965145E+00 1.61646224677E+01 6.97366481093E-01 1.70842278378E+01 8.77288161784E-01 1.85497024537E+01 1.22979149429E+00 1.74218900508E+01 9.08859229377E-01 
5.40000000000E+01 5.45000000000E+01 5.50000000000E+01 1.39708620596E+01 6.80377361691E-01 1.30600156504E+01 5.94775404010E-01 1.29568698987E+01 1.16513244690E+00 1.36673516651E+01 5.37161070444E-01 1.31752248466E+01 7.45771513721E-01 1.47718623501E+01 9.23681645208E-01 1.30721160086E+01 8.79942706223E-01 
5.50000000000E+01 5.55000000000E+01 5.60000000000E+01 1.44166658830E+01 7.85150522422E-01 1.39334925248E+01 5.82213750465E-01 1.62402060257E+01 1.18648412731E+00 1.37889415632E+01 5.99200355891E-01 1.44020041285E+01 7.42759348095E-01 1.48458903685E+01 1.05574545403E+00 1.51725253556E+01 8.84826116454E-01 
5.60000000000E+01 5.65000000000E+01 5.70000000000E+01 1.27500396923E+01 6.41368846051E-01 1.20546178139E+01 6.01676421447E-01 1.44078526637E+01 1.19543241351E+00 1.17266116898E+01 4.89261925676E-01 1.27257985238E+01 7.58926677650E-01 1.31678689187E+01 8.98176952496E-01 1.34425175135E+01 8.25728996566E-01 
5.70000000000E+01 5.75000000000E+01 5.80000000000E+01 1.22127079306E+01 6.93820116558E-01 1.15234684508E+01 4.24231755156E-01 1.23747970577E+01 1.02638569033E+00 1.15935579623E+01 5.39621676605E-01 1.22226105180E+01 5.38153615110E-01 1.25450484744E+01 9.37997818459E-01 1.19737023078E+01 7.37162072060E-01 
5.80000000000E+01 5.85000000000E+01 5.90000000000E+01 1.06615801043E+01 6.19647503969E-01 9.79784370041E+00 4.67609103817E-01 1.10468163715E+01 8.99483849456E-01 1.02071187536E+01 4.87102769902E-01 1.02167859873E+01 6.17600773869E-01 1.09146948445E+01 8.00218176104E-01 1.06195649404E+01 6.55748338052E-01 
5.90000000000E+01 5.95000000000E+01 6.00000000000E+01 8.26405536181E+00 6.16712855414E-01 8.53843956438E+00 4.79597390491E-01 8.02815585074E+00 9.14543938524E-01 8.23558698694E+00 4.85790091003E-01 8.70399680496E+00 6.09112959419E-01 8.16471577473E+00 8.52726501467E-01 8.15077384572E+00 6.75713591765E-01 
6.00000000000E+01 6.05000000000E+01 6.10000000000E+01 9.49845161736E+00 6.56061024155E-01 8.59316377933E+00 4.43010052647E-01 1.05528829437E+01 9.66622521041E-01 9.12305150045E+00 4.85381816604E-01 8.99084674761E+00 5.40597214603E-01 9.61820145791E+00 7.71907420809E-01 1.00257923752E+01 6.91624448187E-01 
6.10000000000E+01 6.15000000000E+01 6.20000000000E+01 8.56033991735E+00 5.88899619660E-01 8.19545651643E+00 4.28358072568E-01 8.79632769586E+00 8.44206246321E-01 8.02640768952E+00 4.54279699418E-01 8.69288675681E+00 5.58695891662E-01 8.87460251823E+00 7.98920492886E-01 8.68261373215E+00 5.90947277570E-01 
6.20000000000E+01 6.25000000000E+01 6.30000000000E+01 8.72109734290E+00 5.42442099628E-01 8.17516518020E+00 3.97724730252E-01 9.86572291993E+00 7.86211758816E-01 8.22708115670E+00 4.14095020898E-01 8.90700109241E+00 5.22785502521E-01 9.51194539241E+00 7.38370814141E-01 8.15867163516E+00 4.75338759198E-01 
6.30000000000E+01 6.35000000000E+01 6.40000000000E+01 5.75911496470E+00 4.81626149780E-01 5.80501633214E+00 3.71099144579E-01 5.99690431086E+00 5.47387518662E-01 5.81513137573E+00 3.72129416296E-01 5.83535623134E+00 4.77830619767E-01 5.46244288309E+00 6.43689550457E-01 7.11702985999E+00 3.84252046285E-01 
6.40000000000E+01 6.45000000000E+01 6.50000000000E+01 6.89222081853E+00 4.05707149720E-01 6.59437701592E+00 2.71286502668E-01 7.33344650475E+00 4.90205566638E-01 6.61280052469E+00 3.21350863094E-01 7.53775454051E+00 4.40098075196E-01 7.48958630358E+00 5.39225983998E-01 7.00956416900E+00 3.68127611080E-01 
6.50000000000E+01 6.55000000000E+01 6.60000000000E+01 5.25580310451E+00 4.22334785415E-01 5.77236988428E+00 2.29692936445E-01 6.43295323892E+00 4.62926772063E-01 5.22644230125E+00 3.20761870888E-01 6.21542249828E+00 3.06122792524E-01 5.10653888653E+00 5.70969879540E-01 6.17360211332E+00 3.38308629152E-01 
6.60000000000E+01 6.65000000000E+01 6.70000000000E+01 5.61082353799E+00 3.90720205223E-01 5.49353586040E+00 2.56170291878E-01 5.62304247481E+00 5.57368615684E-01 5.39608028980E+00 3.04254191218E-01 5.83066616222E+00 3.18066916828E-01 5.76796514620E+00 5.27123504501E-01 5.73617485402E+00 4.25684569043E-01 
6.70000000000E+01 6.75000000000E+01 6.80000000000E+01 4.64221857370E+00 3.51770360085E-01 4.56123743492E+00 2.57247418475E-01 4.57731159543E+00 5.48965350159E-01 4.53396073538E+00 2.73809375032E-01 4.72893812185E+00 3.34706539223E-01 4.33883472106E+00 5.01035220890E-01 4.53648321025E+00 3.73160700637E-01 
6.80000000000E+01 6.85000000000E+01 6.90000000000E+01 4.48262204280E+00 3.42393666519E-01 4.45889404319E+00 2.49296552533E-01 4.51418302593E+00 5.10540775890E-01 4.41149977310E+00 2.65484683941E-01 4.50479261842E+00 3.16837951794E-01 4.60754005195E+00 4.67625308657E-01 4.50067265058E+00 3.76886362543E-01 
6.90000000000E+01 6.95000000000E+01 7.00000000000E+01 4.71865440767E+00 3.23741063153E-01 4.28697567274E+00 2.42395219513E-01 4.76910722444E+00 4.53641278935E-01 4.43228624720E+00 2.52104332041E-01 4.50370595211E+00 3.08254184857E-01 4.87406700670E+00 4.26630292744E-01 4.71359664029E+00 3.46373923727E-01 
7.00000000000E+01 7.05000000000E+01 7.10000000000E+01 4.07387235295E+00 3.13500588348E-01 4.06647549611E+00 2.27184756553E-01 4.72076475486E+00 4.60063486328E-01 3.86219753530E+00 2.43821064113E-01 4.20120445915E+00 2.83404800292E-01 4.14955044991E+00 4.16486743213E-01 4.49386788330E+00 3.39750043251E-01 
7.10000000000E+01 7.15000000000E+01 7.20000000000E+01 3.61194465337E+00 2.73069221808E-01 3.38506926417E+00 2.03390017548E-01 3.43912939251E+00 3.99684001141E-01 3.49163778387E+00 2.12764443731E-01 3.61801054025E+00 2.58814263522E-01 3.66522252487E+00 3.61766294553E-01 3.39598885232E+00 2.91571760214E-01 
7.20000000000E+01 7.25000000000E+01 7.30000000000E+01 3.62994522857E+00 2.51968794789E-01 3.41389930806E+00 1.76308845404E-01 3.90518055426E+00 3.86387472421E-01 3.42397807077E+00 1.96374318598E-01 3.59867029171E+00 2.24199526387E-01 3.75805476232E+00 3.38691621470E-01 3.70282042991E+00 2.84420263329E-01 
7.30000000000E+01 7.35000000000E+01 7.40000000000E+01 2.92162769014E+00 2.75457746752E-01 2.81984880418E+00 1.88525525017E-01 3.27703509658E+00 3.67837364030E-01 2.92544870604E+00 2.08739176840E-01 2.83514450453E+00 2.42807227739E-01 3.01774999500E+00 3.56648097139E-01 2.94516214869E+00 2.95585826677E-01 
7.40000000000E+01 7.45000000000E+01 7.50000000000E+01 2.86860839124E+00 2.34569917138E-01 2.92215806936E+00 1.89515654263E-01 2.88926027840E+00 2.93076692406E-01 2.77728279252E+00 1.84888246873E-01 3.11010007707E+00 2.41535409355E-01 3.00929379832E+00 3.14129909439E-01 2.80619285110E+00 1.86294645619E-01 
7.50000000000E+01 7.55000000000E+01 7.60000000000E+01 2.68731341321E+00 2.54121761019E-01 2.62201344251E+00 1.70778957671E-01 2.59834631733E+00 3.15256508993E-01 2.50160117595E+00 1.88379559930E-01 2.77193382987E+00 2.16389640426E-01 2.79947028267E+00 3.46506214183E-01 2.58466728698E+00 2.39811943193E-01 
7.60000000000E+01 7.65000000000E+01 7.70000000000E+01 2.64469071478E+00 2.16262831859E-01 2.43257822509E+00 1.59256730961E-01 2.80494657805E+00 3.08510235476E-01 2.51102599416E+00 1.64602339835E-01 2.56828617923E+00 1.99675306604E-01 2.74459827200E+00 2.90205147917E-01 2.69943926818E+00 2.28037269356E-01 
7.70000000000E+01 7.75000000000E+01 7.80000000000E+01 2.28304317952E+00 1.79819351464E-01 2.25971075733E+00 1.46000405841E-01 2.33099675411E+00 3.12753223192E-01 2.26666105445E+00 1.42491136801E-01 2.36515455863E+00 1.96630186069E-01 2.29226823818E+00 2.37094469182E-01 2.34463196525E+00 2.30770758559E-01 
7.80000000000E+01 7.85000000000E+01 7.90000000000E+01 2.19403994957E+00 1.91482693804E-01 2.04164142196E+00 1.39150300675E-01 2.13181928900E+00 2.72283635007E-01 2.05639868591E+00 1.48215850592E-01 2.20379623744E+00 1.78112807626E-01 2.27615326774E+00 2.61064436312E-01 2.13128001801E+00 2.08129513516E-01 
7.90000000000E+01 7.95000000000E+01 8.00000000000E+01 2.06420727083E+00 1.67634283428E-01 1.94852751240E+00 1.00223037642E-01 2.18593413707E+00 2.50378012142E-01 1.96088411119E+00 1.29256127436E-01 2.07113265759E+00 1.19092065074E-01 1.99978724729E+00 2.04163806166E-01 2.08496488145E+00 1.83318270419E-01 
8.00000000000E+01 8.05000000000E+01 8.10000000000E+01 1.62060797959E+00 1.57058675364E-01 1.61865186833E+00 1.15016026270E-01 1.83552432720E+00 2.23474775226E-01 1.59061606744E+00 1.20750174629E-01 1.73490330763E+00 1.23285502587E-01 1.66873602653E+00 2.10050234894E-01 1.78076909789E+00 1.62874731632E-01 
8.10000000000E+01 8.15000000000E+01 8.20000000000E+01 1.93640895186E+00 1.56575765482E-01 1.78528379813E+00 1.18270351898E-01 2.29267997888E+00 2.08034655457E-01 1.87479141474E+00 1.25135341574E-01 2.00658297950E+00 1.53470744585E-01 2.17896366481E+00 2.18725140316E-01 2.10602429095E+00 1.54322940903E-01 
8.20000000000E+01 8.25000000000E+01 8.30000000000E+01 1.27959090738E+00 1.27118717891E-01 1.34427790393E+00 9.23116708224E-02 1.22110151263E+00 1.79875883172E-01 1.40319500803E+00 9.57028432397E-02 1.35218302289E+00 1.12432339335E-01 1.30866920239E+00 1.71257062434E-01 1.28094405242E+00 1.34425740652E-01 
8.30000000000E+01 8.35000000000E+01 8.40000000000E+01 1.25995790743E+00 1.22798794369E-01 1.25348424330E+00 8.67232681409E-02 1.23782871310E+00 1.70735171565E-01 1.25296941479E+00 9.60555951517E-02 1.27414122955E+00 1.10385456194E-01 1.30227172449E+00 1.60151991554E-01 1.23412020163E+00 1.25789058007E-01 
8.40000000000E+01 8.45000000000E+01 8.50000000000E+01 1.51976283947E+00 1.12737623161E-01 1.34644037978E+00 8.29860714817E-02 1.48704932474E+00 1.77127143403E-01 1.27864309119E+00 7.40238880411E-02 1.48309662435E+00 1.06712979800E-01 1.65409705359E+00 1.51958156292E-01 1.39922101080E+00 1.29460077750E-01 
8.50000000000E+01 8.55000000000E+01 8.60000000000E+01 1.13346132646E+00 1.15460022851E-01 1.09179467514E+00 8.18353913921E-02 1.17446589258E+00 1.70273851374E-01 1.13230936036E+00 8.94157734554E-02 1.12438541178E+00 1.04079548910E-01 1.14651008381E+00 1.59643527990E-01 1.20382070417E+00 1.22972033364E-01 
8.60000000000E+01 8.65000000000E+01 8.70000000000E+01 1.27856652380E+00 8.13507346596E-02 1.12150303309E+00 6.13885952317E-02 1.29760989896E+00 1.45831730702E-01 1.18081591789E+00 6.74079255918E-02 1.21987561950E+00 7.65715037348E-02 1.37966265090E+00 1.15174727726E-01 1.25969615455E+00 1.07300250571E-01 
8.70000000000E+01 8.75000000000E+01 8.80000000000E+01 9.08995355657E-01 9.73297277341E-02 8.60340660941E-01 6.85337174519E-02 8.32336691863E-01 1.34028804070E-01 8.75684928303E-01 7.13198492947E-02 8.71146163605E-01 8.65272613936E-02 8.59844625983E-01 1.30362084612E-01 8.81527458328E-01 1.04264414349E-01 
8.80000000000E+01 8.85000000000E+01 8.90000000000E+01 9.33932705569E-01 9.04915692723E-02 9.22530145919E-01 6.83200429278E-02 1.06391090504E+00 1.26769233546E-01 9.29358874974E-01 6.98562845702E-02 9.48228621883E-01 8.59110222506E-02 1.01268174544E+00 1.22400909261E-01 9.98669935790E-01 9.55890161172E-02 
8.90000000000E+01 8.95000000000E+01 9.00000000000E+01 7.48545232377E-01 7.79977198238E-02 7.22338915074E-01 5.86296416190E-02 8.09438673618E-01 8.30413966191E-02 7.13871229987E-01 6.23303645486E-02 7.67196061006E-01 7.36892604329E-02 7.75217674084E-01 1.01507205202E-01 8.22938059617E-01 6.46559517612E-02 
9.00000000000E+01 9.05000000000E+01 9.10000000000E+01 8.00161720993E-01 7.15134481691E-02 7.42607073219E-01 5.18721532716E-02 7.33681226676E-01 1.07618585262E-01 7.63381441603E-01 5.61267611035E-02 7.72744756427E-01 6.63768772542E-02 8.11221492598E-01 9.41083101612E-02 7.07326363970E-01 8.02158832081E-02 
9.10000000000E+01 9.15000000000E+01 9.20000000000E+01 6.93296466938E-01 7.09756414483E-02 6.45115113154E-01 5.40539259251E-02 6.98260175922E-01 1.04835516949E-01 6.69614786372E-01 5.59143336092E-02 6.70335600736E-01 6.84011873003E-02 6.95020813090E-01 9.44146982880E-02 6.74206625635E-01 7.70905680260E-02 
9.20000000000E+01 9.25000000000E+01 9.30000000000E+01 6.46575717888E-01 6.47210057851E-02 6.09822705409E-01 4.79788043798E-02 6.26998329301E-01 7.06376066215E-02 5.94033858980E-01 4.56712467270E-02 6.59085259757E-01 6.08595231707E-02 6.61052719243E-01 7.86441432345E-02 6.34984336800E-01 5.28562826545E-02 
9.30000000000E+01 9.35000000000E+01 9.40000000000E+01 5.63526644389E-01 6.73537689270E-02 5.38028160991E-01 4.81619072555E-02 5.96401409727E-01 7.56829420739E-02 5.45612458997E-01 5.15355347879E-02 5.38161850988E-01 5.96530409735E-02 5.38961048823E-01 9.00855323979E-02 6.05139123209E-01 5.73436714894E-02 
9.40000000000E+01 9.45000000000E+01 9.50000000000E+01 5.72162356333E-01 6.18753850304E-02 5.51744037284E-01 4.55193334188E-02 5.56772830759E-01 8.86877915640E-02 5.54700211268E-01 4.85756690616E-02 5.80872255991E-01 5.76234978195E-02 5.87681777679E-01 8.33451850198E-02 5.81437358644E-01 6.80382666548E-02 
9.50000000000E+01 9.55000000000E+01 9.60000000000E+01 5.64286429796E-01 5.98992872666E-02 4.84870311426E-01 3.64017415173E-02 6.25383653194E-01 9.26866034331E-02 5.10600172665E-01 4.93753772937E-02 5.11226669975E-01 4.99432159954E-02 5.69868851624E-01 5.91332400450E-02 5.77176283433E-01 6.84402641716E-02 
9.60000000000E+01 9.65000000000E+01 9.70000000000E+01 4.56787634261E-01 5.11146778520E-02 4.18860070606E-01 3.79258094484E-02 4.89894543610E-01 7.75266876749E-02 4.37533020344E-01 4.04469602043E-02 4.50705496560E-01 4.73404445758E-02 4.96144303496E-01 6.98737351545E-02 4.63121142573E-01 5.84839778646E-02 
9.70000000000E+01 9.75000000000E+01 9.80000000000E+01 4.88409600737E-01 4.96414311048E-02 4.74628803893E-01 4.00989814887E-02 4.52097115119E-01 5.96798193111E-02 4.69797216186E-01 4.02872347447E-02 4.92122088851E-01 5.00321747696E-02 4.87391101363E-01 6.74986280784E-02 4.86239269172E-01 5.61546104610E-02 
9.80000000000E+01 9.85000000000E+01 9.90000000000E+01 4.77636133000E-01 4.41862574870E-02 4.50047064003E-01 3.43366339671E-02 5.27844406587E-01 7.03465846026E-02 4.45259086803E-01 3.55993944727E-02 4.84180886152E-01 4.33311586184E-02 5.09906604006E-01 5.91500625822E-02 5.03793303662E-01 5.19962635066E-02 
9.90000000000E+01 9.95000000000E+01 1.00000000000E+02 3.25852620164E-01 4.13018104732E-02 3.03219117705E-01 3.07054706476E-02 3.53552007430E-01 6.14254334486E-02 3.05942178287E-01 3.24644238379E-02 3.15131253519E-01 3.74938056751E-02 3.57411682369E-01 5.35701599214E-02 3.50624440087E-01 4.63847304603E-02 
#nx: 3
