#labels: ptz__0__0p25_lower[1] ptz__0__0p25_center[2] ptz__0__0p25_upper[3] tot_scale01[4] tot_scale01_Err[5] tot_scale02[6] tot_scale02_Err[7] tot_scale03[8] tot_scale03_Err[9] tot_scale04[10] tot_scale04_Err[11] tot_scale05[12] tot_scale05_Err[13] tot_scale06[14] tot_scale06_Err[15] tot_scale07[16] tot_scale07_Err[17]
#neval: 191947084129
#overflow:lower center upper 1.49785851253E+03 7.74895717634E+00 1.48610761570E+03 5.50802076961E+00 1.48784456982E+03 1.04913069606E+01 1.47875707893E+03 5.75373478655E+00 1.50563787850E+03 7.38707862089E+00 1.49000973283E+03 1.07485931223E+01 1.49810247966E+03 7.50595011451E+00 
0.00000000000E+00 5.00000000000E-01 1.00000000000E+00 0.00000000000E+00 0.00000000000E+00 0.00000000000E+00 0.00000000000E+00 0.00000000000E+00 0.00000000000E+00 0.00000000000E+00 0.00000000000E+00 0.00000000000E+00 0.00000000000E+00 0.00000000000E+00 0.00000000000E+00 0.00000000000E+00 0.00000000000E+00 
1.00000000000E+00 1.50000000000E+00 2.00000000000E+00 -9.59189516700E+03 4.36160439326E+02 -7.44933290087E+03 3.70079154408E+02 -1.10779015749E+04 5.51866837556E+02 -5.23296756906E+03 3.26955317727E+02 -1.24762886714E+04 4.94998336731E+02 -1.40072181529E+04 6.04307314226E+02 -7.08811121854E+03 3.94429872984E+02 
2.00000000000E+00 2.50000000000E+00 3.00000000000E+00 2.12120587747E+03 2.42005972169E+02 3.60114137123E+03 1.90603002796E+02 9.33831731174E+02 3.02520953231E+02 4.12701717584E+03 1.78764844794E+02 1.25849605092E+03 2.56762122701E+02 -2.29763536443E+02 3.33696740737E+02 3.03810091419E+03 2.13094141319E+02 
3.00000000000E+00 3.50000000000E+00 4.00000000000E+00 4.55711811728E+03 1.70656369012E+02 5.43707456433E+03 1.41219368171E+02 3.73947334316E+03 2.14739151977E+02 5.60098621120E+03 1.27588637207E+02 4.22467138329E+03 1.88971788166E+02 3.25338456908E+03 2.37664220224E+02 4.89743474887E+03 1.50379923544E+02 
4.00000000000E+00 4.50000000000E+00 5.00000000000E+00 4.74809004855E+03 1.07233636279E+02 5.28170814747E+03 8.91183122094E+01 4.21374151654E+03 1.36568165436E+02 5.35206320530E+03 8.09942163438E+01 4.53797666276E+03 1.18885976078E+02 3.92505370413E+03 1.47418996704E+02 4.90072942478E+03 9.87842163900E+01 
5.00000000000E+00 5.50000000000E+00 6.00000000000E+00 4.26513736743E+03 9.64528355437E+01 4.68180826432E+03 8.16108069866E+01 3.95985438332E+03 1.35725149474E+02 4.68982301409E+03 7.25386066991E+01 4.15648524192E+03 1.09641308193E+02 3.64772257183E+03 1.33573869702E+02 4.41061021417E+03 9.74087209581E+01 
6.00000000000E+00 6.50000000000E+00 7.00000000000E+00 4.05636348499E+03 8.51014229326E+01 4.33265050783E+03 6.89335977609E+01 3.72526413276E+03 1.05764201272E+02 4.30625756350E+03 6.35346203093E+01 4.01706092678E+03 9.21931424824E+01 3.71177140035E+03 1.19627636689E+02 4.04564756124E+03 7.61635424322E+01 
7.00000000000E+00 7.50000000000E+00 8.00000000000E+00 3.81282647442E+03 7.87039470403E+01 4.00486610299E+03 6.37730515627E+01 3.65424169334E+03 8.93390203444E+01 3.96125073287E+03 5.88938056490E+01 3.80749554404E+03 8.54140100107E+01 3.57641544343E+03 1.09139633196E+02 3.79316648689E+03 6.43978036762E+01 
8.00000000000E+00 8.50000000000E+00 9.00000000000E+00 3.33335165191E+03 6.85738040168E+01 3.50790483198E+03 5.63447119892E+01 3.17943722014E+03 8.02370150459E+01 3.46560633545E+03 5.11077717034E+01 3.34620513470E+03 7.54198035800E+01 3.13599102238E+03 9.53159194028E+01 3.30788766373E+03 5.65162531054E+01 
9.00000000000E+00 9.50000000000E+00 1.00000000000E+01 3.13874708350E+03 5.58067375950E+01 3.22126896666E+03 4.66610693143E+01 3.01797738315E+03 6.45094894876E+01 3.18050877977E+03 4.19135156078E+01 3.12946442741E+03 6.21005474472E+01 3.05145835586E+03 7.86329965219E+01 3.07909471274E+03 4.64486385096E+01 
1.00000000000E+01 1.05000000000E+01 1.10000000000E+01 2.80866868913E+03 5.46597065592E+01 2.90720884189E+03 4.12803814659E+01 2.70784351878E+03 6.34142304757E+01 2.84684484261E+03 4.09388459997E+01 2.84855598367E+03 5.54063614955E+01 2.78129752611E+03 7.30833767119E+01 2.74812823370E+03 4.87612481929E+01 
1.10000000000E+01 1.15000000000E+01 1.20000000000E+01 2.45169144546E+03 4.25193362552E+01 2.52129172253E+03 3.45352938398E+01 2.35388316838E+03 5.43868032263E+01 2.48468842234E+03 3.17914822474E+01 2.43581248868E+03 4.62948935002E+01 2.36753919934E+03 5.55066535800E+01 2.41059029099E+03 3.92777542578E+01 
1.20000000000E+01 1.25000000000E+01 1.30000000000E+01 2.37196873564E+03 3.99538061584E+01 2.43847804304E+03 3.33752397663E+01 2.27466976794E+03 5.00433588267E+01 2.35973369904E+03 2.97504081012E+01 2.42882985271E+03 4.43349405148E+01 2.35079767347E+03 5.54592468778E+01 2.29410968021E+03 3.60762831813E+01 
1.30000000000E+01 1.35000000000E+01 1.40000000000E+01 2.15251933031E+03 3.41313606843E+01 2.18399685351E+03 2.96962870641E+01 2.08743728933E+03 4.37617487603E+01 2.14487225992E+03 2.57496486575E+01 2.18817422800E+03 3.88004958004E+01 2.11450524758E+03 4.77085627379E+01 2.09840338346E+03 3.17053269878E+01 
1.40000000000E+01 1.45000000000E+01 1.50000000000E+01 1.91711663798E+03 3.26063231316E+01 1.95769982916E+03 2.66596786961E+01 1.87369236119E+03 3.88922726861E+01 1.91946101596E+03 2.44602300193E+01 1.93810115666E+03 3.53177064468E+01 1.88032883382E+03 4.51501097989E+01 1.90400474827E+03 2.82062192447E+01 
1.50000000000E+01 1.55000000000E+01 1.60000000000E+01 1.81692343278E+03 3.03241801021E+01 1.82943424504E+03 2.50781801259E+01 1.76214456094E+03 3.78574768971E+01 1.80320968170E+03 2.27913141836E+01 1.83115183329E+03 3.33547160659E+01 1.82457179535E+03 4.23704923566E+01 1.75702012580E+03 2.68688261345E+01 
1.60000000000E+01 1.65000000000E+01 1.70000000000E+01 1.65884039515E+03 2.81433461831E+01 1.68015643273E+03 2.34335219057E+01 1.61063459984E+03 3.46110067990E+01 1.65270882863E+03 2.13661282539E+01 1.67182541340E+03 3.06673663175E+01 1.63891825173E+03 3.99393322800E+01 1.61947575896E+03 2.49430773795E+01 
1.70000000000E+01 1.75000000000E+01 1.80000000000E+01 1.53299658124E+03 2.51818627685E+01 1.54475197447E+03 2.02706583237E+01 1.50472890457E+03 3.19872072663E+01 1.52366699022E+03 1.87482717808E+01 1.54258011795E+03 2.71728788567E+01 1.52983615522E+03 3.43983628244E+01 1.49751952534E+03 2.27092843715E+01 
1.80000000000E+01 1.85000000000E+01 1.90000000000E+01 1.39871947474E+03 2.42915046186E+01 1.41628044929E+03 1.97033967533E+01 1.37837376525E+03 2.68486366512E+01 1.38721342152E+03 1.83911156844E+01 1.41367368579E+03 2.62512249139E+01 1.39498636583E+03 3.39708426261E+01 1.37185580693E+03 1.85137955387E+01 
1.90000000000E+01 1.95000000000E+01 2.00000000000E+01 1.28520443368E+03 2.29819749211E+01 1.30372740876E+03 1.90073975452E+01 1.27704567699E+03 2.91848676356E+01 1.27563337151E+03 1.76578178034E+01 1.30058497701E+03 2.55623728789E+01 1.26249288213E+03 3.29276299138E+01 1.27994188437E+03 2.13392621708E+01 
2.00000000000E+01 2.05000000000E+01 2.10000000000E+01 1.15447110766E+03 2.39489929594E+01 1.17756570061E+03 1.89780084138E+01 1.12095118400E+03 3.00694986392E+01 1.15582958059E+03 1.78758886926E+01 1.16266108008E+03 2.51723284469E+01 1.12890419108E+03 3.30689615686E+01 1.13334883531E+03 2.02946762893E+01 
2.10000000000E+01 2.15000000000E+01 2.20000000000E+01 1.19314948063E+03 2.04769814426E+01 1.19209807606E+03 1.53347031443E+01 1.18796096422E+03 2.42953808879E+01 1.16198235130E+03 1.53744535685E+01 1.21958912438E+03 2.01371277331E+01 1.20339207983E+03 2.84448653963E+01 1.16368214758E+03 1.75750079359E+01 
2.20000000000E+01 2.25000000000E+01 2.30000000000E+01 1.03869579433E+03 1.77450735807E+01 1.05793033631E+03 1.51203587962E+01 1.02355403833E+03 2.35293703525E+01 1.03101619651E+03 1.33948134492E+01 1.06331782511E+03 2.01095350545E+01 1.03310584646E+03 2.46628296393E+01 1.02118647658E+03 1.69436183089E+01 
2.30000000000E+01 2.35000000000E+01 2.40000000000E+01 1.01204230388E+03 1.90567563675E+01 1.01650160483E+03 1.53898405320E+01 1.00557349808E+03 2.36551091169E+01 9.90105448142E+02 1.43083184379E+01 1.03240763981E+03 2.05251429397E+01 1.02124967914E+03 2.64225458396E+01 9.87244321111E+02 1.70115506583E+01 
2.40000000000E+01 2.45000000000E+01 2.50000000000E+01 9.43165905226E+02 1.71899956072E+01 9.42505731495E+02 1.37851050286E+01 9.21290949102E+02 2.05963625994E+01 9.24438052990E+02 1.29411041252E+01 9.50938601789E+02 1.85643769300E+01 9.46481342450E+02 2.32357287029E+01 9.10046121569E+02 1.53809700249E+01 
2.50000000000E+01 2.55000000000E+01 2.60000000000E+01 8.60253018773E+02 1.52368188269E+01 8.76957646866E+02 1.20063269718E+01 8.54904881228E+02 1.97912715929E+01 8.56477304449E+02 1.14312382004E+01 8.83111009254E+02 1.59101997373E+01 8.59750340990E+02 2.11805023684E+01 8.62484089807E+02 1.36273470870E+01 
2.60000000000E+01 2.65000000000E+01 2.70000000000E+01 8.35361129613E+02 1.50074623173E+01 8.39225721674E+02 1.17589871202E+01 8.51849221240E+02 1.92639706349E+01 8.20616538958E+02 1.13017221574E+01 8.48045862453E+02 1.55764538903E+01 8.51213773283E+02 2.04054779733E+01 8.31732090143E+02 1.38719737677E+01 
2.70000000000E+01 2.75000000000E+01 2.80000000000E+01 7.94921017730E+02 1.44776054336E+01 7.86652872298E+02 1.17853501302E+01 7.84188845702E+02 1.83964859444E+01 7.73436379831E+02 1.08848577553E+01 8.00176228415E+02 1.56814597052E+01 8.08742675604E+02 2.02042627222E+01 7.71114581132E+02 1.30903190358E+01 
2.80000000000E+01 2.85000000000E+01 2.90000000000E+01 7.37873946175E+02 1.31479101566E+01 7.32738223119E+02 1.10773520606E+01 7.42514397548E+02 1.74416820973E+01 7.24363049866E+02 9.99203613307E+00 7.35980040197E+02 1.44482077335E+01 7.36480638945E+02 1.83176175257E+01 7.29943171728E+02 1.25724660921E+01 
2.90000000000E+01 2.95000000000E+01 3.00000000000E+01 7.14968910392E+02 1.26467136682E+01 6.97198678195E+02 1.04524137973E+01 7.01698753881E+02 1.63108054431E+01 6.94989734955E+02 9.60134337683E+00 7.09871627051E+02 1.38093878760E+01 7.31287062631E+02 1.75486476512E+01 6.94013938047E+02 1.18205835882E+01 
3.00000000000E+01 3.05000000000E+01 3.10000000000E+01 6.64983679777E+02 1.26412708306E+01 6.61907874740E+02 1.02398407201E+01 6.63061810459E+02 1.66653715247E+01 6.48823257909E+02 9.46926977826E+00 6.68716723593E+02 1.35272580905E+01 6.68126161625E+02 1.71827341262E+01 6.50503571316E+02 1.20251661338E+01 
3.10000000000E+01 3.15000000000E+01 3.20000000000E+01 6.08388497844E+02 1.13681628412E+01 6.19329120369E+02 9.01646002204E+00 6.26821183813E+02 1.46465532801E+01 6.08103225208E+02 8.31921578120E+00 6.15798507711E+02 1.21280433520E+01 6.16637761539E+02 1.56444321809E+01 6.12772672822E+02 1.08336145974E+01 
3.20000000000E+01 3.25000000000E+01 3.30000000000E+01 5.84697945720E+02 1.02771465812E+01 5.81166247915E+02 8.40922755493E+00 5.86803005841E+02 1.42593682359E+01 5.71701669124E+02 7.78138032166E+00 5.86136516128E+02 1.09870789669E+01 5.94086311292E+02 1.43083840961E+01 5.73104788634E+02 1.02836907144E+01 
3.30000000000E+01 3.35000000000E+01 3.40000000000E+01 5.60828175724E+02 1.06478684795E+01 5.60361082312E+02 8.67799190792E+00 5.62871592086E+02 1.39796495067E+01 5.49193338848E+02 8.08643457122E+00 5.72083897799E+02 1.13948394067E+01 5.68816592041E+02 1.47306998117E+01 5.51822125936E+02 1.01621483113E+01 
3.40000000000E+01 3.45000000000E+01 3.50000000000E+01 5.43560564730E+02 9.65843168163E+00 5.32305401474E+02 8.06376233563E+00 5.36892536716E+02 1.31300302713E+01 5.25334461006E+02 7.25921658307E+00 5.47020830979E+02 1.06456724323E+01 5.47479842215E+02 1.29967292578E+01 5.23083104359E+02 9.46159110930E+00 
3.50000000000E+01 3.55000000000E+01 3.60000000000E+01 5.09840240978E+02 9.45356086664E+00 5.09195531904E+02 7.76367643141E+00 5.01381995757E+02 1.29324716526E+01 4.98253287142E+02 7.17710438911E+00 5.22100908451E+02 1.03132198121E+01 5.16047454919E+02 1.31074319813E+01 4.91617954408E+02 9.33558130185E+00 
3.60000000000E+01 3.65000000000E+01 3.70000000000E+01 4.68689092593E+02 9.45091177379E+00 4.67640435904E+02 7.92638784715E+00 4.74018911603E+02 1.24736919768E+01 4.62600871441E+02 7.04521282308E+00 4.74663821093E+02 1.05030332210E+01 4.74688379875E+02 1.29408713340E+01 4.64888081869E+02 9.02560128368E+00 
3.70000000000E+01 3.75000000000E+01 3.80000000000E+01 4.46948847876E+02 8.89068748377E+00 4.46152633909E+02 7.05724090403E+00 4.49407220316E+02 1.22175859621E+01 4.37713383292E+02 6.69997450189E+00 4.54909381119E+02 9.33704879929E+00 4.52492833181E+02 1.23141816764E+01 4.40311002368E+02 8.74408453296E+00 
3.80000000000E+01 3.85000000000E+01 3.90000000000E+01 4.38991727032E+02 8.41940367894E+00 4.32918774484E+02 6.63833630047E+00 4.50846639337E+02 1.07883714643E+01 4.28847891754E+02 6.33489539039E+00 4.40697393787E+02 8.80202290556E+00 4.46517266310E+02 1.16175911014E+01 4.36628615003E+02 7.83012010287E+00 
3.90000000000E+01 3.95000000000E+01 4.00000000000E+01 4.18964119154E+02 8.67884965231E+00 4.07830479927E+02 6.99218187163E+00 4.20895984710E+02 1.10279977060E+01 4.07965448623E+02 6.54029414577E+00 4.15882298406E+02 9.20792141983E+00 4.28463939975E+02 1.22501176542E+01 4.10519316766E+02 7.99488342146E+00 
4.00000000000E+01 4.05000000000E+01 4.10000000000E+01 3.93986719901E+02 7.88312400023E+00 3.83263957206E+02 6.28068389074E+00 3.98375103027E+02 1.01643773735E+01 3.80785241068E+02 5.92248234019E+00 3.92128643622E+02 8.27855578207E+00 4.04580868395E+02 1.09023042515E+01 3.86136625850E+02 7.32892513245E+00 
4.10000000000E+01 4.15000000000E+01 4.20000000000E+01 3.89382177999E+02 7.63194549592E+00 3.83991203738E+02 6.14168325942E+00 3.87626800482E+02 1.00121339584E+01 3.75792253013E+02 5.78478625443E+00 3.92858662364E+02 8.07656165922E+00 4.00535543222E+02 1.04689344307E+01 3.75614663272E+02 7.37196937936E+00 
4.20000000000E+01 4.25000000000E+01 4.30000000000E+01 3.40526156216E+02 7.85199308392E+00 3.45864205686E+02 6.15743580391E+00 3.38596814397E+02 1.02237009500E+01 3.35470161054E+02 5.99996687024E+00 3.51050105754E+02 7.87268498271E+00 3.34710615958E+02 1.09697369958E+01 3.38115113307E+02 7.34105177643E+00 
4.30000000000E+01 4.35000000000E+01 4.40000000000E+01 3.50575439249E+02 7.18399991916E+00 3.46661454137E+02 5.76662083814E+00 3.48415669806E+02 9.54763920279E+00 3.40550997022E+02 5.41916842411E+00 3.54806397581E+02 7.55638369791E+00 3.57511140407E+02 9.91837189904E+00 3.39069645150E+02 6.88269778167E+00 
4.40000000000E+01 4.45000000000E+01 4.50000000000E+01 3.20601612955E+02 6.56243760029E+00 3.17713353382E+02 5.22786910451E+00 3.15338851804E+02 8.74565570117E+00 3.14347896957E+02 4.96676595830E+00 3.23143446779E+02 6.84335954181E+00 3.23490028484E+02 9.02130279543E+00 3.13577433399E+02 6.43449765936E+00 
4.50000000000E+01 4.55000000000E+01 4.60000000000E+01 3.08776689936E+02 6.80304004825E+00 3.01211654899E+02 5.20937730521E+00 3.04369894300E+02 8.35859021570E+00 3.03678085332E+02 5.08339416395E+00 3.03690346785E+02 6.80563514934E+00 3.12141401064E+02 9.33521001592E+00 3.01570177083E+02 6.05955042674E+00 
4.60000000000E+01 4.65000000000E+01 4.70000000000E+01 3.02472896050E+02 6.32407113760E+00 3.01779444808E+02 5.26346088615E+00 3.01010030948E+02 8.70330037801E+00 2.92404440065E+02 4.76893180339E+00 3.11960755822E+02 6.99212024079E+00 3.08241165181E+02 8.56479094991E+00 2.90680710570E+02 6.27892384527E+00 
4.70000000000E+01 4.75000000000E+01 4.80000000000E+01 2.75255491029E+02 5.87817970171E+00 2.74460684355E+02 4.84618760934E+00 2.71177301249E+02 8.00731969058E+00 2.70551025586E+02 4.48725769373E+00 2.75443005164E+02 6.36411891446E+00 2.77528160240E+02 8.00647831267E+00 2.71681301285E+02 5.77630276627E+00 
4.80000000000E+01 4.85000000000E+01 4.90000000000E+01 2.73265776255E+02 5.72442219852E+00 2.71944310878E+02 4.63217295276E+00 2.74599149659E+02 7.34995476511E+00 2.66437844346E+02 4.39482308943E+00 2.77294943887E+02 6.04982580184E+00 2.75504992947E+02 7.90095409012E+00 2.64586487895E+02 5.30144004662E+00 
4.90000000000E+01 4.95000000000E+01 5.00000000000E+01 2.65038067408E+02 5.53283667054E+00 2.61634181107E+02 4.24951010664E+00 2.68613582036E+02 7.22884640290E+00 2.57296813034E+02 4.22489682115E+00 2.66915817754E+02 5.63241668383E+00 2.69988768856E+02 7.62431626244E+00 2.58404561874E+02 5.24842070065E+00 
5.00000000000E+01 5.05000000000E+01 5.10000000000E+01 2.43435935479E+02 5.27382398499E+00 2.38851645248E+02 4.03226909573E+00 2.36616038115E+02 7.21316110794E+00 2.39041926031E+02 4.04131457017E+00 2.40179475337E+02 5.35088539156E+00 2.45504848215E+02 7.34150749150E+00 2.35869715887E+02 5.19227054861E+00 
5.10000000000E+01 5.15000000000E+01 5.20000000000E+01 2.26523918158E+02 5.51814082439E+00 2.28511745836E+02 4.36821855533E+00 2.30257811012E+02 7.30738476167E+00 2.24355355907E+02 4.17169099778E+00 2.30649260362E+02 5.66697509643E+00 2.30299661723E+02 7.66483852078E+00 2.25419548276E+02 5.28504817404E+00 
5.20000000000E+01 5.25000000000E+01 5.30000000000E+01 2.31846405180E+02 5.22233771807E+00 2.29465803820E+02 4.20272731688E+00 2.29715052416E+02 6.81987972615E+00 2.25794756362E+02 3.94376254659E+00 2.35190779671E+02 5.54140256919E+00 2.36065271643E+02 7.20517827905E+00 2.27176734860E+02 4.86962871215E+00 
5.30000000000E+01 5.35000000000E+01 5.40000000000E+01 2.16820540142E+02 4.81360228097E+00 2.11648704193E+02 4.00928859015E+00 2.18020567780E+02 6.45672629522E+00 2.11397535017E+02 3.64907305658E+00 2.14637158776E+02 5.22099367762E+00 2.18113339259E+02 6.64943042559E+00 2.13965078878E+02 4.65345070749E+00 
5.40000000000E+01 5.45000000000E+01 5.50000000000E+01 2.08126509512E+02 4.61673829834E+00 2.08890272276E+02 3.47945104307E+00 2.09175942105E+02 6.07128711209E+00 2.03747779890E+02 3.49183632058E+00 2.13823145238E+02 4.63457634419E+00 2.11178885233E+02 6.07126793187E+00 2.06332002550E+02 4.36107051529E+00 
5.50000000000E+01 5.55000000000E+01 5.60000000000E+01 2.13452590668E+02 4.88142392692E+00 2.08076516714E+02 3.83495660517E+00 2.14483004043E+02 6.04618234298E+00 2.06948897256E+02 3.63549679576E+00 2.16079673448E+02 5.08180712584E+00 2.19824542009E+02 6.76077992982E+00 2.08083371207E+02 4.43467303053E+00 
5.60000000000E+01 5.65000000000E+01 5.70000000000E+01 1.88193716001E+02 4.89620509180E+00 1.88273736218E+02 3.86294599816E+00 1.90492825483E+02 6.32122354195E+00 1.84320876790E+02 3.70634021515E+00 1.92424616024E+02 5.09178691976E+00 1.88534129688E+02 6.88756402687E+00 1.88631681546E+02 4.55946812729E+00 
5.70000000000E+01 5.75000000000E+01 5.80000000000E+01 1.85818046566E+02 4.58851775149E+00 1.84230755683E+02 3.60773146337E+00 1.94634991859E+02 5.75219567158E+00 1.80744453923E+02 3.48351983203E+00 1.88703352097E+02 4.68521351779E+00 1.89983796513E+02 6.22850781768E+00 1.84452498741E+02 4.08033009872E+00 
5.80000000000E+01 5.85000000000E+01 5.90000000000E+01 1.67400954546E+02 4.42336808484E+00 1.68856870282E+02 3.54531919276E+00 1.75097056255E+02 5.41744747822E+00 1.64291801808E+02 3.36593276115E+00 1.69303415324E+02 4.69725420036E+00 1.63601202875E+02 6.18221782839E+00 1.72191931079E+02 3.88450041335E+00 
5.90000000000E+01 5.95000000000E+01 6.00000000000E+01 1.75565435326E+02 4.17871785994E+00 1.69672900847E+02 3.27926859936E+00 1.73851596072E+02 5.21700841479E+00 1.68679147455E+02 3.15272649397E+00 1.74748651396E+02 4.34156896344E+00 1.79144897585E+02 5.65114397319E+00 1.69939342931E+02 3.79230100190E+00 
6.00000000000E+01 6.05000000000E+01 6.10000000000E+01 1.67363120937E+02 4.04911918819E+00 1.64794969187E+02 3.13352065961E+00 1.69709625070E+02 5.40133066463E+00 1.63358207552E+02 3.07409324874E+00 1.69023593019E+02 4.10285732209E+00 1.68959913070E+02 5.59950814492E+00 1.66891197227E+02 3.92692590625E+00 
6.10000000000E+01 6.15000000000E+01 6.20000000000E+01 1.54124630060E+02 3.81754002598E+00 1.51530542204E+02 3.09470743898E+00 1.58239543106E+02 5.09823155420E+00 1.50561582671E+02 2.93282409072E+00 1.53168205301E+02 4.03456993356E+00 1.57683580596E+02 5.29575307157E+00 1.55394781458E+02 3.66054093328E+00 
6.20000000000E+01 6.25000000000E+01 6.30000000000E+01 1.52959208195E+02 3.72969433516E+00 1.49534830258E+02 2.95367996259E+00 1.50059679842E+02 4.86818486080E+00 1.48840438095E+02 2.87327732980E+00 1.51810343922E+02 3.93458237330E+00 1.54114724758E+02 5.10191772493E+00 1.49083163889E+02 3.48708997830E+00 
6.30000000000E+01 6.35000000000E+01 6.40000000000E+01 1.50215083550E+02 3.73526872870E+00 1.47275722340E+02 2.95627774055E+00 1.50354359743E+02 4.92743959076E+00 1.45117516764E+02 2.82876960112E+00 1.51571983929E+02 3.83381355078E+00 1.52629855720E+02 5.15481889597E+00 1.48069208873E+02 3.60888305055E+00 
6.40000000000E+01 6.45000000000E+01 6.50000000000E+01 1.35644231588E+02 3.47522146352E+00 1.35861030330E+02 2.85433361015E+00 1.37951571303E+02 4.73433629363E+00 1.33612195714E+02 2.68852461188E+00 1.37371543453E+02 3.66986683614E+00 1.38611103712E+02 4.79376162861E+00 1.36589139663E+02 3.40323825180E+00 
6.50000000000E+01 6.55000000000E+01 6.60000000000E+01 1.33672739632E+02 3.51064747732E+00 1.33656778654E+02 2.83137236370E+00 1.33916813551E+02 4.29004790632E+00 1.31221222344E+02 2.68596698732E+00 1.34743571401E+02 3.79159227282E+00 1.34699898803E+02 4.82224197544E+00 1.32473536227E+02 3.10360976440E+00 
6.60000000000E+01 6.65000000000E+01 6.70000000000E+01 1.27973774921E+02 3.45629985670E+00 1.26933706615E+02 2.82997252485E+00 1.27316879611E+02 4.71293063820E+00 1.25956852374E+02 2.65979474966E+00 1.28413848609E+02 3.65789099658E+00 1.30978946294E+02 4.83833835548E+00 1.26683420998E+02 3.42597443556E+00 
6.70000000000E+01 6.75000000000E+01 6.80000000000E+01 1.27295494054E+02 3.18386923055E+00 1.24070651169E+02 2.60195442453E+00 1.30197019770E+02 4.25518319828E+00 1.23559877159E+02 2.38918107621E+00 1.26869161227E+02 3.41849017746E+00 1.30124402246E+02 4.28895284646E+00 1.25913945562E+02 3.11061724417E+00 
6.80000000000E+01 6.85000000000E+01 6.90000000000E+01 1.17983923387E+02 3.11965129003E+00 1.15525575865E+02 2.51014514834E+00 1.21936544010E+02 4.28344597359E+00 1.16513158277E+02 2.43804173922E+00 1.17039727337E+02 3.30670506169E+00 1.20884342102E+02 4.42974836674E+00 1.18084981636E+02 3.10790361281E+00 
6.90000000000E+01 6.95000000000E+01 7.00000000000E+01 1.14758492095E+02 3.03506895109E+00 1.14142942554E+02 2.45293965716E+00 1.13012734145E+02 4.00998638726E+00 1.12719941037E+02 2.32641662799E+00 1.15795006893E+02 3.25268903123E+00 1.13290853168E+02 4.13501946589E+00 1.12897281063E+02 2.89811564184E+00 
7.00000000000E+01 7.05000000000E+01 7.10000000000E+01 1.08223523912E+02 2.99074306319E+00 1.08362448290E+02 2.36854002219E+00 1.09288625662E+02 4.19156913183E+00 1.06023641168E+02 2.27131285796E+00 1.10190557648E+02 3.08239370684E+00 1.08719591405E+02 4.02441212275E+00 1.07974486953E+02 3.00555128332E+00 
7.10000000000E+01 7.15000000000E+01 7.20000000000E+01 1.07413111983E+02 2.89702710371E+00 1.07987534549E+02 2.31718526111E+00 1.12370159677E+02 3.75804565998E+00 1.06822593405E+02 2.17267090382E+00 1.09257965341E+02 2.97564741055E+00 1.11517225492E+02 4.07886672695E+00 1.09167905092E+02 2.69418513767E+00 
7.20000000000E+01 7.25000000000E+01 7.30000000000E+01 1.02888711613E+02 2.58057231359E+00 1.01655790123E+02 2.14020704444E+00 1.04985833166E+02 3.65440197572E+00 1.01190030840E+02 1.96139526180E+00 1.03289189063E+02 2.80495963063E+00 1.01312353196E+02 3.83964539660E+00 1.02911499390E+02 2.70717351005E+00 
7.30000000000E+01 7.35000000000E+01 7.40000000000E+01 1.01341548278E+02 2.83131051610E+00 9.85979207381E+01 2.22155493446E+00 1.02542146946E+02 3.78134498814E+00 9.78759077700E+01 2.11701547207E+00 9.98487958102E+01 2.91528526858E+00 1.03297157340E+02 3.93078323393E+00 1.01124926081E+02 2.79979130714E+00 
7.40000000000E+01 7.45000000000E+01 7.50000000000E+01 9.42591144092E+01 2.54230868461E+00 9.42775819506E+01 2.04657472935E+00 9.29909978314E+01 3.65465174623E+00 9.28582602359E+01 1.96541205080E+00 9.59855738676E+01 2.68742872100E+00 9.29181270445E+01 3.56593315880E+00 9.28901708087E+01 2.62033897405E+00 
7.50000000000E+01 7.55000000000E+01 7.60000000000E+01 1.00538049713E+02 2.48526874641E+00 9.51170010106E+01 2.02343154205E+00 1.04230771753E+02 3.29199162895E+00 9.57158214654E+01 1.87985589204E+00 9.93854244454E+01 2.65892259882E+00 1.03569564230E+02 3.46039583075E+00 9.82269774380E+01 2.51150321824E+00 
7.60000000000E+01 7.65000000000E+01 7.70000000000E+01 9.24482165183E+01 2.44191666692E+00 8.63853989989E+01 2.01637300535E+00 9.11617649040E+01 3.22028313814E+00 8.84615524953E+01 1.91135900426E+00 9.10563248082E+01 2.61119576930E+00 9.34024704950E+01 3.44660735479E+00 8.91485130498E+01 2.38485810933E+00 
7.70000000000E+01 7.75000000000E+01 7.80000000000E+01 8.42092785458E+01 2.43918098887E+00 8.35026220888E+01 2.02103624675E+00 8.40667104478E+01 3.11454568523E+00 8.30009708420E+01 1.84621551202E+00 8.35472985260E+01 2.61259484732E+00 8.40466518799E+01 3.31505267084E+00 8.44575198363E+01 2.27563158256E+00 
7.80000000000E+01 7.85000000000E+01 7.90000000000E+01 8.07179777462E+01 2.37299235784E+00 8.12144845686E+01 1.89713933037E+00 7.86207334526E+01 3.16346189880E+00 7.94254113697E+01 1.79709910835E+00 8.19840000997E+01 2.48704934629E+00 8.06831481026E+01 3.23415666605E+00 7.86731415593E+01 2.29126806565E+00 
7.90000000000E+01 7.95000000000E+01 8.00000000000E+01 8.09856871697E+01 2.27330894802E+00 7.99044498077E+01 1.87851904772E+00 7.84749552023E+01 3.01611415292E+00 7.94678965076E+01 1.74361337273E+00 8.12974769784E+01 2.47183936112E+00 8.21644424878E+01 3.12939942039E+00 7.87682238069E+01 2.20955972051E+00 
8.00000000000E+01 8.05000000000E+01 8.10000000000E+01 7.47355190683E+01 2.17854695458E+00 7.52820837360E+01 1.70755284429E+00 7.44534697124E+01 2.92910821076E+00 7.33666548204E+01 1.66773079634E+00 7.72219475764E+01 2.21851106283E+00 7.46581418963E+01 2.95546895382E+00 7.36942372155E+01 2.08348609147E+00 
8.10000000000E+01 8.15000000000E+01 8.20000000000E+01 7.00755459857E+01 2.17068874447E+00 7.01965586191E+01 1.71025011144E+00 7.27281489539E+01 2.94705224012E+00 6.92491775433E+01 1.65466092365E+00 6.97611392980E+01 2.27761967729E+00 7.20698007915E+01 3.00351946752E+00 7.16487284738E+01 2.11144184894E+00 
8.20000000000E+01 8.25000000000E+01 8.30000000000E+01 7.18597445565E+01 2.29914943376E+00 7.20914527545E+01 1.71367320259E+00 7.18294443408E+01 2.98961212153E+00 7.07862544744E+01 1.69916874075E+00 7.33197707067E+01 2.22312881002E+00 7.38375879116E+01 3.08029221204E+00 7.22594834347E+01 2.18395734155E+00 
8.30000000000E+01 8.35000000000E+01 8.40000000000E+01 6.98622231792E+01 2.07258023963E+00 6.99363139511E+01 1.68513442799E+00 6.99385898847E+01 2.77670431005E+00 6.79794970689E+01 1.57760230126E+00 7.24906348219E+01 2.24989286940E+00 7.23836053707E+01 2.82542058693E+00 6.91316689912E+01 2.03091799202E+00 
8.40000000000E+01 8.45000000000E+01 8.50000000000E+01 6.50693857864E+01 2.04198852809E+00 6.44038056691E+01 1.57312614467E+00 6.48850186247E+01 2.78860363638E+00 6.38746665692E+01 1.57076636443E+00 6.50393013021E+01 2.05557325107E+00 6.45649442586E+01 2.81732247043E+00 6.52889494102E+01 2.02501770406E+00 
8.50000000000E+01 8.55000000000E+01 8.60000000000E+01 6.83125113698E+01 1.99801317710E+00 6.48118545836E+01 1.59794944492E+00 6.67612600515E+01 2.77420714821E+00 6.55326158530E+01 1.52678447163E+00 6.64490199258E+01 2.11016479550E+00 6.96116078672E+01 2.73752672037E+00 6.59150335484E+01 2.02879397661E+00 
8.60000000000E+01 8.65000000000E+01 8.70000000000E+01 6.07738148922E+01 1.92750423118E+00 6.18322657143E+01 1.48536402096E+00 6.12578842792E+01 2.57236079188E+00 6.00411642581E+01 1.46775647274E+00 6.18388585364E+01 1.93713339409E+00 5.97711071026E+01 2.64897315266E+00 6.14745647788E+01 1.88538962225E+00 
8.70000000000E+01 8.75000000000E+01 8.80000000000E+01 6.47028589216E+01 1.97406434469E+00 6.27470495493E+01 1.46682526545E+00 6.90543700790E+01 2.71333510356E+00 6.26708194662E+01 1.49471388934E+00 6.53726488143E+01 1.89112969340E+00 6.72390314591E+01 2.73905244801E+00 6.61053791443E+01 1.96386082817E+00 
8.80000000000E+01 8.85000000000E+01 8.90000000000E+01 5.68758816333E+01 1.86156287689E+00 5.56789890613E+01 1.45651130061E+00 5.68965399542E+01 2.28221596163E+00 5.57263473411E+01 1.40722691887E+00 5.66350353137E+01 1.89355402150E+00 5.64489210748E+01 2.54624206928E+00 5.60789334802E+01 1.67349285520E+00 
8.90000000000E+01 8.95000000000E+01 9.00000000000E+01 6.07844633637E+01 1.76574287027E+00 5.93538598220E+01 1.38800358631E+00 6.42627075798E+01 2.27750261491E+00 5.85571349577E+01 1.35856726010E+00 6.14578663295E+01 1.81605971312E+00 6.15000957914E+01 2.35471915115E+00 6.20440701389E+01 1.63822012941E+00 
9.00000000000E+01 9.05000000000E+01 9.10000000000E+01 5.18181552027E+01 1.81145395557E+00 5.28406835814E+01 1.27750016523E+00 5.28660711399E+01 2.36059493014E+00 5.23068666403E+01 1.36184976515E+00 5.38269585678E+01 1.69744105451E+00 5.17473072168E+01 2.48569049453E+00 5.28883625205E+01 1.67250699785E+00 
9.10000000000E+01 9.15000000000E+01 9.20000000000E+01 5.66830225985E+01 1.72340236749E+00 5.52275965629E+01 1.35601425581E+00 5.70144832399E+01 2.42143324848E+00 5.44313745724E+01 1.31450287888E+00 5.67932077657E+01 1.78353364043E+00 5.67820235506E+01 2.33806187594E+00 5.58803380802E+01 1.76075550711E+00 
9.20000000000E+01 9.25000000000E+01 9.30000000000E+01 4.52222746845E+01 1.67991633288E+00 4.59649618393E+01 1.28891225022E+00 4.45757045089E+01 2.16591329918E+00 4.59366599263E+01 1.27476836142E+00 4.50300737537E+01 1.70354847233E+00 4.31653823604E+01 2.34355263846E+00 4.55647062403E+01 1.56752729170E+00 
9.30000000000E+01 9.35000000000E+01 9.40000000000E+01 5.06574130124E+01 1.60466674679E+00 4.89584436746E+01 1.19428821047E+00 5.30760949997E+01 2.19850144990E+00 4.89631388630E+01 1.21084157682E+00 5.09951110688E+01 1.63324063822E+00 5.23552124683E+01 2.21563668795E+00 5.14459831981E+01 1.59444685612E+00 
9.40000000000E+01 9.45000000000E+01 9.50000000000E+01 4.70741357725E+01 1.51343157848E+00 4.67325922381E+01 1.17326053784E+00 4.73966529090E+01 2.10759241312E+00 4.64216213877E+01 1.16154067766E+00 4.79263382635E+01 1.56386416157E+00 4.69695558928E+01 2.10476264786E+00 4.83223839815E+01 1.53761237469E+00 
9.50000000000E+01 9.55000000000E+01 9.60000000000E+01 4.64901932660E+01 1.48346308274E+00 4.63900473445E+01 1.17792604425E+00 4.70200711350E+01 2.04197002208E+00 4.64925424421E+01 1.13546532078E+00 4.70568729997E+01 1.54154294439E+00 4.68562376150E+01 2.02556844048E+00 4.62748613225E+01 1.46706802898E+00 
9.60000000000E+01 9.65000000000E+01 9.70000000000E+01 4.63524284990E+01 1.59635954294E+00 4.51311090696E+01 1.22847114416E+00 4.71111415758E+01 2.03346740062E+00 4.47511387496E+01 1.20682760369E+00 4.65590498920E+01 1.62894136490E+00 4.79463659207E+01 2.09613581958E+00 4.58998562784E+01 1.53201118787E+00 
9.70000000000E+01 9.75000000000E+01 9.80000000000E+01 4.33650967223E+01 1.53840294953E+00 4.31026289820E+01 1.22221014793E+00 4.57046833850E+01 2.03736306268E+00 4.25356564859E+01 1.18418187329E+00 4.38373549331E+01 1.58115864353E+00 4.40834969176E+01 2.11212484583E+00 4.48192468169E+01 1.47470379975E+00 
9.80000000000E+01 9.85000000000E+01 9.90000000000E+01 3.79348393482E+01 1.48821363765E+00 3.87628427582E+01 1.13875013782E+00 3.66322160517E+01 2.02061571636E+00 3.74344875374E+01 1.12005766280E+00 3.81329610130E+01 1.48430943271E+00 3.61283271888E+01 2.02450424667E+00 3.81239276639E+01 1.45607726700E+00 
9.90000000000E+01 9.95000000000E+01 1.00000000000E+02 4.01227839786E+01 1.45882880111E+00 4.02285391689E+01 1.13666792619E+00 4.14898632650E+01 1.89284683231E+00 3.99875260191E+01 1.10350404320E+00 4.05788799545E+01 1.46657681534E+00 4.14715911741E+01 2.06062387564E+00 4.03190207369E+01 1.37848553894E+00 
#nx: 3
