#labels: ptz__-0p25__0_lower[1] ptz__-0p25__0_center[2] ptz__-0p25__0_upper[3] tot_scale01[4] tot_scale01_Err[5] tot_scale02[6] tot_scale02_Err[7] tot_scale03[8] tot_scale03_Err[9] tot_scale04[10] tot_scale04_Err[11] tot_scale05[12] tot_scale05_Err[13] tot_scale06[14] tot_scale06_Err[15] tot_scale07[16] tot_scale07_Err[17]
#neval: 191947084129
#overflow:lower center upper 1.51086465910E+03 6.64045889918E+00 1.49410533593E+03 4.80092470512E+00 1.51497651394E+03 9.82545470647E+00 1.48871082455E+03 4.93289961301E+00 1.51669782083E+03 6.43426182293E+00 1.50667492030E+03 9.22001960909E+00 1.51814219413E+03 7.10136217064E+00 
0.00000000000E+00 5.00000000000E-01 1.00000000000E+00 0.00000000000E+00 0.00000000000E+00 0.00000000000E+00 0.00000000000E+00 0.00000000000E+00 0.00000000000E+00 0.00000000000E+00 0.00000000000E+00 0.00000000000E+00 0.00000000000E+00 0.00000000000E+00 0.00000000000E+00 0.00000000000E+00 0.00000000000E+00 
1.00000000000E+00 1.50000000000E+00 2.00000000000E+00 -8.72642554827E+03 4.41465814020E+02 -6.48694526674E+03 3.64898915531E+02 -1.02672325670E+04 5.48562145272E+02 -4.39560204172E+03 3.29479716667E+02 -1.12675014109E+04 4.89931895191E+02 -1.28211178721E+04 6.11640496242E+02 -6.54725442122E+03 3.93837559467E+02 
2.00000000000E+00 2.50000000000E+00 3.00000000000E+00 2.30086938738E+03 2.14250063998E+02 3.72098771284E+03 2.04337792557E+02 1.00572427211E+03 2.70148059642E+02 4.33084613092E+03 1.63118315954E+02 1.39752736098E+03 2.70980833073E+02 -5.36387824605E+00 2.98020321843E+02 3.09810993729E+03 1.96907920947E+02 
3.00000000000E+00 3.50000000000E+00 4.00000000000E+00 4.55450129596E+03 1.82252199652E+02 5.37131301728E+03 1.53440998808E+02 3.65633561199E+03 2.26170344530E+02 5.57411356008E+03 1.40514963389E+02 4.13090193874E+03 1.98800370992E+02 3.22371258772E+03 2.52527669384E+02 4.83299099218E+03 1.68486600055E+02 
4.00000000000E+00 4.50000000000E+00 5.00000000000E+00 4.59359685358E+03 1.14908494102E+02 5.25888658383E+03 9.43394585813E+01 4.10832723315E+03 1.45604616186E+02 5.26246939064E+03 8.58511407801E+01 4.48888370022E+03 1.26334910691E+02 3.71870748451E+03 1.59922278546E+02 4.77368514640E+03 1.27523764297E+02 
5.00000000000E+00 5.50000000000E+00 6.00000000000E+00 4.55168304450E+03 1.01194530252E+02 4.91791877869E+03 8.21623526619E+01 4.24104244060E+03 1.26001329060E+02 4.91164612957E+03 7.58278950954E+01 4.46724966544E+03 1.09727305438E+02 4.05098323448E+03 1.38961919763E+02 4.63299559676E+03 9.20851728700E+01 
6.00000000000E+00 6.50000000000E+00 7.00000000000E+00 4.00012399199E+03 8.64250448396E+01 4.33581608789E+03 7.53526192438E+01 3.62754914171E+03 1.07565068133E+02 4.26380870509E+03 6.55181011095E+01 4.02370903256E+03 1.01383253598E+02 3.63260727948E+03 1.24832780220E+02 3.96700524846E+03 7.77043829679E+01 
7.00000000000E+00 7.50000000000E+00 8.00000000000E+00 3.66690855497E+03 6.98979114105E+01 3.86148213566E+03 5.68833039629E+01 3.39102014674E+03 8.56216172426E+01 3.82722094662E+03 5.22384418048E+01 3.61934488645E+03 7.57268642415E+01 3.37660190368E+03 9.59510085766E+01 3.62441968086E+03 6.20265686124E+01 
8.00000000000E+00 8.50000000000E+00 9.00000000000E+00 3.60115786152E+03 7.32238059931E+01 3.70068166951E+03 5.51122480003E+01 3.46667712745E+03 8.92799037110E+01 3.61493219285E+03 5.36158381266E+01 3.61372315146E+03 7.39061263396E+01 3.44856904914E+03 1.00124466718E+02 3.51062521990E+03 6.40226145479E+01 
9.00000000000E+00 9.50000000000E+00 1.00000000000E+01 2.94768833023E+03 5.73474129076E+01 3.08338586339E+03 4.69747943813E+01 2.79544442029E+03 7.22257435052E+01 3.05323705259E+03 4.23892405446E+01 2.95866417582E+03 6.30206968166E+01 2.82137153910E+03 7.72392661334E+01 2.91667170023E+03 5.16389231741E+01 
1.00000000000E+01 1.05000000000E+01 1.10000000000E+01 2.76494355131E+03 4.86429358046E+01 2.83438257564E+03 4.00412481027E+01 2.67877006929E+03 6.25255305384E+01 2.80612266532E+03 3.60075381926E+01 2.74984881417E+03 5.32789761046E+01 2.65364182605E+03 6.82044815921E+01 2.73698953942E+03 4.51130827730E+01 
1.10000000000E+01 1.15000000000E+01 1.20000000000E+01 2.57216425695E+03 4.04067587552E+01 2.63338020126E+03 3.48872744635E+01 2.54540459767E+03 5.31043594354E+01 2.58122242350E+03 3.04954660228E+01 2.59429550367E+03 4.65277466332E+01 2.52871267150E+03 5.59742710251E+01 2.56105465513E+03 3.84660072701E+01 
1.20000000000E+01 1.25000000000E+01 1.30000000000E+01 2.34737890483E+03 3.49410125042E+01 2.38447058306E+03 2.88378012910E+01 2.23292294958E+03 4.59687562565E+01 2.34592997900E+03 2.63774763159E+01 2.35962503550E+03 3.85820716517E+01 2.30548407486E+03 4.83040392887E+01 2.27150212107E+03 3.16832338930E+01 
1.30000000000E+01 1.35000000000E+01 1.40000000000E+01 2.16415928625E+03 3.80253933746E+01 2.19672178874E+03 3.13528870775E+01 2.14712050865E+03 4.66949798260E+01 2.15609849127E+03 2.87359405139E+01 2.18867260259E+03 4.16398308953E+01 2.14097911148E+03 5.25661187156E+01 2.13201259504E+03 3.35881148012E+01 
1.40000000000E+01 1.45000000000E+01 1.50000000000E+01 1.97960284714E+03 3.28705503804E+01 2.02821042668E+03 2.66861735029E+01 1.98438217395E+03 4.05893167877E+01 1.97403078016E+03 2.46260239844E+01 2.02635084056E+03 3.49558681337E+01 1.96225912171E+03 4.54713226384E+01 1.95666788970E+03 2.95928578460E+01 
1.50000000000E+01 1.55000000000E+01 1.60000000000E+01 1.79396147857E+03 2.82540245841E+01 1.80170466158E+03 2.34417551866E+01 1.76415156001E+03 3.52605610428E+01 1.77634242610E+03 2.06896537580E+01 1.79443067395E+03 3.17804491522E+01 1.76859159307E+03 3.94030918320E+01 1.75248973024E+03 2.58145213335E+01 
1.60000000000E+01 1.65000000000E+01 1.70000000000E+01 1.69079738684E+03 2.90799029766E+01 1.70965302320E+03 2.42694968031E+01 1.64183407107E+03 3.53410078724E+01 1.66339336260E+03 2.17468206841E+01 1.71696352905E+03 3.23054130009E+01 1.71573435478E+03 4.18691927474E+01 1.63538456846E+03 2.55253641898E+01 
1.70000000000E+01 1.75000000000E+01 1.80000000000E+01 1.48358500761E+03 2.57417331320E+01 1.52116547175E+03 2.05686239005E+01 1.45817261054E+03 3.03476547340E+01 1.47832795390E+03 1.92486609489E+01 1.51201256781E+03 2.71481607899E+01 1.46121128045E+03 3.54867021180E+01 1.46524920354E+03 2.16102334542E+01 
1.80000000000E+01 1.85000000000E+01 1.90000000000E+01 1.43780274412E+03 2.33629630639E+01 1.45381817117E+03 1.88868645496E+01 1.43071722735E+03 3.03330934027E+01 1.41653772288E+03 1.75132721696E+01 1.46041211826E+03 2.42294524626E+01 1.45022514634E+03 3.21445245376E+01 1.41337838327E+03 2.18692540646E+01 
1.90000000000E+01 1.95000000000E+01 2.00000000000E+01 1.35121996192E+03 2.26066032728E+01 1.37525068268E+03 1.82643349777E+01 1.34251989482E+03 2.95343497261E+01 1.33234906212E+03 1.66994791894E+01 1.39046666890E+03 2.43855211648E+01 1.36711334033E+03 3.14342183195E+01 1.31998517632E+03 2.11446647515E+01 
2.00000000000E+01 2.05000000000E+01 2.10000000000E+01 1.15247068974E+03 2.08800822617E+01 1.18180316225E+03 1.72142286985E+01 1.13099427923E+03 2.69204689063E+01 1.15410470414E+03 1.58017285838E+01 1.17189050755E+03 2.30051747151E+01 1.13122377951E+03 2.89994584954E+01 1.14283873188E+03 1.96253290474E+01 
2.10000000000E+01 2.15000000000E+01 2.20000000000E+01 1.15791657154E+03 1.98744439955E+01 1.16695884582E+03 1.63041495232E+01 1.14307017160E+03 2.49264430147E+01 1.13342506436E+03 1.49108113216E+01 1.18458263473E+03 2.16792166088E+01 1.16975667905E+03 2.75048350763E+01 1.13078927701E+03 1.82029239423E+01 
2.20000000000E+01 2.25000000000E+01 2.30000000000E+01 1.09825706083E+03 1.92152481581E+01 1.09512425844E+03 1.52633204535E+01 1.09577070041E+03 2.43424475738E+01 1.07048618596E+03 1.43893503324E+01 1.11434545902E+03 2.01181759744E+01 1.11960758968E+03 2.63384405714E+01 1.06899189434E+03 1.74969639154E+01 
2.30000000000E+01 2.35000000000E+01 2.40000000000E+01 1.01752653192E+03 1.95336579194E+01 1.03531829473E+03 1.57479365007E+01 1.01182228209E+03 2.47955846066E+01 9.99504402685E+02 1.46371340716E+01 1.04452083156E+03 2.09320329228E+01 1.01579078117E+03 2.68030350511E+01 9.99939881932E+02 1.76806824521E+01 
2.40000000000E+01 2.45000000000E+01 2.50000000000E+01 9.08482924402E+02 1.70191902719E+01 9.18118122514E+02 1.37737534285E+01 9.25737191379E+02 2.08736441652E+01 8.94707341345E+02 1.26793970048E+01 9.23604945594E+02 1.81908064827E+01 9.13869829123E+02 2.28753907884E+01 9.13177915537E+02 1.48321678557E+01 
2.50000000000E+01 2.55000000000E+01 2.60000000000E+01 9.11319489814E+02 1.55419965970E+01 9.11351686837E+02 1.25469241202E+01 9.11837926673E+02 1.92627592509E+01 8.89076807199E+02 1.16647620157E+01 9.24655528902E+02 1.66527486201E+01 9.31105499751E+02 2.18912634243E+01 8.86971355656E+02 1.37847989125E+01 
2.60000000000E+01 2.65000000000E+01 2.70000000000E+01 8.50920420852E+02 1.47116443941E+01 8.39823138767E+02 1.23109464948E+01 8.33670557705E+02 1.91013584734E+01 8.30499536849E+02 1.10770126455E+01 8.53521287337E+02 1.63271043881E+01 8.57629050999E+02 2.02229893747E+01 8.23766179359E+02 1.38525684610E+01 
2.70000000000E+01 2.75000000000E+01 2.80000000000E+01 7.99820352587E+02 1.48618031499E+01 8.01793051941E+02 1.19336748710E+01 8.10436734256E+02 1.87319738288E+01 7.80852937080E+02 1.10813714634E+01 8.20652070005E+02 1.57505706801E+01 8.14433893686E+02 2.06208940824E+01 7.86326987741E+02 1.34921923770E+01 
2.80000000000E+01 2.85000000000E+01 2.90000000000E+01 7.06847892254E+02 1.30616339050E+01 7.19871866614E+02 1.09822928294E+01 7.04779554769E+02 1.67892429834E+01 7.03406564925E+02 9.99685948204E+00 7.23448311986E+02 1.46187529995E+01 6.91440359541E+02 1.89342114751E+01 6.98666842841E+02 1.21532059661E+01 
2.90000000000E+01 2.95000000000E+01 3.00000000000E+01 7.02622214018E+02 1.27559192334E+01 7.00466742866E+02 1.02650868880E+01 7.01894753664E+02 1.67535321187E+01 6.85230605833E+02 9.63191046370E+00 7.14597692341E+02 1.36767532799E+01 7.13680813816E+02 1.77506604357E+01 6.85602666586E+02 1.20438154610E+01 
3.00000000000E+01 3.05000000000E+01 3.10000000000E+01 6.33461372012E+02 1.19898335772E+01 6.45317045765E+02 9.88637558260E+00 6.42585807845E+02 1.58306990828E+01 6.26690755866E+02 9.06018991535E+00 6.49040879685E+02 1.33031132492E+01 6.34556517627E+02 1.65990650905E+01 6.32560119092E+02 1.15020396041E+01 
3.10000000000E+01 3.15000000000E+01 3.20000000000E+01 6.36062036723E+02 1.01469614067E+01 6.25620419251E+02 8.73448845604E+00 6.50905735569E+02 1.37689777986E+01 6.19800184244E+02 7.65325673117E+00 6.35397903600E+02 1.14720412864E+01 6.40856005649E+02 1.37228506039E+01 6.33996714319E+02 1.00154461954E+01 
3.20000000000E+01 3.25000000000E+01 3.30000000000E+01 5.70782743890E+02 1.15071564441E+01 5.77622575379E+02 8.85682597258E+00 5.71605784994E+02 1.49372892408E+01 5.64492256476E+02 8.55100559114E+00 5.83763289370E+02 1.16760708874E+01 5.72789537014E+02 1.58003385233E+01 5.70141078337E+02 1.07160872466E+01 
3.30000000000E+01 3.35000000000E+01 3.40000000000E+01 5.67016931229E+02 1.07108913657E+01 5.57019925816E+02 8.70431421843E+00 5.51728925988E+02 1.38388741190E+01 5.55331247589E+02 7.95417223362E+00 5.67885617577E+02 1.14919737575E+01 5.74510615546E+02 1.48996322868E+01 5.48427401377E+02 1.01318639771E+01 
3.40000000000E+01 3.45000000000E+01 3.50000000000E+01 5.29905459797E+02 1.09141761400E+01 5.27371276343E+02 8.77346077284E+00 5.31341181614E+02 1.44801901482E+01 5.17713171991E+02 8.22204381467E+00 5.37929736739E+02 1.16202796382E+01 5.32696821485E+02 1.49157499348E+01 5.22178175674E+02 1.05025118622E+01 
3.50000000000E+01 3.55000000000E+01 3.60000000000E+01 4.95878528828E+02 9.64966412760E+00 5.01272853808E+02 7.89706916902E+00 5.02386692815E+02 1.29810329547E+01 4.87077260220E+02 7.30191551706E+00 5.10819911756E+02 1.04521942632E+01 5.02511690872E+02 1.33666388147E+01 4.91836420176E+02 9.38275356233E+00 
3.60000000000E+01 3.65000000000E+01 3.70000000000E+01 4.74605318059E+02 8.79458072612E+00 4.67815091807E+02 6.96136213558E+00 4.72049763126E+02 1.09625891719E+01 4.65363894490E+02 6.63668829554E+00 4.73177306714E+02 9.05396071788E+00 4.74458085788E+02 1.24468677294E+01 4.63155000222E+02 7.95858872186E+00 
3.70000000000E+01 3.75000000000E+01 3.80000000000E+01 4.45127168764E+02 9.25946914341E+00 4.45990733289E+02 7.36448484830E+00 4.44025448504E+02 1.21838913747E+01 4.38133578161E+02 6.88999326084E+00 4.53569796872E+02 9.95982600637E+00 4.47993985612E+02 1.28211064476E+01 4.41208063403E+02 8.80416330139E+00 
3.80000000000E+01 3.85000000000E+01 3.90000000000E+01 4.52099149312E+02 8.99800401158E+00 4.44451285736E+02 7.42697345431E+00 4.67270829440E+02 1.17928170303E+01 4.36522989650E+02 6.78973865127E+00 4.58086449660E+02 9.83946935047E+00 4.65692981873E+02 1.22807434608E+01 4.46801020757E+02 8.20063686372E+00 
3.90000000000E+01 3.95000000000E+01 4.00000000000E+01 4.14758841017E+02 8.25587367160E+00 4.11444035451E+02 6.46278965174E+00 4.12768358253E+02 1.01465844209E+01 4.02136300763E+02 6.14805281385E+00 4.18809863661E+02 8.41440621208E+00 4.21414609857E+02 1.14106045459E+01 4.02346972947E+02 7.57243778984E+00 
4.00000000000E+01 4.05000000000E+01 4.10000000000E+01 3.97964965628E+02 7.85984453364E+00 3.92767118186E+02 6.29398008443E+00 3.93573063122E+02 1.02051743118E+01 3.84252361183E+02 5.98195712688E+00 4.02265643329E+02 8.29523668150E+00 4.03037690120E+02 1.11039869267E+01 3.84733943147E+02 7.36416062198E+00 
4.10000000000E+01 4.15000000000E+01 4.20000000000E+01 3.70867870014E+02 7.27941727527E+00 3.64140097762E+02 5.81736281503E+00 3.69053298467E+02 9.68047411865E+00 3.62350572870E+02 5.57452775910E+00 3.70006235656E+02 7.69812604477E+00 3.76901174952E+02 1.00863976095E+01 3.64607864249E+02 7.04497983480E+00 
4.20000000000E+01 4.25000000000E+01 4.30000000000E+01 3.49049569013E+02 7.02085366255E+00 3.45756221605E+02 5.82445592822E+00 3.40590178046E+02 8.98454721072E+00 3.41680882679E+02 5.22599781902E+00 3.50435503388E+02 7.68662124836E+00 3.50562050136E+02 9.64104127400E+00 3.42223226002E+02 6.57179552227E+00 
4.30000000000E+01 4.35000000000E+01 4.40000000000E+01 3.50470722844E+02 6.84643896400E+00 3.38652801918E+02 5.57995903894E+00 3.50267182796E+02 9.04349797518E+00 3.37462076358E+02 5.16776803301E+00 3.44859342776E+02 7.26094364267E+00 3.56163260452E+02 9.28282165997E+00 3.40159747354E+02 6.55339425614E+00 
4.40000000000E+01 4.45000000000E+01 4.50000000000E+01 3.38322739891E+02 6.84814917984E+00 3.29864336977E+02 5.44225147271E+00 3.42281768050E+02 9.13866552712E+00 3.25259114178E+02 5.20598585647E+00 3.42647466478E+02 7.21879733027E+00 3.48483592575E+02 9.40503296927E+00 3.31436651186E+02 6.58353569729E+00 
4.50000000000E+01 4.55000000000E+01 4.60000000000E+01 3.11356069423E+02 7.12914241912E+00 3.04692494372E+02 5.56711831285E+00 3.09702545166E+02 9.28727173219E+00 3.03409172595E+02 5.39727065222E+00 3.08375975526E+02 7.23478681815E+00 3.09522120050E+02 9.63424617195E+00 3.01913071384E+02 6.57700894064E+00 
4.60000000000E+01 4.65000000000E+01 4.70000000000E+01 2.92252777468E+02 6.30325210771E+00 2.91331249618E+02 5.04122236379E+00 2.92370944522E+02 7.88799427296E+00 2.88121595218E+02 4.75053845643E+00 2.96540066304E+02 6.72737506101E+00 2.91122067782E+02 8.65447899177E+00 2.87425642116E+02 5.77354000408E+00 
4.70000000000E+01 4.75000000000E+01 4.80000000000E+01 2.88832471892E+02 6.33462932009E+00 2.88392338282E+02 4.96439617501E+00 2.87685813845E+02 8.13528929940E+00 2.77327271452E+02 4.72905271558E+00 2.96367743107E+02 6.56607241246E+00 2.90698542445E+02 8.70846170749E+00 2.81797805991E+02 5.89736645795E+00 
4.80000000000E+01 4.85000000000E+01 4.90000000000E+01 2.70210257063E+02 6.01331321641E+00 2.69210468180E+02 4.84114903567E+00 2.71059531883E+02 7.55588972751E+00 2.63007750688E+02 4.53166947463E+00 2.72624568524E+02 6.37258945973E+00 2.73679461253E+02 8.37513938367E+00 2.66382723813E+02 5.44179267383E+00 
4.90000000000E+01 4.95000000000E+01 5.00000000000E+01 2.46913185752E+02 5.57765120209E+00 2.44693432787E+02 4.40173295696E+00 2.49583670432E+02 7.38022851343E+00 2.45349124771E+02 4.30169161956E+00 2.45233735453E+02 5.79598278617E+00 2.45584467699E+02 7.59604185265E+00 2.48153644550E+02 5.26511110260E+00 
5.00000000000E+01 5.05000000000E+01 5.10000000000E+01 2.44387430352E+02 5.76009817941E+00 2.41655788273E+02 4.53655232605E+00 2.39431654353E+02 7.53400773890E+00 2.40631638749E+02 4.45417167225E+00 2.44401509352E+02 5.96790958856E+00 2.43552476265E+02 7.97952260632E+00 2.38560094288E+02 5.42865620694E+00 
5.10000000000E+01 5.15000000000E+01 5.20000000000E+01 2.41943065617E+02 5.15860936301E+00 2.39700262740E+02 4.39758278968E+00 2.47120308948E+02 7.02311794022E+00 2.35389189601E+02 4.04745503994E+00 2.44856016949E+02 5.69735866546E+00 2.48764929724E+02 7.24416776095E+00 2.40721268733E+02 5.10227493507E+00 
5.20000000000E+01 5.25000000000E+01 5.30000000000E+01 2.07843972620E+02 5.29526748711E+00 2.09432906865E+02 4.31164718805E+00 2.03875457251E+02 6.90703727006E+00 2.05440709557E+02 4.10396301836E+00 2.08641168463E+02 5.57079027309E+00 2.04970532386E+02 7.28812435462E+00 2.05412124835E+02 5.03249901554E+00 
5.30000000000E+01 5.35000000000E+01 5.40000000000E+01 2.23214672715E+02 5.11728077977E+00 2.17878207237E+02 3.93233970692E+00 2.31470759229E+02 6.66061183340E+00 2.15079483223E+02 3.87041841811E+00 2.21954282048E+02 5.27379599172E+00 2.28712524568E+02 7.09868344422E+00 2.20358605237E+02 4.79092409794E+00 
5.40000000000E+01 5.45000000000E+01 5.50000000000E+01 2.18312241637E+02 4.87465554635E+00 2.12673969841E+02 3.72809396520E+00 2.15024263102E+02 6.13740444172E+00 2.10532784168E+02 3.66969394160E+00 2.20144828078E+02 4.97401216369E+00 2.22067739655E+02 6.59423606441E+00 2.09574932663E+02 4.53664939116E+00 
5.50000000000E+01 5.55000000000E+01 5.60000000000E+01 1.89947518149E+02 4.58138572350E+00 1.90173372130E+02 3.81912653122E+00 1.87318429623E+02 6.39286753277E+00 1.86952840390E+02 3.45890140384E+00 1.92373629698E+02 5.01209020869E+00 1.87938987194E+02 6.38900689538E+00 1.87955256766E+02 4.57218978327E+00 
5.60000000000E+01 5.65000000000E+01 5.70000000000E+01 1.87679200086E+02 4.45317261947E+00 1.88015517173E+02 3.61064237057E+00 1.90923120481E+02 5.92807028554E+00 1.84936614819E+02 3.38793730161E+00 1.89851734098E+02 4.66313228739E+00 1.90858656861E+02 6.21944305500E+00 1.86601359459E+02 4.19606988568E+00 
5.70000000000E+01 5.75000000000E+01 5.80000000000E+01 1.91921458961E+02 4.40356224553E+00 1.88604435408E+02 3.36447839762E+00 1.98967076370E+02 5.74547969985E+00 1.85516316865E+02 3.33545632605E+00 1.95805647149E+02 4.46087701432E+00 1.94805106416E+02 6.02921100554E+00 1.90904052505E+02 4.16502430214E+00 
5.80000000000E+01 5.85000000000E+01 5.90000000000E+01 1.72343662659E+02 4.11508919405E+00 1.72772518282E+02 3.32850362534E+00 1.71302999903E+02 5.71080497005E+00 1.70633654547E+02 3.16255671409E+00 1.75866989026E+02 4.42643191364E+00 1.72253190041E+02 5.68989229176E+00 1.70867718665E+02 4.07102131907E+00 
5.90000000000E+01 5.95000000000E+01 6.00000000000E+01 1.63037253487E+02 3.92126290487E+00 1.66458671400E+02 3.23959362050E+00 1.64738715942E+02 5.35096334183E+00 1.61702370552E+02 3.00521198219E+00 1.68796652038E+02 4.17923620463E+00 1.69169321925E+02 5.57658720890E+00 1.64625596558E+02 3.80848648967E+00 
6.00000000000E+01 6.05000000000E+01 6.10000000000E+01 1.63036863320E+02 4.04683019825E+00 1.61724595527E+02 3.28162691544E+00 1.61875343232E+02 5.34432180961E+00 1.57829214297E+02 3.08703453214E+00 1.63151128282E+02 4.27840061408E+00 1.61455888670E+02 5.50675711170E+00 1.62248233408E+02 3.86812472119E+00 
6.10000000000E+01 6.15000000000E+01 6.20000000000E+01 1.53945793254E+02 4.06309560950E+00 1.53651988457E+02 3.33215197117E+00 1.55355234034E+02 5.18376010828E+00 1.50605012114E+02 3.14177365791E+00 1.54306449654E+02 4.33948910107E+00 1.56686382409E+02 5.62059624844E+00 1.53539259799E+02 3.76638797765E+00 
6.20000000000E+01 6.25000000000E+01 6.30000000000E+01 1.46765301823E+02 4.03490339955E+00 1.47776997377E+02 3.19597515980E+00 1.48713166629E+02 5.49579964097E+00 1.44952329995E+02 3.07418391901E+00 1.49343354535E+02 4.18779292361E+00 1.49490135193E+02 5.50407246100E+00 1.45992444565E+02 4.01195981562E+00 
6.30000000000E+01 6.35000000000E+01 6.40000000000E+01 1.53935999328E+02 4.04565725872E+00 1.50884272992E+02 3.18146276228E+00 1.56099993327E+02 5.33940686788E+00 1.49832337327E+02 3.10190802988E+00 1.56254590439E+02 4.20873165764E+00 1.58928423055E+02 5.52091727433E+00 1.50912158866E+02 3.87940399840E+00 
6.40000000000E+01 6.45000000000E+01 6.50000000000E+01 1.27133495595E+02 3.35725313027E+00 1.28887446965E+02 2.73622041433E+00 1.21857769032E+02 4.60153823197E+00 1.27199876034E+02 2.59615807562E+00 1.26805938712E+02 3.62125883257E+00 1.23923614913E+02 4.61270396398E+00 1.25722029495E+02 3.29054790305E+00 
6.50000000000E+01 6.55000000000E+01 6.60000000000E+01 1.43874210474E+02 3.48900465727E+00 1.37632824898E+02 2.63506761785E+00 1.45700507295E+02 4.53116581573E+00 1.38984793569E+02 2.63441900382E+00 1.40979106543E+02 3.50931744546E+00 1.46676827528E+02 4.71615406709E+00 1.40573495201E+02 3.29356518826E+00 
6.60000000000E+01 6.65000000000E+01 6.70000000000E+01 1.32702153292E+02 3.35063236523E+00 1.25963965438E+02 2.84565606717E+00 1.35057779214E+02 4.54040904303E+00 1.28793178508E+02 2.52655042087E+00 1.27874433514E+02 3.73205807188E+00 1.33634076891E+02 4.54814916826E+00 1.32002898976E+02 3.29721756032E+00 
6.70000000000E+01 6.75000000000E+01 6.80000000000E+01 1.26363120490E+02 3.33359286776E+00 1.25077515220E+02 2.65460742400E+00 1.26037957357E+02 4.30108540918E+00 1.24440967358E+02 2.53064793518E+00 1.25900301044E+02 3.45893898274E+00 1.26453726405E+02 4.62360738397E+00 1.24117669280E+02 3.12963672972E+00 
6.80000000000E+01 6.85000000000E+01 6.90000000000E+01 1.12613699091E+02 3.33640700780E+00 1.13155910761E+02 2.62307199708E+00 1.10968390256E+02 4.34481232534E+00 1.11590973447E+02 2.55732984056E+00 1.12729777917E+02 3.42285687485E+00 1.13042564085E+02 4.58945715916E+00 1.10732777343E+02 3.11402889952E+00 
6.90000000000E+01 6.95000000000E+01 7.00000000000E+01 1.19142983297E+02 3.19384824602E+00 1.17206613468E+02 2.50121358345E+00 1.18091675501E+02 4.02110197975E+00 1.15945000916E+02 2.39620275857E+00 1.19422682259E+02 3.17731839946E+00 1.23294492449E+02 4.35543616671E+00 1.16518207124E+02 2.99594218626E+00 
7.00000000000E+01 7.05000000000E+01 7.10000000000E+01 1.10128635364E+02 2.93159872967E+00 1.08825218593E+02 2.34391676787E+00 1.11263914137E+02 3.70842392657E+00 1.07117829606E+02 2.22803671086E+00 1.09961729370E+02 3.01669184645E+00 1.10960672859E+02 3.98028394375E+00 1.09288658208E+02 2.70010585980E+00 
7.10000000000E+01 7.15000000000E+01 7.20000000000E+01 1.02938137698E+02 2.65299859687E+00 1.00338318171E+02 2.15058668017E+00 1.03007428166E+02 3.95747532904E+00 1.01119010011E+02 2.04927999842E+00 1.00287860651E+02 2.78419121074E+00 1.02609584525E+02 3.79218238409E+00 1.00435003053E+02 2.85071572537E+00 
7.20000000000E+01 7.25000000000E+01 7.30000000000E+01 1.07988067608E+02 2.89380825863E+00 1.05281127478E+02 2.26438826228E+00 1.05039047540E+02 3.91293216959E+00 1.04975541889E+02 2.20140682383E+00 1.10049236407E+02 2.93697855280E+00 1.10043721419E+02 3.96012995529E+00 1.03813775295E+02 2.85534511127E+00 
7.30000000000E+01 7.35000000000E+01 7.40000000000E+01 1.01421252254E+02 2.63491749552E+00 1.00369280457E+02 2.16798033375E+00 1.03044861070E+02 3.32982178217E+00 9.91365858899E+01 1.99101306863E+00 1.02456740042E+02 2.91005927531E+00 1.02072129567E+02 3.66409073177E+00 9.94165750651E+01 2.48413332283E+00 
7.40000000000E+01 7.45000000000E+01 7.50000000000E+01 9.27620812456E+01 2.54313636239E+00 9.39144699613E+01 2.14323350601E+00 9.31103806573E+01 3.65006740274E+00 9.13061707528E+01 1.89989638397E+00 9.55225001858E+01 2.80562880933E+00 9.58509659496E+01 3.59953177052E+00 9.23769033227E+01 2.71046568970E+00 
7.50000000000E+01 7.55000000000E+01 7.60000000000E+01 8.47852218760E+01 2.68496271441E+00 8.51323099646E+01 2.13785763261E+00 8.85868499585E+01 3.58480179068E+00 8.50452669659E+01 2.04653738468E+00 8.53138087175E+01 2.77641404022E+00 8.41701811359E+01 3.76676078318E+00 8.73230517530E+01 2.58050169013E+00 
7.60000000000E+01 7.65000000000E+01 7.70000000000E+01 9.30888532709E+01 2.51679952425E+00 9.10564224661E+01 2.00477582243E+00 9.48863803133E+01 3.44372171665E+00 8.98521364316E+01 1.94518052583E+00 9.27988555436E+01 2.59209924148E+00 9.62382966411E+01 3.50280589122E+00 9.11107879487E+01 2.48520958456E+00 
7.70000000000E+01 7.75000000000E+01 7.80000000000E+01 8.46268612950E+01 2.45232757569E+00 8.29619832309E+01 2.02541600964E+00 8.66379996248E+01 3.35649607248E+00 8.35265335469E+01 1.87858370910E+00 8.51061861971E+01 2.61404677775E+00 8.49386224314E+01 3.36726689714E+00 8.47679802137E+01 2.38303201745E+00 
7.80000000000E+01 7.85000000000E+01 7.90000000000E+01 8.30506910053E+01 2.50011660399E+00 8.20407791037E+01 1.98127281295E+00 8.48380164947E+01 3.29082311462E+00 8.23864061970E+01 1.85905668977E+00 8.24898878169E+01 2.52670888978E+00 8.35295691527E+01 3.42574070390E+00 8.33401911189E+01 2.37659979746E+00 
7.90000000000E+01 7.95000000000E+01 8.00000000000E+01 7.98550411756E+01 2.32948735668E+00 7.78978124067E+01 1.81581830882E+00 7.76770556443E+01 3.16008451616E+00 7.78008155388E+01 1.75342091733E+00 7.90313367401E+01 2.38082118304E+00 7.70152171985E+01 3.28152263039E+00 7.85300806317E+01 2.23734292170E+00 
8.00000000000E+01 8.05000000000E+01 8.10000000000E+01 7.61814203040E+01 2.17978439598E+00 7.55306995816E+01 1.75971282186E+00 7.81735803510E+01 2.88258317195E+00 7.46260049998E+01 1.69240665022E+00 7.76146591582E+01 2.23478284578E+00 7.79236496966E+01 3.01652413179E+00 7.62352447149E+01 2.12363543402E+00 
8.10000000000E+01 8.15000000000E+01 8.20000000000E+01 7.31175545907E+01 2.21733615402E+00 7.24136031452E+01 1.73692439437E+00 7.26829578065E+01 2.99328086755E+00 7.18993243523E+01 1.71385183256E+00 7.33791466728E+01 2.24929258475E+00 7.29469711394E+01 2.99764269370E+00 7.23504270258E+01 2.21024966860E+00 
8.20000000000E+01 8.25000000000E+01 8.30000000000E+01 7.14786993856E+01 2.17501497340E+00 7.16132037918E+01 1.70877260924E+00 7.38308297275E+01 2.97963832358E+00 7.03271461932E+01 1.61136976727E+00 7.14936811020E+01 2.28946185264E+00 7.18348565070E+01 2.97532694288E+00 7.34016572898E+01 2.09521473707E+00 
8.30000000000E+01 8.35000000000E+01 8.40000000000E+01 6.98983254829E+01 2.03496097807E+00 6.77854878223E+01 1.69124665997E+00 7.37601443881E+01 2.84194216957E+00 6.76121000542E+01 1.57210895995E+00 6.87855474398E+01 2.23243058821E+00 7.17705285099E+01 2.80561197825E+00 7.15256524491E+01 2.04558043046E+00 
8.40000000000E+01 8.45000000000E+01 8.50000000000E+01 6.56995223175E+01 1.98528804651E+00 6.47003084799E+01 1.59833578422E+00 6.42456567760E+01 2.82269054987E+00 6.46496983561E+01 1.51501178494E+00 6.60081683353E+01 2.09721077616E+00 6.52094971299E+01 2.67603660159E+00 6.50006325343E+01 2.02397281408E+00 
8.50000000000E+01 8.55000000000E+01 8.60000000000E+01 6.66299465991E+01 1.98627230822E+00 6.51744646270E+01 1.51222401642E+00 6.84239630571E+01 2.65406804892E+00 6.49067762898E+01 1.50803204900E+00 6.66939993402E+01 2.01976600186E+00 6.94180952372E+01 2.78088787622E+00 6.58730251305E+01 1.96459948405E+00 
8.60000000000E+01 8.65000000000E+01 8.70000000000E+01 6.49378469867E+01 1.85062446744E+00 6.36713900078E+01 1.45360002675E+00 6.37980246847E+01 2.56492352423E+00 6.32336317374E+01 1.43236812321E+00 6.51964865595E+01 1.89230622865E+00 6.57761510640E+01 2.45815479088E+00 6.26140014092E+01 1.88685905390E+00 
8.70000000000E+01 8.75000000000E+01 8.80000000000E+01 6.35645923490E+01 1.83171568787E+00 6.09923746195E+01 1.38652733780E+00 6.41311002486E+01 2.52837919683E+00 6.17139858975E+01 1.38780661065E+00 6.21970813937E+01 1.81262352003E+00 6.52119860784E+01 2.51386439125E+00 6.24954755358E+01 1.85980836780E+00 
8.80000000000E+01 8.85000000000E+01 8.90000000000E+01 6.07661920552E+01 1.95452647881E+00 5.85067089771E+01 1.43189260061E+00 6.08432962880E+01 2.64480195554E+00 5.90977556411E+01 1.47319117398E+00 5.95906327344E+01 1.87087405891E+00 6.00314416975E+01 2.68677510645E+00 6.03872719771E+01 1.90009507649E+00 
8.90000000000E+01 8.95000000000E+01 9.00000000000E+01 5.32872888889E+01 1.85637876896E+00 5.24758522663E+01 1.39564945055E+00 5.39286503599E+01 2.43892312811E+00 5.24773761495E+01 1.38674315832E+00 5.25628617946E+01 1.83251065882E+00 5.33551337117E+01 2.52120019324E+00 5.34479797491E+01 1.75978612391E+00 
9.00000000000E+01 9.05000000000E+01 9.10000000000E+01 5.17257769263E+01 1.73251260010E+00 5.11481920015E+01 1.34362651592E+00 5.07977181699E+01 2.34686304384E+00 5.14841023906E+01 1.33298917210E+00 5.06576248125E+01 1.74139241651E+00 5.03542799281E+01 2.40484051138E+00 5.25469193008E+01 1.64200021740E+00 
9.10000000000E+01 9.15000000000E+01 9.20000000000E+01 5.38778806376E+01 1.73504991356E+00 5.32112989398E+01 1.35661391117E+00 5.32646243931E+01 2.33862454229E+00 5.30823618161E+01 1.32306659471E+00 5.48232949255E+01 1.76921869907E+00 5.42861141291E+01 2.43366833819E+00 5.26048403763E+01 1.71989334630E+00 
9.20000000000E+01 9.25000000000E+01 9.30000000000E+01 4.91221316721E+01 1.72632988783E+00 4.92523112232E+01 1.35253604176E+00 4.93427081860E+01 2.24519718083E+00 4.86641488864E+01 1.29806011980E+00 4.96999565639E+01 1.75763171370E+00 4.91609834142E+01 2.33218939367E+00 4.92167733683E+01 1.60722863676E+00 
9.30000000000E+01 9.35000000000E+01 9.40000000000E+01 5.09476362952E+01 1.46695683685E+00 5.10623330185E+01 1.18910084041E+00 5.08000402709E+01 1.97610326717E+00 4.94534542676E+01 1.11321860729E+00 5.35031195250E+01 1.51234373015E+00 5.06243524726E+01 1.97385794682E+00 5.01948064668E+01 1.42220469450E+00 
9.40000000000E+01 9.45000000000E+01 9.50000000000E+01 5.20214033370E+01 1.50740105353E+00 5.05914362059E+01 1.18880327177E+00 5.30256451984E+01 2.10307652225E+00 4.99606829253E+01 1.15204699931E+00 5.27495890128E+01 1.56037266070E+00 5.35962262248E+01 2.04345139812E+00 5.18433963693E+01 1.52966126956E+00 
9.50000000000E+01 9.55000000000E+01 9.60000000000E+01 4.60170024827E+01 1.49369994393E+00 4.53531271322E+01 1.14840644728E+00 4.68220096906E+01 2.08939309234E+00 4.50962073928E+01 1.14701975556E+00 4.63669459534E+01 1.51536893506E+00 4.57532113571E+01 2.04485125712E+00 4.62936549412E+01 1.46707335375E+00 
9.60000000000E+01 9.65000000000E+01 9.70000000000E+01 4.60631791746E+01 1.44014010209E+00 4.43762771888E+01 1.19505811119E+00 4.48724321741E+01 2.04627764921E+00 4.51901534251E+01 1.09529825365E+00 4.52093924044E+01 1.55369446484E+00 4.64460759284E+01 2.00167205120E+00 4.51158529227E+01 1.45993974530E+00 
9.70000000000E+01 9.75000000000E+01 9.80000000000E+01 4.00440977749E+01 1.45493127418E+00 4.11115736149E+01 1.18902068828E+00 3.75006143775E+01 2.04694933965E+00 3.98824473382E+01 1.11293054145E+00 4.14057335628E+01 1.53587924797E+00 3.97178595416E+01 2.08205102022E+00 3.90513222983E+01 1.45674880698E+00 
9.80000000000E+01 9.85000000000E+01 9.90000000000E+01 4.36465680153E+01 1.51048236971E+00 4.31176147615E+01 1.16953269411E+00 4.18803059288E+01 1.89958603923E+00 4.24420528875E+01 1.13203557854E+00 4.35502037005E+01 1.53767193716E+00 4.37589648488E+01 2.06608963585E+00 4.28927182379E+01 1.41216561197E+00 
9.90000000000E+01 9.95000000000E+01 1.00000000000E+02 4.06869497756E+01 1.36316511611E+00 3.86069856009E+01 1.12134191694E+00 4.02502704463E+01 1.87660362158E+00 3.95291294558E+01 1.04736500752E+00 3.85340328713E+01 1.47421189641E+00 4.04420737234E+01 1.87947409676E+00 4.07667961952E+01 1.39138043065E+00 
#nx: 3
