#labels: ptz__3p5__4p0_lower[1] ptz__3p5__4p0_center[2] ptz__3p5__4p0_upper[3] tot_scale01[4] tot_scale01_Err[5] tot_scale02[6] tot_scale02_Err[7] tot_scale03[8] tot_scale03_Err[9] tot_scale04[10] tot_scale04_Err[11] tot_scale05[12] tot_scale05_Err[13] tot_scale06[14] tot_scale06_Err[15] tot_scale07[16] tot_scale07_Err[17]
#neval: 191947084129
#overflow:lower center upper 1.20617682855E+02 8.11940945049E-01 1.16792331906E+02 6.02404340081E-01 1.20211012821E+02 1.27799304315E+00 1.18301429024E+02 5.94250035662E-01 1.20111395197E+02 7.96358445031E-01 1.21089394927E+02 1.12217914371E+00 1.21727702576E+02 9.24783966212E-01 
0.00000000000E+00 5.00000000000E-01 1.00000000000E+00 0.00000000000E+00 0.00000000000E+00 0.00000000000E+00 0.00000000000E+00 0.00000000000E+00 0.00000000000E+00 0.00000000000E+00 0.00000000000E+00 0.00000000000E+00 0.00000000000E+00 0.00000000000E+00 0.00000000000E+00 0.00000000000E+00 0.00000000000E+00 
1.00000000000E+00 1.50000000000E+00 2.00000000000E+00 -9.30877023276E+01 4.05764868954E+02 3.38490705434E+03 2.79893909470E+02 -2.88251985470E+03 5.27580685809E+02 3.53282540081E+03 3.00883634615E+02 -4.90971894406E+02 3.75079455030E+02 -4.50595374215E+03 5.67367196410E+02 6.23125904893E+02 3.89434973694E+02 
2.00000000000E+00 2.50000000000E+00 3.00000000000E+00 5.89300314991E+03 2.35996823395E+02 7.04128027378E+03 1.43322179479E+02 4.47100384579E+03 3.17208771135E+02 7.11184280750E+03 1.76130326785E+02 5.56381344837E+03 1.93385596499E+02 4.22398791187E+03 3.31389817707E+02 6.04965513106E+03 2.23243922269E+02 
3.00000000000E+00 3.50000000000E+00 4.00000000000E+00 5.71369341314E+03 1.73340643572E+02 6.58132910886E+03 1.23893721901E+02 4.96142788292E+03 2.34749566643E+02 6.29308188338E+03 1.24469124932E+02 5.99638226539E+03 1.70289281766E+02 5.19711056925E+03 2.28637089294E+02 5.71576736779E+03 1.68602098445E+02 
4.00000000000E+00 4.50000000000E+00 5.00000000000E+00 5.33360013604E+03 1.25980758717E+02 5.69806676308E+03 9.48811610815E+01 4.87182110163E+03 1.67455486923E+02 5.57834878501E+03 9.42461433036E+01 5.40398685755E+03 1.27355106583E+02 4.93180152295E+03 1.75320967762E+02 5.20896578368E+03 1.20355695557E+02 
5.00000000000E+00 5.50000000000E+00 6.00000000000E+00 4.42718705974E+03 1.05761859531E+02 4.75848418565E+03 6.65580044506E+01 4.28008522559E+03 1.25773204963E+02 4.56955702774E+03 7.85870296267E+01 4.59318682920E+03 8.89596943635E+01 4.27726427047E+03 1.40139297107E+02 4.45645932658E+03 9.03275835603E+01 
6.00000000000E+00 6.50000000000E+00 7.00000000000E+00 3.97313947112E+03 8.31238629705E+01 4.10588860373E+03 5.92321950246E+01 3.79388579729E+03 9.92052305784E+01 4.01329659338E+03 5.91135618987E+01 4.02299955961E+03 7.95470985408E+01 3.86318453723E+03 1.15716500068E+02 3.87635879229E+03 7.15638784551E+01 
7.00000000000E+00 7.50000000000E+00 8.00000000000E+00 3.38372171174E+03 5.92642596157E+01 3.45126391145E+03 4.59495290917E+01 3.27326476015E+03 1.02930739739E+02 3.38792990682E+03 4.44983372884E+01 3.41122608810E+03 6.16320688591E+01 3.25713598480E+03 1.02826213182E+02 3.31036221670E+03 7.38450071750E+01 
8.00000000000E+00 8.50000000000E+00 9.00000000000E+00 2.89973410618E+03 6.49118229586E+01 2.98074054229E+03 4.55499391230E+01 2.87380663637E+03 7.31813185228E+01 2.90722099059E+03 4.81828738699E+01 2.96159727195E+03 6.10516178408E+01 2.85457948350E+03 9.01849626405E+01 2.87264800746E+03 5.32532530766E+01 
9.00000000000E+00 9.50000000000E+00 1.00000000000E+01 2.70971435546E+03 4.82213974375E+01 2.71972527700E+03 3.76796564595E+01 2.71424335176E+03 6.93910450710E+01 2.65793635272E+03 3.60997911896E+01 2.74932038226E+03 5.84420448897E+01 2.73460823387E+03 6.69234694782E+01 2.64938915687E+03 4.70376867783E+01 
1.00000000000E+01 1.05000000000E+01 1.10000000000E+01 2.22459300384E+03 4.99476375253E+01 2.27517873656E+03 3.54370346624E+01 2.17418205906E+03 5.83879631407E+01 2.21236503104E+03 3.73792452169E+01 2.27653546267E+03 4.75129425613E+01 2.18219412150E+03 6.78850599741E+01 2.18739282690E+03 4.26422595278E+01 
1.10000000000E+01 1.15000000000E+01 1.20000000000E+01 2.16002651539E+03 4.73267276284E+01 2.12122037520E+03 2.99649469875E+01 2.25250034791E+03 6.58987573810E+01 2.06814878747E+03 2.89536426584E+01 2.17642272124E+03 4.89326975269E+01 2.22010806587E+03 6.58780678077E+01 2.16032529621E+03 4.74676790294E+01 
1.20000000000E+01 1.25000000000E+01 1.30000000000E+01 1.87710170780E+03 3.41462134558E+01 1.86649006385E+03 3.19932105962E+01 1.86570413332E+03 5.57614318479E+01 1.82820457249E+03 2.58529184772E+01 1.90102800499E+03 4.26336296772E+01 1.88426672757E+03 5.02695930227E+01 1.82498435438E+03 4.03176880523E+01 
1.30000000000E+01 1.35000000000E+01 1.40000000000E+01 1.63948472053E+03 3.73972506376E+01 1.63262736841E+03 2.92411802328E+01 1.65632062007E+03 5.22917001671E+01 1.60720837218E+03 2.81314368596E+01 1.66266188377E+03 3.94669343850E+01 1.66236445153E+03 5.21164149728E+01 1.62789234748E+03 3.78107298126E+01 
1.40000000000E+01 1.45000000000E+01 1.50000000000E+01 1.48107850657E+03 3.31277353797E+01 1.45911323162E+03 2.63646445499E+01 1.45489857760E+03 4.76197981909E+01 1.44504398613E+03 2.47601729499E+01 1.47956672439E+03 3.53431810382E+01 1.46758445892E+03 4.73054678404E+01 1.43234781370E+03 3.42479612157E+01 
1.50000000000E+01 1.55000000000E+01 1.60000000000E+01 1.39226059821E+03 3.10969447043E+01 1.36881454009E+03 1.92444452003E+01 1.38175528269E+03 4.14450437612E+01 1.34501937504E+03 2.35002583983E+01 1.41550383497E+03 2.52083509838E+01 1.41221854451E+03 4.24326504062E+01 1.35642517907E+03 3.12986744858E+01 
1.60000000000E+01 1.65000000000E+01 1.70000000000E+01 1.19833344695E+03 2.82194248369E+01 1.18022276109E+03 2.25224630580E+01 1.17610725958E+03 3.68202220042E+01 1.16168607362E+03 2.23026233537E+01 1.19962498710E+03 3.00885185136E+01 1.19181005618E+03 4.08380369738E+01 1.16015533495E+03 2.65431222884E+01 
1.70000000000E+01 1.75000000000E+01 1.80000000000E+01 1.12269722657E+03 2.19264198411E+01 1.12217522558E+03 2.05415968888E+01 1.14356540475E+03 2.85758009207E+01 1.08757770228E+03 1.65520681837E+01 1.16443786809E+03 2.75164949666E+01 1.13709935488E+03 3.17319241514E+01 1.10885221384E+03 2.06050947188E+01 
1.80000000000E+01 1.85000000000E+01 1.90000000000E+01 1.01143687518E+03 2.09883860025E+01 9.51788366171E+02 1.83074761624E+01 1.01169461140E+03 2.84557957040E+01 9.83841610792E+02 1.61471135815E+01 9.65226231191E+02 2.45807927698E+01 1.04433885025E+03 2.95325707436E+01 9.84995308511E+02 2.06071069506E+01 
1.90000000000E+01 1.95000000000E+01 2.00000000000E+01 9.53914992502E+02 1.81868141020E+01 9.10297343691E+02 1.70564310827E+01 9.13348063636E+02 3.19401943892E+01 9.22604860029E+02 1.35859030394E+01 9.33875209262E+02 2.30729869327E+01 9.90012981546E+02 2.49369130124E+01 8.95777177734E+02 2.33381809229E+01 
2.00000000000E+01 2.05000000000E+01 2.10000000000E+01 8.31784558340E+02 2.11354381302E+01 8.02888717328E+02 1.65102580661E+01 8.37781671122E+02 2.99096513461E+01 8.06957760533E+02 1.56533989156E+01 8.17648644347E+02 2.16683554331E+01 8.42281291965E+02 2.93337133140E+01 8.37151033756E+02 1.84057381586E+01 
2.10000000000E+01 2.15000000000E+01 2.20000000000E+01 8.03838101914E+02 2.32690556823E+01 7.64782913530E+02 1.28024379621E+01 8.36444655887E+02 3.25108317595E+01 7.70837227174E+02 1.73574132146E+01 7.81917144204E+02 1.75514724747E+01 8.31460088145E+02 3.22966502445E+01 8.02071108677E+02 2.31796791739E+01 
2.20000000000E+01 2.25000000000E+01 2.30000000000E+01 7.36873621685E+02 1.62218119758E+01 7.08313856979E+02 1.25811484688E+01 7.51297185106E+02 2.22885553019E+01 7.04829147325E+02 1.21968343652E+01 7.33583585630E+02 1.68143879528E+01 7.68891945386E+02 2.25709357213E+01 7.17030059463E+02 1.63803815565E+01 
2.30000000000E+01 2.35000000000E+01 2.40000000000E+01 6.56365450770E+02 1.60789916294E+01 6.63277888040E+02 1.11613286689E+01 6.61741349227E+02 2.31464969267E+01 6.37870654338E+02 1.20742000757E+01 6.84920009719E+02 1.50867980767E+01 6.73198569009E+02 2.27594247742E+01 6.46175284932E+02 1.66890977032E+01 
2.40000000000E+01 2.45000000000E+01 2.50000000000E+01 6.10716696359E+02 1.69578089260E+01 5.92651771663E+02 1.26440748908E+01 6.32890638344E+02 2.22988154391E+01 5.88296450298E+02 1.27196775462E+01 6.11921217561E+02 1.67935713620E+01 6.28806747346E+02 2.37231522480E+01 6.11222402891E+02 1.60866898663E+01 
2.50000000000E+01 2.55000000000E+01 2.60000000000E+01 5.53613971546E+02 1.63554659278E+01 5.40516683436E+02 1.21000100257E+01 5.70345364616E+02 2.21196401728E+01 5.36982399971E+02 1.22456473173E+01 5.49840645966E+02 1.60644850432E+01 5.63755709510E+02 2.19761048226E+01 5.56216256407E+02 1.59749517310E+01 
2.60000000000E+01 2.65000000000E+01 2.70000000000E+01 5.39216650254E+02 1.47922978134E+01 5.26477213701E+02 1.08083136216E+01 5.63422496659E+02 2.13461791659E+01 5.17823584626E+02 1.11217897567E+01 5.44781186045E+02 1.44116584952E+01 5.59163468060E+02 2.05463612212E+01 5.39259347532E+02 1.54346681493E+01 
2.70000000000E+01 2.75000000000E+01 2.80000000000E+01 4.97090195328E+02 1.34213881493E+01 4.90843039144E+02 1.08048774204E+01 5.34061030287E+02 2.10845304827E+01 4.82806647312E+02 1.01952519068E+01 5.09223818150E+02 1.43675736254E+01 5.20465108431E+02 1.88289599242E+01 5.10104975057E+02 1.51154913725E+01 
2.80000000000E+01 2.85000000000E+01 2.90000000000E+01 4.58258675327E+02 1.17370180215E+01 4.40250922873E+02 1.02747605852E+01 4.46923877867E+02 1.93471566362E+01 4.39348471813E+02 8.93874287425E+00 4.48557948003E+02 1.35360188321E+01 4.67983865760E+02 1.59876241320E+01 4.36827033137E+02 1.39626591221E+01 
2.90000000000E+01 2.95000000000E+01 3.00000000000E+01 4.15429372660E+02 1.26772593533E+01 4.08347662582E+02 9.53265157470E+00 4.26438176410E+02 1.77080063110E+01 4.03844060984E+02 9.59440079040E+00 4.20976240650E+02 1.26488655787E+01 4.31604374768E+02 1.75945355918E+01 4.12472623683E+02 1.26871545407E+01 
3.00000000000E+01 3.05000000000E+01 3.10000000000E+01 3.95488695709E+02 9.76574425564E+00 3.85371507041E+02 8.46214682264E+00 4.05874990243E+02 1.54404789137E+01 3.78742870238E+02 7.43718391368E+00 4.00600077562E+02 1.12443590261E+01 4.12627329790E+02 1.38741790733E+01 3.90562119445E+02 1.11630699148E+01 
3.10000000000E+01 3.15000000000E+01 3.20000000000E+01 3.49167332907E+02 1.07502688685E+01 3.44737473547E+02 8.39947192740E+00 3.51452486510E+02 1.55152440704E+01 3.37418094868E+02 8.19136380465E+00 3.55513498222E+02 1.10569364747E+01 3.53647743726E+02 1.42671693112E+01 3.47377449338E+02 1.12285926564E+01 
3.20000000000E+01 3.25000000000E+01 3.30000000000E+01 3.66384496777E+02 9.25085164090E+00 3.54060699295E+02 7.64887997059E+00 3.88875020507E+02 1.39156879317E+01 3.46847233751E+02 6.95543462796E+00 3.73231002601E+02 1.00992140753E+01 3.90488777387E+02 1.27635434887E+01 3.66214766571E+02 1.01152479269E+01 
3.30000000000E+01 3.35000000000E+01 3.40000000000E+01 3.07788628982E+02 1.07579699783E+01 3.05655325888E+02 7.57808940194E+00 3.14400306522E+02 1.43326801194E+01 2.98725997913E+02 8.08441525236E+00 3.17906613231E+02 9.79846407853E+00 3.17358332905E+02 1.36183510448E+01 3.08176574552E+02 1.02384465901E+01 
3.40000000000E+01 3.45000000000E+01 3.50000000000E+01 2.88520459158E+02 9.99876051790E+00 2.82090890721E+02 7.56149825485E+00 2.81433272524E+02 1.50409023480E+01 2.77933127085E+02 7.44911787370E+00 2.89270707607E+02 9.54960381777E+00 2.91192381590E+02 1.38571764883E+01 2.79350648509E+02 1.10498850520E+01 
3.50000000000E+01 3.55000000000E+01 3.60000000000E+01 2.90024222405E+02 9.22905593108E+00 2.77676977431E+02 6.87442467552E+00 3.07916362453E+02 1.10989902394E+01 2.78239986740E+02 6.99897707785E+00 2.90150045839E+02 9.16219000870E+00 3.03883013203E+02 1.25981626343E+01 2.89358774765E+02 8.08248801269E+00 
3.60000000000E+01 3.65000000000E+01 3.70000000000E+01 2.61943244552E+02 9.58225053567E+00 2.52825755937E+02 7.10584918573E+00 2.73305844051E+02 1.11129260138E+01 2.54636676059E+02 7.15172043997E+00 2.63413204283E+02 9.52266564957E+00 2.68415198398E+02 1.30377914894E+01 2.62943181087E+02 8.06137724865E+00 
3.70000000000E+01 3.75000000000E+01 3.80000000000E+01 2.48169616596E+02 6.97869310356E+00 2.43880106305E+02 5.38327615442E+00 2.60493680979E+02 9.44055713134E+00 2.38843420993E+02 5.30989097445E+00 2.54789892461E+02 7.01017694682E+00 2.56473251535E+02 9.59905070753E+00 2.48532546821E+02 6.62403724603E+00 
3.80000000000E+01 3.85000000000E+01 3.90000000000E+01 2.35799041410E+02 7.64110636590E+00 2.24912824164E+02 5.51812508981E+00 2.41128552650E+02 1.10067814979E+01 2.25710518393E+02 5.77597617285E+00 2.34496094874E+02 7.11706134551E+00 2.45140108651E+02 1.05728168863E+01 2.32676798572E+02 7.88215129616E+00 
3.90000000000E+01 3.95000000000E+01 4.00000000000E+01 2.01788130308E+02 6.74296243471E+00 2.00479778249E+02 5.37709621730E+00 2.00926427613E+02 1.04673935989E+01 1.96681496099E+02 5.12348261716E+00 2.05338080330E+02 7.13606539808E+00 2.02300075121E+02 1.02700312013E+01 1.98352318923E+02 7.58448986726E+00 
4.00000000000E+01 4.05000000000E+01 4.10000000000E+01 2.09768948594E+02 6.88080995579E+00 1.98531952599E+02 4.68917229929E+00 2.22035337766E+02 8.77705555960E+00 1.98872754104E+02 5.17023789045E+00 2.07749002503E+02 6.26802686931E+00 2.19814301775E+02 9.61292739642E+00 2.10792567723E+02 6.34112230722E+00 
4.10000000000E+01 4.15000000000E+01 4.20000000000E+01 1.95556809729E+02 6.11308247628E+00 1.88750673316E+02 5.09232395722E+00 2.00252006661E+02 9.25496548314E+00 1.88273808412E+02 4.63261876265E+00 1.98609715770E+02 6.84175928677E+00 2.01042988755E+02 8.47846659433E+00 1.92182934492E+02 6.64212434161E+00 
4.20000000000E+01 4.25000000000E+01 4.30000000000E+01 1.70749175777E+02 5.24814546763E+00 1.66444909948E+02 4.15462325536E+00 1.72340804928E+02 7.15926043729E+00 1.65527425497E+02 4.08428786189E+00 1.69033247967E+02 5.57360559480E+00 1.71498844492E+02 7.23640558943E+00 1.66700691596E+02 5.16901101309E+00 
4.30000000000E+01 4.35000000000E+01 4.40000000000E+01 1.70141254592E+02 6.04715656894E+00 1.61163581324E+02 4.18096317792E+00 1.78686355800E+02 8.85425033759E+00 1.62440664156E+02 4.56915465130E+00 1.68551635653E+02 5.52412145268E+00 1.79335010340E+02 8.32167078828E+00 1.68203040645E+02 5.74502225288E+00 
4.40000000000E+01 4.45000000000E+01 4.50000000000E+01 1.64481994934E+02 4.74562845076E+00 1.57229130100E+02 4.08837973132E+00 1.71836197938E+02 7.37163360495E+00 1.56071214331E+02 3.68268050943E+00 1.65606026347E+02 5.40922091930E+00 1.70910308393E+02 6.62486023802E+00 1.64778479836E+02 5.35764689708E+00 
4.50000000000E+01 4.55000000000E+01 4.60000000000E+01 1.41412894090E+02 4.35192686389E+00 1.38761975357E+02 4.02356925157E+00 1.46185791737E+02 6.23925070377E+00 1.37276678983E+02 3.31700545764E+00 1.42740045456E+02 5.36140054204E+00 1.45169773031E+02 6.01368159998E+00 1.41029813510E+02 4.69510432127E+00 
4.60000000000E+01 4.65000000000E+01 4.70000000000E+01 1.39823856283E+02 5.65594710047E+00 1.36178470875E+02 3.94789853600E+00 1.42578443484E+02 6.49067203092E+00 1.35265396701E+02 4.24840375276E+00 1.41631843891E+02 5.21452212991E+00 1.41616064927E+02 6.18401010388E+00 1.39408919655E+02 4.66451944181E+00 
4.70000000000E+01 4.75000000000E+01 4.80000000000E+01 1.24355998502E+02 5.09211540866E+00 1.22504370470E+02 3.08994191973E+00 1.32967692830E+02 5.98277724792E+00 1.21289595643E+02 3.88117452565E+00 1.24911477225E+02 4.00682890851E+00 1.28467085306E+02 7.17121388013E+00 1.30034026304E+02 4.42301752123E+00 
4.80000000000E+01 4.85000000000E+01 4.90000000000E+01 1.25596761567E+02 5.01225393394E+00 1.19044589193E+02 3.39280236256E+00 1.32891475535E+02 6.26176841377E+00 1.21724094481E+02 3.29186071061E+00 1.24425750684E+02 4.91228585974E+00 1.28999481156E+02 6.92838473937E+00 1.26352479330E+02 4.56946771381E+00 
4.90000000000E+01 4.95000000000E+01 5.00000000000E+01 1.10413888005E+02 4.38654716882E+00 1.10469833761E+02 3.22690694503E+00 1.09744306852E+02 5.75685228109E+00 1.07588895165E+02 3.30839388534E+00 1.14851934873E+02 4.29629442128E+00 1.10294764420E+02 6.08507214669E+00 1.10433962466E+02 4.27143058301E+00 
5.00000000000E+01 5.05000000000E+01 5.10000000000E+01 1.12749204050E+02 3.70815443849E+00 1.07293781133E+02 3.14928272734E+00 1.13577444939E+02 5.78956590589E+00 1.07580590955E+02 2.82552447595E+00 1.11208722060E+02 4.09319842850E+00 1.15718233611E+02 5.07278459267E+00 1.10912959073E+02 4.36527790151E+00 
5.10000000000E+01 5.15000000000E+01 5.20000000000E+01 1.01009772148E+02 4.49000179005E+00 9.68282384839E+01 3.15870616479E+00 1.08438573754E+02 6.04334552587E+00 9.67866268126E+01 3.34388467114E+00 1.00542960867E+02 4.24319539585E+00 1.04116819506E+02 6.19611710745E+00 1.05128167375E+02 4.15354402256E+00 
5.20000000000E+01 5.25000000000E+01 5.30000000000E+01 9.98790814626E+01 3.23625346913E+00 9.53893808048E+01 2.41370237148E+00 1.07433776965E+02 5.12250315650E+00 9.54025714977E+01 2.46514839793E+00 9.88821196866E+01 3.18630019678E+00 1.03276447044E+02 4.56452349021E+00 1.02729110842E+02 3.75086786450E+00 
5.30000000000E+01 5.35000000000E+01 5.40000000000E+01 9.15452653852E+01 3.31895491719E+00 8.92905008494E+01 2.63610832008E+00 9.33474364331E+01 4.59325431346E+00 8.82948149550E+01 2.59012138263E+00 9.13626101351E+01 3.34616685007E+00 9.35062346799E+01 4.34469409190E+00 9.17293836351E+01 3.59529650691E+00 
5.40000000000E+01 5.45000000000E+01 5.50000000000E+01 8.80604949325E+01 3.11132559703E+00 8.63211987287E+01 2.26563159997E+00 9.65750414413E+01 4.61847053470E+00 8.48050711050E+01 2.39276454065E+00 9.02832500144E+01 3.00232883183E+00 9.13437749233E+01 4.23086121011E+00 9.04477210328E+01 3.42303067503E+00 
5.50000000000E+01 5.55000000000E+01 5.60000000000E+01 7.91436731992E+01 3.22175658144E+00 7.84145008407E+01 2.20254107646E+00 8.29018058840E+01 4.69223741444E+00 7.66328011336E+01 2.44727659894E+00 8.16555553283E+01 2.86231085803E+00 8.04012784141E+01 4.35617057375E+00 7.81926544028E+01 3.28974758738E+00 
5.60000000000E+01 5.65000000000E+01 5.70000000000E+01 6.62574486823E+01 3.22473332730E+00 6.53034852456E+01 2.38736011648E+00 6.20302449015E+01 4.64589418554E+00 6.58791724060E+01 2.47094282620E+00 6.59539286038E+01 3.17661219407E+00 6.52500616155E+01 4.41265185109E+00 6.38615066589E+01 3.42496399274E+00 
5.70000000000E+01 5.75000000000E+01 5.80000000000E+01 7.35569176774E+01 2.91389586627E+00 7.10024720977E+01 2.20681576128E+00 7.36660600532E+01 4.07492334400E+00 7.08736562316E+01 2.25128821566E+00 7.42622584638E+01 2.90147061017E+00 7.67193342968E+01 4.02765105310E+00 7.31050432037E+01 2.99220641977E+00 
5.80000000000E+01 5.85000000000E+01 5.90000000000E+01 7.15818404906E+01 2.76232815946E+00 6.79334363932E+01 1.91511446014E+00 7.32383777204E+01 4.42988341301E+00 6.84993546437E+01 2.18689226169E+00 7.10246934233E+01 2.49765089758E+00 7.39035426188E+01 3.81937849686E+00 7.06830882410E+01 3.19663452859E+00 
5.90000000000E+01 5.95000000000E+01 6.00000000000E+01 6.10870895644E+01 2.55016138118E+00 6.04383702493E+01 2.11533328770E+00 6.09952565382E+01 4.28635650575E+00 6.11984431960E+01 2.07967628441E+00 5.99564571113E+01 2.64699862107E+00 6.13282295636E+01 3.49109819480E+00 6.10783262783E+01 3.13484637582E+00 
6.00000000000E+01 6.05000000000E+01 6.10000000000E+01 5.92487497532E+01 2.47227790710E+00 5.92292215466E+01 1.59811422618E+00 6.15614046901E+01 3.18616288807E+00 5.74465513468E+01 1.85356151478E+00 6.16522248958E+01 2.08138703135E+00 6.05362814797E+01 3.02851361848E+00 6.07881120918E+01 2.42879665707E+00 
6.10000000000E+01 6.15000000000E+01 6.20000000000E+01 5.66345869235E+01 2.54343699450E+00 5.32947273752E+01 1.86278862397E+00 5.88014470059E+01 3.50151717280E+00 5.35575094848E+01 1.88050694013E+00 5.56507227727E+01 2.48721117658E+00 5.75102056817E+01 3.48052649720E+00 5.67086893774E+01 2.52720075409E+00 
6.20000000000E+01 6.25000000000E+01 6.30000000000E+01 5.51977433975E+01 2.16505157771E+00 5.19734846647E+01 1.23449922286E+00 5.77879961043E+01 3.35521090773E+00 5.25927237455E+01 1.62745281469E+00 5.39257794542E+01 1.68415455747E+00 5.64691111728E+01 2.83169721854E+00 5.60425791152E+01 2.45248323705E+00 
6.30000000000E+01 6.35000000000E+01 6.40000000000E+01 4.87703088499E+01 2.05327247472E+00 4.75143339551E+01 1.61382213174E+00 4.87800370872E+01 2.92110414556E+00 4.70804003300E+01 1.62064307472E+00 4.83377099822E+01 2.01687450643E+00 5.01551672548E+01 2.79132950780E+00 4.81126400588E+01 2.21134483492E+00 
6.40000000000E+01 6.45000000000E+01 6.50000000000E+01 4.67691893308E+01 2.12433666020E+00 4.54642832027E+01 1.56788596233E+00 5.12079148688E+01 3.09404233812E+00 4.42490459996E+01 1.56965517449E+00 4.73229417581E+01 2.07273561500E+00 4.78934299643E+01 2.96496523272E+00 4.97943359087E+01 2.25417250131E+00 
6.50000000000E+01 6.55000000000E+01 6.60000000000E+01 4.62611363571E+01 2.39615180241E+00 4.34364262361E+01 1.55909932693E+00 4.80835348122E+01 3.24267030564E+00 4.36140337792E+01 1.83145483799E+00 4.59785236158E+01 1.94636729090E+00 4.56609421453E+01 3.33895215380E+00 4.56265483191E+01 2.44585501815E+00 
6.60000000000E+01 6.65000000000E+01 6.70000000000E+01 4.14987387306E+01 1.97138906875E+00 4.14438929689E+01 1.39775860090E+00 4.10621916060E+01 2.77848292748E+00 4.09704035076E+01 1.49560261654E+00 4.23942896164E+01 1.81756243451E+00 4.19947664775E+01 2.31193654368E+00 4.28687835801E+01 2.12789296581E+00 
6.70000000000E+01 6.75000000000E+01 6.80000000000E+01 4.47199277169E+01 1.82624731598E+00 4.17457610529E+01 1.36514424514E+00 4.55200540835E+01 2.62667328145E+00 4.16249315168E+01 1.24695890888E+00 4.40962845458E+01 1.78990358655E+00 4.58375894103E+01 2.47085036292E+00 4.38669152652E+01 1.90195355245E+00 
6.80000000000E+01 6.85000000000E+01 6.90000000000E+01 3.78643899741E+01 1.82755384224E+00 3.62906039856E+01 1.39362070782E+00 3.72800391513E+01 2.90367313239E+00 3.66337175487E+01 1.39892038544E+00 3.74027563409E+01 1.80899803464E+00 3.89106270018E+01 2.49082597649E+00 3.72117456764E+01 2.08722199293E+00 
6.90000000000E+01 6.95000000000E+01 7.00000000000E+01 3.53344050256E+01 1.48281104642E+00 3.45358514958E+01 1.12199869495E+00 3.76522484982E+01 2.23323938541E+00 3.49849376634E+01 1.21739229051E+00 3.66222289586E+01 1.56763016962E+00 3.72234247115E+01 2.21462489642E+00 3.62503664495E+01 1.65876422180E+00 
7.00000000000E+01 7.05000000000E+01 7.10000000000E+01 3.67736297921E+01 1.55733673822E+00 3.46021143487E+01 1.38830958631E+00 3.87473628682E+01 2.55354658707E+00 3.50309935074E+01 1.18399035713E+00 3.67765683399E+01 1.83602594132E+00 3.86766979905E+01 2.35633546552E+00 3.72687603408E+01 1.83889164559E+00 
7.10000000000E+01 7.15000000000E+01 7.20000000000E+01 3.11834684456E+01 1.89044353879E+00 3.07957451497E+01 1.25177847098E+00 3.18786246780E+01 2.30815334270E+00 3.07809967014E+01 1.42908582584E+00 3.13873200093E+01 1.65783969996E+00 3.13747239381E+01 2.57267160479E+00 3.18269273474E+01 1.67905922410E+00 
7.20000000000E+01 7.25000000000E+01 7.30000000000E+01 3.14903828345E+01 1.62119242863E+00 3.02308918658E+01 1.02523164989E+00 3.24649213285E+01 2.02105340813E+00 2.96759136127E+01 1.18449684103E+00 3.12868559883E+01 1.41091089169E+00 3.21367547132E+01 2.20663048067E+00 3.10724834712E+01 1.41244421394E+00 
7.30000000000E+01 7.35000000000E+01 7.40000000000E+01 2.66323132654E+01 1.16548139982E+00 2.79892960427E+01 1.00932557756E+00 2.72640483360E+01 1.98719456301E+00 2.72891871765E+01 9.84802915108E-01 2.74685115152E+01 1.22766436606E+00 2.81816238514E+01 1.72205905199E+00 2.82363104579E+01 1.48434581500E+00 
7.40000000000E+01 7.45000000000E+01 7.50000000000E+01 2.52654404959E+01 1.27418268094E+00 2.46615858334E+01 1.10791993784E+00 2.39467967743E+01 2.05097686267E+00 2.57128307140E+01 9.34247303491E-01 2.51487068822E+01 1.39570092376E+00 2.45799354652E+01 1.82076124138E+00 2.45886708603E+01 1.49928114629E+00 
7.50000000000E+01 7.55000000000E+01 7.60000000000E+01 2.62348727663E+01 1.50297287215E+00 2.52244825721E+01 9.57235567031E-01 2.75169850943E+01 2.05874650727E+00 2.51978626173E+01 1.16992193733E+00 2.62581379941E+01 1.24888120920E+00 2.78675066364E+01 2.09010349536E+00 2.62625426346E+01 1.50259785126E+00 
7.60000000000E+01 7.65000000000E+01 7.70000000000E+01 2.31710814472E+01 1.16135883450E+00 2.36767534074E+01 7.74708104682E-01 2.33790336287E+01 1.73327018161E+00 2.25621788076E+01 8.78999434291E-01 2.44479632719E+01 1.05578053882E+00 2.34217636423E+01 1.68011753899E+00 2.35981182087E+01 1.32031896484E+00 
7.70000000000E+01 7.75000000000E+01 7.80000000000E+01 2.31685650484E+01 1.09834104713E+00 2.29003692060E+01 8.60955951682E-01 2.29658302034E+01 1.54703264999E+00 2.28983916521E+01 8.42827526857E-01 2.36338089952E+01 1.11232152438E+00 2.41114374153E+01 1.47595838631E+00 2.30863101126E+01 1.17639115415E+00 
7.80000000000E+01 7.85000000000E+01 7.90000000000E+01 2.04876736880E+01 9.88785791056E-01 1.96978751309E+01 8.04377247694E-01 2.07514921388E+01 1.58570485713E+00 2.02376323520E+01 7.77918029255E-01 2.02623250264E+01 1.05754484237E+00 2.13179566421E+01 1.41611195091E+00 2.06375385566E+01 1.14228620027E+00 
7.90000000000E+01 7.95000000000E+01 8.00000000000E+01 2.04852007154E+01 1.01340843224E+00 1.98129572830E+01 8.28019253924E-01 2.14676771857E+01 1.49082679814E+00 1.94575377923E+01 8.09073454621E-01 2.08477322158E+01 1.06173164876E+00 2.07691187676E+01 1.38199411083E+00 2.09581836716E+01 1.19347266472E+00 
8.00000000000E+01 8.05000000000E+01 8.10000000000E+01 2.03436538666E+01 1.07127712557E+00 1.94120723220E+01 7.70226714303E-01 2.18566431924E+01 1.51129367170E+00 1.94523479649E+01 8.07554303975E-01 2.02611723583E+01 1.02015780616E+00 2.13763359584E+01 1.49278434769E+00 2.08446613753E+01 1.09417585136E+00 
8.10000000000E+01 8.15000000000E+01 8.20000000000E+01 1.84729649763E+01 1.04724731026E+00 1.81947928885E+01 7.29880610703E-01 1.95002302942E+01 1.35352380584E+00 1.81128001130E+01 8.10152057739E-01 1.89535953723E+01 9.57638513479E-01 1.87911266309E+01 1.41523678243E+00 1.91168346615E+01 9.94136226711E-01 
8.20000000000E+01 8.25000000000E+01 8.30000000000E+01 1.89343862101E+01 8.76686111857E-01 1.77455280000E+01 6.72758289983E-01 1.89612360143E+01 1.23916001268E+00 1.81273663339E+01 6.84874254119E-01 1.87070924985E+01 8.65042062001E-01 1.90242135350E+01 1.18988235333E+00 1.85537354978E+01 9.20371648571E-01 
8.30000000000E+01 8.35000000000E+01 8.40000000000E+01 1.66707342950E+01 9.50100924402E-01 1.64710885907E+01 6.91371497213E-01 1.67544827028E+01 1.35052451346E+00 1.59895252236E+01 7.22226631674E-01 1.71698975643E+01 9.15634753955E-01 1.83529802610E+01 1.32796749204E+00 1.67622348043E+01 9.82721926837E-01 
8.40000000000E+01 8.45000000000E+01 8.50000000000E+01 1.45549374425E+01 8.50282946099E-01 1.40118753840E+01 5.51803766905E-01 1.50885770375E+01 1.07924267954E+00 1.42203107754E+01 6.50480174651E-01 1.43345626708E+01 7.21164962129E-01 1.54449431768E+01 1.08477827698E+00 1.44478914239E+01 8.47187196733E-01 
8.50000000000E+01 8.55000000000E+01 8.60000000000E+01 1.41861157624E+01 7.45621038444E-01 1.44200799275E+01 5.63922143952E-01 1.56616700950E+01 1.13600251624E+00 1.41177063009E+01 5.66314827756E-01 1.42023684443E+01 6.97000837453E-01 1.43341263811E+01 1.01440955883E+00 1.51637159912E+01 8.38338299872E-01 
8.60000000000E+01 8.65000000000E+01 8.70000000000E+01 1.34879778676E+01 8.08530476160E-01 1.34378149548E+01 5.92079323524E-01 1.49237352810E+01 1.01588332174E+00 1.32208263542E+01 6.19306105110E-01 1.37119339619E+01 7.75773276318E-01 1.35087768152E+01 1.09476380776E+00 1.47308432734E+01 7.16620628738E-01 
8.70000000000E+01 8.75000000000E+01 8.80000000000E+01 1.37749758381E+01 6.66982181914E-01 1.31286417129E+01 5.24344010051E-01 1.45436014759E+01 1.04262570731E+00 1.30170347019E+01 5.74494271688E-01 1.36596230478E+01 6.82955247639E-01 1.36624804944E+01 8.70990170576E-01 1.38737586206E+01 7.50539461297E-01 
8.80000000000E+01 8.85000000000E+01 8.90000000000E+01 1.29926247741E+01 7.74181008224E-01 1.22756856978E+01 5.46091726417E-01 1.25963215012E+01 1.13376481813E+00 1.24251091533E+01 5.78478199654E-01 1.28016742389E+01 7.10220190745E-01 1.35241606508E+01 1.06704174697E+00 1.24339276809E+01 7.90784489684E-01 
8.90000000000E+01 8.95000000000E+01 9.00000000000E+01 1.11588333254E+01 7.22428722589E-01 1.16843059574E+01 4.57373302075E-01 1.15350792642E+01 1.08057758237E+00 1.08676677303E+01 5.68263240199E-01 1.22102068436E+01 5.92980392033E-01 1.19085813858E+01 8.98015172719E-01 1.13701147184E+01 7.90772781856E-01 
9.00000000000E+01 9.05000000000E+01 9.10000000000E+01 1.19890920652E+01 6.27901726768E-01 1.12743995380E+01 4.79360910538E-01 1.21457499913E+01 9.08326149177E-01 1.14764073878E+01 5.02177900848E-01 1.17623508156E+01 6.26622820332E-01 1.24212609469E+01 8.64404287552E-01 1.22061127758E+01 6.67446600924E-01 
9.10000000000E+01 9.15000000000E+01 9.20000000000E+01 1.05151434570E+01 5.98704923022E-01 1.04482488319E+01 4.37013684104E-01 9.92766287440E+00 9.25855005665E-01 1.03693208613E+01 4.51690098182E-01 1.06346321354E+01 5.77660553905E-01 9.98070118341E+00 8.73879770441E-01 1.01249025287E+01 6.97509040583E-01 
9.20000000000E+01 9.25000000000E+01 9.30000000000E+01 9.05300800009E+00 5.31461557273E-01 8.98280251867E+00 3.93195095243E-01 9.24241673007E+00 8.16406196332E-01 8.73381031195E+00 4.90259120664E-01 9.18332573634E+00 5.72340364802E-01 8.67569067198E+00 8.68904443224E-01 9.40193105765E+00 5.05579324274E-01 
9.30000000000E+01 9.35000000000E+01 9.40000000000E+01 9.84919525315E+00 6.05069803334E-01 9.20692349207E+00 4.35466279595E-01 1.05849388582E+01 8.05065570184E-01 9.69363370998E+00 4.64666563850E-01 9.84944895065E+00 5.84626831087E-01 9.85819106345E+00 8.30723258356E-01 1.03793180989E+01 5.94344157216E-01 
9.40000000000E+01 9.45000000000E+01 9.50000000000E+01 9.31157815730E+00 5.62151836606E-01 8.58630398004E+00 3.46954527362E-01 1.03705621792E+01 7.23937637803E-01 8.82612655873E+00 4.00735896632E-01 8.90973929897E+00 4.41931030281E-01 1.05310140116E+01 8.39028336109E-01 9.15812081671E+00 4.99270719885E-01 
9.50000000000E+01 9.55000000000E+01 9.60000000000E+01 8.84913034235E+00 5.10907096235E-01 8.73404494248E+00 3.67088981621E-01 8.98928362197E+00 7.26826830907E-01 8.66072656550E+00 3.93182848941E-01 9.18835770819E+00 4.74417563946E-01 8.82427612897E+00 7.05846909323E-01 8.90570058734E+00 5.26387403012E-01 
9.60000000000E+01 9.65000000000E+01 9.70000000000E+01 7.41086729942E+00 4.12268428181E-01 7.32784418853E+00 3.70071686209E-01 7.48450769312E+00 6.78134866391E-01 7.60070356499E+00 3.52214353394E-01 7.76805221537E+00 4.83511538900E-01 8.05064310159E+00 6.34885276875E-01 7.71807386384E+00 4.98384185879E-01 
9.70000000000E+01 9.75000000000E+01 9.80000000000E+01 7.51289168063E+00 4.88858049747E-01 7.41305519730E+00 3.45031098508E-01 7.73016956434E+00 6.76888311674E-01 7.42307030362E+00 3.62879387851E-01 7.72543515612E+00 4.64146279868E-01 7.69177458663E+00 6.51428813351E-01 7.69262768221E+00 5.05788893676E-01 
9.80000000000E+01 9.85000000000E+01 9.90000000000E+01 7.23848083020E+00 4.00903541327E-01 7.07807526630E+00 2.99724227125E-01 7.11636697599E+00 5.67212330444E-01 7.15133247742E+00 3.32156579205E-01 7.23879542029E+00 3.85235344655E-01 7.28800184701E+00 5.30258368036E-01 7.22462898223E+00 4.26507286345E-01 
9.90000000000E+01 9.95000000000E+01 1.00000000000E+02 7.08987966821E+00 4.85116556712E-01 6.89720829943E+00 4.10160530931E-01 7.17613635894E+00 6.84512319547E-01 6.77236833445E+00 4.42011316605E-01 7.10093349062E+00 5.58623255942E-01 7.26667784538E+00 6.24076426803E-01 6.96814062117E+00 5.07168649346E-01 
#nx: 3
