#labels: ptz__-3p0__-2p75_lower[1] ptz__-3p0__-2p75_center[2] ptz__-3p0__-2p75_upper[3] tot_scale01[4] tot_scale01_Err[5] tot_scale02[6] tot_scale02_Err[7] tot_scale03[8] tot_scale03_Err[9] tot_scale04[10] tot_scale04_Err[11] tot_scale05[12] tot_scale05_Err[13] tot_scale06[14] tot_scale06_Err[15] tot_scale07[16] tot_scale07_Err[17]
#neval: 191947084129
#overflow:lower center upper 5.78823404589E+02 4.29096754433E+00 5.64438031708E+02 3.20401815476E+00 5.77636710490E+02 6.29207627453E+00 5.66780562195E+02 3.19152452292E+00 5.77881233314E+02 4.30787842733E+00 5.78615005431E+02 5.96846227257E+00 5.80801222873E+02 4.51366000662E+00 
0.00000000000E+00 5.00000000000E-01 1.00000000000E+00 0.00000000000E+00 0.00000000000E+00 0.00000000000E+00 0.00000000000E+00 0.00000000000E+00 0.00000000000E+00 0.00000000000E+00 0.00000000000E+00 0.00000000000E+00 0.00000000000E+00 0.00000000000E+00 0.00000000000E+00 0.00000000000E+00 0.00000000000E+00 
1.00000000000E+00 1.50000000000E+00 2.00000000000E+00 -3.11111802138E+03 3.92211659731E+02 -8.98627456160E+02 2.87301034361E+02 -4.77486888893E+03 4.95931135930E+02 5.52014797856E+01 2.91695734838E+02 -4.36122880388E+03 3.84984876128E+02 -6.42274540332E+03 5.45647492979E+02 -1.78177214015E+03 3.57439319631E+02 
2.00000000000E+00 2.50000000000E+00 3.00000000000E+00 3.33946099177E+03 1.76256794645E+02 4.51289385290E+03 1.51136175850E+02 2.35131349158E+03 2.36642419083E+02 4.68300426099E+03 1.23518668466E+02 2.99638619433E+03 2.02366581678E+02 1.69727756996E+03 2.44894946729E+02 3.77714304775E+03 1.61163760487E+02 
3.00000000000E+00 3.50000000000E+00 4.00000000000E+00 4.35083666226E+03 1.52670761974E+02 4.97992887575E+03 1.25479248577E+02 3.65311218796E+03 2.00408712923E+02 4.99852503607E+03 1.14344120342E+02 4.28713329385E+03 1.67284897255E+02 3.57253966813E+03 2.15809199232E+02 4.38535142207E+03 1.42323973706E+02 
4.00000000000E+00 4.50000000000E+00 5.00000000000E+00 4.30979877933E+03 1.27841047291E+02 4.63681520152E+03 1.02361465860E+02 3.94680869458E+03 1.57235443080E+02 4.56775501041E+03 9.07352264457E+01 4.30848440574E+03 1.37414385354E+02 3.87202476494E+03 1.76236215118E+02 4.23177769489E+03 1.14505234648E+02 
5.00000000000E+00 5.50000000000E+00 6.00000000000E+00 3.68858831547E+03 9.33419094430E+01 3.94225178750E+03 7.54440086672E+01 3.31716552534E+03 1.21986997010E+02 3.88169240787E+03 6.97731237369E+01 3.69228697242E+03 1.01197668194E+02 3.34387709829E+03 1.34055055776E+02 3.58502072394E+03 8.76495797147E+01 
6.00000000000E+00 6.50000000000E+00 7.00000000000E+00 3.16579481659E+03 8.55381828904E+01 3.36522495884E+03 6.64487680706E+01 2.92404513729E+03 1.11654040423E+02 3.30302380602E+03 6.36705095642E+01 3.20832880114E+03 8.90404309644E+01 3.00085780470E+03 1.15865231276E+02 3.11157794062E+03 8.01562898117E+01 
7.00000000000E+00 7.50000000000E+00 8.00000000000E+00 2.93555042268E+03 6.48277031167E+01 3.07759358820E+03 5.12936682757E+01 2.83190277292E+03 8.59242678451E+01 2.98212019528E+03 4.83186278661E+01 3.00684053594E+03 6.84964884666E+01 2.84549016869E+03 9.14268652703E+01 2.90275331234E+03 6.08770880471E+01 
8.00000000000E+00 8.50000000000E+00 9.00000000000E+00 2.54077070879E+03 5.07137400672E+01 2.63512303873E+03 4.79860659921E+01 2.37609769150E+03 8.03572643370E+01 2.57968240375E+03 3.79527261074E+01 2.56337699141E+03 6.40883017765E+01 2.44718136670E+03 7.03594828581E+01 2.46293294688E+03 4.96542520462E+01 
9.00000000000E+00 9.50000000000E+00 1.00000000000E+01 2.29209298146E+03 5.69698084712E+01 2.35170424504E+03 4.44509545558E+01 2.24273899402E+03 7.38017218429E+01 2.30511552753E+03 4.25200912404E+01 2.30810656210E+03 5.90038223335E+01 2.25240506302E+03 7.86712024062E+01 2.25002155035E+03 5.31016460771E+01 
1.00000000000E+01 1.05000000000E+01 1.10000000000E+01 2.01858619828E+03 4.92780726058E+01 2.07886627041E+03 3.71999423644E+01 1.94524865958E+03 6.72725518965E+01 2.02006204584E+03 3.71722869749E+01 2.05699971578E+03 4.91755487665E+01 1.95147351384E+03 6.81670825874E+01 1.99468766533E+03 4.38465643307E+01 
1.10000000000E+01 1.15000000000E+01 1.20000000000E+01 1.86765562674E+03 3.90344086302E+01 1.89869863865E+03 3.10157508754E+01 1.84548647750E+03 4.96857849670E+01 1.85846653945E+03 2.92106704184E+01 1.89562966209E+03 4.14425729089E+01 1.85896354377E+03 5.44217168361E+01 1.83772482358E+03 3.58573223525E+01 
1.20000000000E+01 1.25000000000E+01 1.30000000000E+01 1.68202389760E+03 3.62279460103E+01 1.69519386237E+03 2.91287884845E+01 1.65779803532E+03 5.01995301437E+01 1.66120571731E+03 2.77319109429E+01 1.68701666496E+03 3.91332289751E+01 1.66891310200E+03 5.06263730862E+01 1.64149314164E+03 3.59095518880E+01 
1.30000000000E+01 1.35000000000E+01 1.40000000000E+01 1.54096186503E+03 3.39711264962E+01 1.54991603777E+03 2.75914662549E+01 1.50191792640E+03 4.58672752431E+01 1.51920295893E+03 2.53729722066E+01 1.55634217240E+03 3.64479134743E+01 1.53587423518E+03 4.55577706206E+01 1.49595786261E+03 3.28127624847E+01 
1.40000000000E+01 1.45000000000E+01 1.50000000000E+01 1.39396790349E+03 3.09195146058E+01 1.41221118632E+03 2.36690942283E+01 1.38006615304E+03 3.80867297650E+01 1.37544994699E+03 2.32008683020E+01 1.41201929387E+03 3.25299673005E+01 1.39655496752E+03 4.31187648299E+01 1.36710045461E+03 2.76158465493E+01 
1.50000000000E+01 1.55000000000E+01 1.60000000000E+01 1.25439002289E+03 2.67539546079E+01 1.26185267392E+03 2.08302710066E+01 1.22848957504E+03 3.51012138577E+01 1.24652191899E+03 1.99840416452E+01 1.25693182128E+03 2.75928468989E+01 1.25128874930E+03 3.70656727914E+01 1.22672736051E+03 2.54367170489E+01 
1.60000000000E+01 1.65000000000E+01 1.70000000000E+01 1.19870306450E+03 2.72243374556E+01 1.19915787543E+03 1.93208034658E+01 1.21716375815E+03 3.80002556184E+01 1.16724315295E+03 2.03481662784E+01 1.21662666162E+03 2.84878294604E+01 1.21498558527E+03 3.77723357413E+01 1.18607254057E+03 2.73713880708E+01 
1.70000000000E+01 1.75000000000E+01 1.80000000000E+01 1.06681150239E+03 2.42422189575E+01 1.06086518315E+03 1.77669163161E+01 1.06013015320E+03 3.36142461938E+01 1.04222374338E+03 1.81648953127E+01 1.07406718868E+03 2.28357809911E+01 1.06867986847E+03 3.34309001466E+01 1.04561285053E+03 2.42076249369E+01 
1.80000000000E+01 1.85000000000E+01 1.90000000000E+01 9.62516809775E+02 2.58658843384E+01 9.63656222633E+02 2.06188908844E+01 1.01576139383E+03 2.96907820393E+01 9.50823412607E+02 1.93097089568E+01 9.70878276456E+02 2.75903513729E+01 9.67622773360E+02 3.57255386733E+01 9.90626112232E+02 2.13571653856E+01 
1.90000000000E+01 1.95000000000E+01 2.00000000000E+01 9.28511187408E+02 2.09383002626E+01 9.17096182301E+02 1.60977214351E+01 9.35810925755E+02 2.97306256353E+01 9.05108071147E+02 1.57847215396E+01 9.43588062872E+02 2.27920946365E+01 9.53505646434E+02 2.93312999118E+01 9.11181096283E+02 2.14474532817E+01 
2.00000000000E+01 2.05000000000E+01 2.10000000000E+01 8.84175504136E+02 2.13671153542E+01 8.68001346366E+02 1.63995926053E+01 8.86602328087E+02 2.76670349643E+01 8.62352921563E+02 1.55280626223E+01 8.89369939369E+02 2.18442698758E+01 9.05634889048E+02 2.96821743186E+01 8.68913888706E+02 1.89637742415E+01 
2.10000000000E+01 2.15000000000E+01 2.20000000000E+01 7.62459771522E+02 1.82961424531E+01 7.68865696253E+02 1.51712446788E+01 7.35417341472E+02 2.63577063772E+01 7.50075498041E+02 1.38274816466E+01 7.81305983049E+02 2.02563637938E+01 7.69277738007E+02 2.67077112950E+01 7.38281979427E+02 1.91327877210E+01 
2.20000000000E+01 2.25000000000E+01 2.30000000000E+01 7.52360740623E+02 1.80963241614E+01 7.45540625856E+02 1.40967958580E+01 7.56981701349E+02 2.52960868278E+01 7.23226901880E+02 1.34945068649E+01 7.61199540517E+02 1.90986842303E+01 7.57124109420E+02 2.47269333326E+01 7.26773867562E+02 1.78830522409E+01 
2.30000000000E+01 2.35000000000E+01 2.40000000000E+01 6.93025730539E+02 1.83882718218E+01 6.86326787980E+02 1.44363019854E+01 7.12288204412E+02 2.29880914725E+01 6.74847538870E+02 1.37950955689E+01 7.03331064769E+02 1.90383462809E+01 7.14000984004E+02 2.55572611485E+01 6.88084272813E+02 1.65924798061E+01 
2.40000000000E+01 2.45000000000E+01 2.50000000000E+01 6.25299786783E+02 1.56569529567E+01 6.24650839890E+02 1.34008780336E+01 6.31268463310E+02 1.95809150756E+01 6.12232668085E+02 1.17381991404E+01 6.33650670979E+02 1.78790472231E+01 6.25805059465E+02 2.13202711240E+01 6.22410909309E+02 1.41977726751E+01 
2.50000000000E+01 2.55000000000E+01 2.60000000000E+01 5.92830022776E+02 1.71179139578E+01 5.90465294357E+02 1.29489596949E+01 5.93054124870E+02 2.09965111789E+01 5.76101089751E+02 1.26348307076E+01 6.04716299008E+02 1.70995496615E+01 5.97798920760E+02 2.37172223947E+01 5.81748661764E+02 1.51764131921E+01 
2.60000000000E+01 2.65000000000E+01 2.70000000000E+01 5.57280793415E+02 1.37366794078E+01 5.55459050132E+02 1.13573721877E+01 5.80804520743E+02 1.97047492981E+01 5.42494341389E+02 1.03528849864E+01 5.69882953922E+02 1.50283283380E+01 5.62577131103E+02 2.02404697369E+01 5.62661103457E+02 1.42062657009E+01 
2.70000000000E+01 2.75000000000E+01 2.80000000000E+01 5.49321810259E+02 1.35952156026E+01 5.40417570680E+02 9.75561480061E+00 5.52037602362E+02 1.76895280206E+01 5.28715370404E+02 1.01606902341E+01 5.60278668808E+02 1.30693247306E+01 5.69355887781E+02 1.88455335774E+01 5.34502025510E+02 1.29879888660E+01 
2.80000000000E+01 2.85000000000E+01 2.90000000000E+01 4.70506632457E+02 1.30395470887E+01 4.72787414749E+02 1.01108335363E+01 4.71582712703E+02 1.58841576145E+01 4.60609984879E+02 9.72515131249E+00 4.78174424923E+02 1.35013077840E+01 4.72966097228E+02 1.81520447371E+01 4.67490937248E+02 1.15494643422E+01 
2.90000000000E+01 2.95000000000E+01 3.00000000000E+01 4.78221155457E+02 1.22595835630E+01 4.67228656229E+02 9.53151589145E+00 5.01552624989E+02 1.42507399629E+01 4.60235158178E+02 9.17355675422E+00 4.77823156641E+02 1.25550628856E+01 4.96316300908E+02 1.69320871618E+01 4.80821689752E+02 1.05537167220E+01 
3.00000000000E+01 3.05000000000E+01 3.10000000000E+01 4.40674833049E+02 1.16589564688E+01 4.38056910312E+02 8.91709803978E+00 4.40739289945E+02 1.55585583070E+01 4.27579854493E+02 8.77649785208E+00 4.51994642828E+02 1.18014296863E+01 4.49785653438E+02 1.60575694184E+01 4.29767324614E+02 1.13045570960E+01 
3.10000000000E+01 3.15000000000E+01 3.20000000000E+01 4.04897248123E+02 1.12534791390E+01 4.03531063802E+02 8.73824417878E+00 4.26483930780E+02 1.49546042183E+01 3.94383341551E+02 8.43891746186E+00 4.13613021656E+02 1.16594060795E+01 4.10841375530E+02 1.53068993037E+01 4.11504401617E+02 1.08394068043E+01 
3.20000000000E+01 3.25000000000E+01 3.30000000000E+01 3.89167884223E+02 1.06847780020E+01 3.81066308174E+02 7.69514789096E+00 3.93253837527E+02 1.29342680404E+01 3.77840022345E+02 8.07048883863E+00 3.90406939492E+02 1.01622651512E+01 4.01247276618E+02 1.48172687804E+01 3.85060692156E+02 9.20190180358E+00 
3.30000000000E+01 3.35000000000E+01 3.40000000000E+01 3.45303055169E+02 1.18808165641E+01 3.47899728136E+02 7.76870556551E+00 3.56557721035E+02 1.53196728319E+01 3.41180429243E+02 8.89881407553E+00 3.47669726685E+02 1.03246592625E+01 3.40826417127E+02 1.67584009597E+01 3.50339948385E+02 1.10190695953E+01 
3.40000000000E+01 3.45000000000E+01 3.50000000000E+01 3.34515025889E+02 9.59780293411E+00 3.28313994645E+02 7.55624786901E+00 3.36871093914E+02 1.27001711501E+01 3.24788387999E+02 7.19821917473E+00 3.34524783474E+02 1.00875391332E+01 3.38888429439E+02 1.32650478408E+01 3.31323002508E+02 9.25362890394E+00 
3.50000000000E+01 3.55000000000E+01 3.60000000000E+01 3.31589024001E+02 9.32885046006E+00 3.23107565537E+02 7.01529315048E+00 3.47596054680E+02 1.24185520626E+01 3.18920743542E+02 6.94661341130E+00 3.33007200572E+02 8.77301485598E+00 3.39396004153E+02 1.28524764632E+01 3.35436905220E+02 9.47937712270E+00 
3.60000000000E+01 3.65000000000E+01 3.70000000000E+01 2.93022387194E+02 8.61732200184E+00 2.89136696765E+02 6.68057762392E+00 2.81243996738E+02 1.27703330225E+01 2.85359777274E+02 6.55939365008E+00 2.93059253544E+02 8.92460298962E+00 2.95210971666E+02 1.18791595763E+01 2.81452998304E+02 9.13456985079E+00 
3.70000000000E+01 3.75000000000E+01 3.80000000000E+01 2.90574836681E+02 9.22671860454E+00 2.89161713308E+02 6.94502344318E+00 2.83719686649E+02 1.25957093602E+01 2.82623892937E+02 6.93936453306E+00 2.93558798297E+02 8.85210096412E+00 2.94822628834E+02 1.27559599573E+01 2.80527908170E+02 9.14106559595E+00 
3.80000000000E+01 3.85000000000E+01 3.90000000000E+01 2.64689644586E+02 8.51090819739E+00 2.63506928011E+02 6.53840553899E+00 2.52743072388E+02 1.08535299428E+01 2.57104120703E+02 6.28800847977E+00 2.66260070044E+02 8.68778276922E+00 2.65524317157E+02 1.18135454648E+01 2.56689453795E+02 7.80776536964E+00 
3.90000000000E+01 3.95000000000E+01 4.00000000000E+01 2.67878047569E+02 7.30151005098E+00 2.64740670467E+02 6.06489081467E+00 2.85211420302E+02 1.10147040420E+01 2.61656485165E+02 5.51157728409E+00 2.77077198082E+02 8.08931516905E+00 2.75877494844E+02 1.01738796736E+01 2.72599760724E+02 7.99431916365E+00 
4.00000000000E+01 4.05000000000E+01 4.10000000000E+01 2.56658369924E+02 8.07889850054E+00 2.52258257415E+02 6.06566625312E+00 2.59243334086E+02 1.10092362143E+01 2.46705431951E+02 6.05176687697E+00 2.62415332877E+02 8.01626263862E+00 2.68844379771E+02 1.11575541956E+01 2.52510316633E+02 7.90087867045E+00 
4.10000000000E+01 4.15000000000E+01 4.20000000000E+01 2.30156143888E+02 6.89745445183E+00 2.32002566517E+02 5.65017460917E+00 2.45342818401E+02 9.80698493736E+00 2.26697376755E+02 5.08819909155E+00 2.38806485541E+02 7.71025456498E+00 2.32301451199E+02 9.39106558832E+00 2.42993752134E+02 7.01097190568E+00 
4.20000000000E+01 4.25000000000E+01 4.30000000000E+01 2.45080098690E+02 7.05602197286E+00 2.37768978120E+02 5.36001532305E+00 2.46064738088E+02 9.00136906811E+00 2.33104017651E+02 5.32212527364E+00 2.48229738556E+02 6.89353157596E+00 2.54157099708E+02 9.38009700122E+00 2.33327344233E+02 6.22808487916E+00 
4.30000000000E+01 4.35000000000E+01 4.40000000000E+01 2.06172896861E+02 7.38990585032E+00 2.10805565241E+02 5.29901738326E+00 2.06368186990E+02 9.98746128026E+00 2.02048013207E+02 5.42482307283E+00 2.15002936686E+02 7.03036264969E+00 2.05823263407E+02 9.39274669192E+00 2.05125281533E+02 7.41923306214E+00 
4.40000000000E+01 4.45000000000E+01 4.50000000000E+01 2.14306205530E+02 6.86416852053E+00 2.08140150376E+02 5.24818626261E+00 2.19496543562E+02 9.42998806619E+00 2.06136831629E+02 5.22655265980E+00 2.15175954562E+02 6.91068174282E+00 2.22661209753E+02 9.48115894412E+00 2.10880876460E+02 6.82853016184E+00 
4.50000000000E+01 4.55000000000E+01 4.60000000000E+01 1.88899340269E+02 6.49983481809E+00 1.82623990704E+02 5.19361966576E+00 1.88596811265E+02 7.67687795394E+00 1.83935450937E+02 4.89688937185E+00 1.87018539426E+02 6.63146309543E+00 1.92536941874E+02 8.96821375519E+00 1.87104163233E+02 5.50436618343E+00 
4.60000000000E+01 4.65000000000E+01 4.70000000000E+01 1.81771800322E+02 5.65055087574E+00 1.75654274611E+02 4.62303795677E+00 1.81956797577E+02 8.22172527540E+00 1.76372548952E+02 4.28361031326E+00 1.78163520481E+02 6.45235664349E+00 1.83274393024E+02 7.62573531055E+00 1.80282348361E+02 5.98259146776E+00 
4.70000000000E+01 4.75000000000E+01 4.80000000000E+01 1.71467995854E+02 6.92685841305E+00 1.74958156767E+02 4.83816378239E+00 1.75557187106E+02 9.41627089633E+00 1.67858466430E+02 5.26684472056E+00 1.81978260803E+02 6.36124369333E+00 1.75706967664E+02 1.01207440474E+01 1.70976894865E+02 6.86579221322E+00 
4.80000000000E+01 4.85000000000E+01 4.90000000000E+01 1.73523838668E+02 5.68535603329E+00 1.66987079819E+02 4.47961370887E+00 1.78514819479E+02 7.70272143853E+00 1.65464948495E+02 4.31730118661E+00 1.71894928534E+02 5.96464950257E+00 1.76052941353E+02 7.69610282564E+00 1.70597333433E+02 5.54948631531E+00 
4.90000000000E+01 4.95000000000E+01 5.00000000000E+01 1.53473122097E+02 5.58438725644E+00 1.47590972119E+02 4.20037438538E+00 1.52699071298E+02 7.78648991160E+00 1.49993699182E+02 4.26652470979E+00 1.50556042527E+02 5.47867939995E+00 1.49161272103E+02 8.32456520578E+00 1.51252718365E+02 5.70152087179E+00 
5.00000000000E+01 5.05000000000E+01 5.10000000000E+01 1.51425694722E+02 5.47556144277E+00 1.49578464986E+02 4.22225479319E+00 1.54104137769E+02 7.41014733481E+00 1.47220293633E+02 4.01533591064E+00 1.53466595454E+02 5.71805848324E+00 1.56049339036E+02 7.65224907349E+00 1.50760595607E+02 5.32805215265E+00 
5.10000000000E+01 5.15000000000E+01 5.20000000000E+01 1.38671196987E+02 5.60411971836E+00 1.38405292213E+02 4.11817743978E+00 1.35520181273E+02 6.94179565918E+00 1.36002526106E+02 4.05367661215E+00 1.39616097946E+02 5.39967403332E+00 1.38351398547E+02 7.61804358138E+00 1.36593589157E+02 5.10785049204E+00 
5.20000000000E+01 5.25000000000E+01 5.30000000000E+01 1.40666253802E+02 4.99566758200E+00 1.33844610874E+02 3.85512340220E+00 1.40060019768E+02 6.94217434204E+00 1.35879965369E+02 3.80296270244E+00 1.39097726345E+02 5.06537723029E+00 1.43692519446E+02 6.64990632930E+00 1.36174499051E+02 5.04292855283E+00 
5.30000000000E+01 5.35000000000E+01 5.40000000000E+01 1.35329176877E+02 5.04649065610E+00 1.29029810522E+02 3.63607138544E+00 1.36522988703E+02 6.79737554203E+00 1.30519718680E+02 3.81381242181E+00 1.35628966564E+02 4.95814448175E+00 1.37610693853E+02 6.95802194126E+00 1.31491373449E+02 4.95824025709E+00 
5.40000000000E+01 5.45000000000E+01 5.50000000000E+01 1.20497498307E+02 4.48736358863E+00 1.19991750323E+02 3.57077183301E+00 1.19987291591E+02 6.70662955816E+00 1.18693738231E+02 3.39535884647E+00 1.22930329878E+02 4.72597436128E+00 1.22274356361E+02 6.16344709542E+00 1.20244652764E+02 4.83569003854E+00 
5.50000000000E+01 5.55000000000E+01 5.60000000000E+01 1.26116022055E+02 4.42421203758E+00 1.21983332375E+02 3.28197314999E+00 1.31205758027E+02 5.93482446675E+00 1.21769272440E+02 3.29347162024E+00 1.26860793465E+02 4.40832166637E+00 1.31190978630E+02 5.94677564013E+00 1.27224014785E+02 4.15630835896E+00 
5.60000000000E+01 5.65000000000E+01 5.70000000000E+01 1.15358900807E+02 4.43213607729E+00 1.10080166006E+02 3.51978649588E+00 1.16731252570E+02 6.46543078657E+00 1.11459953362E+02 3.41077298834E+00 1.12479511765E+02 4.77059917956E+00 1.16330539802E+02 6.25538635351E+00 1.12853825901E+02 4.60656423862E+00 
5.70000000000E+01 5.75000000000E+01 5.80000000000E+01 1.07858110334E+02 4.43835326091E+00 1.06978580855E+02 3.37509034617E+00 1.08719168647E+02 5.37374607925E+00 1.05255173373E+02 3.38633861035E+00 1.09179745628E+02 4.47564356560E+00 1.12267254656E+02 6.28022324743E+00 1.06186907061E+02 3.88644322874E+00 
5.80000000000E+01 5.85000000000E+01 5.90000000000E+01 1.08849319697E+02 3.66193225855E+00 1.09026321557E+02 3.30865881935E+00 1.11698289974E+02 5.08946700476E+00 1.04800897442E+02 2.80890844497E+00 1.13221433409E+02 4.36393268361E+00 1.11619923821E+02 5.01866440971E+00 1.07312642493E+02 3.71376462048E+00 
5.90000000000E+01 5.95000000000E+01 6.00000000000E+01 9.92651814113E+01 3.79443232304E+00 9.52924499718E+01 2.90252786698E+00 1.00208794278E+02 4.22827286029E+00 9.68842149370E+01 2.88854469012E+00 9.75960691302E+01 3.82651499381E+00 1.01126978470E+02 5.22111073629E+00 9.65292696597E+01 3.58053426356E+00 
6.00000000000E+01 6.05000000000E+01 6.10000000000E+01 9.52905119919E+01 3.93500348681E+00 9.32451449007E+01 3.11174195195E+00 9.51326754795E+01 5.57564307740E+00 9.28841216765E+01 2.95943631652E+00 9.61341272945E+01 4.12984944810E+00 9.68484070054E+01 5.36639019936E+00 9.40860971780E+01 4.03906250227E+00 
6.10000000000E+01 6.15000000000E+01 6.20000000000E+01 9.04489143247E+01 3.40874738764E+00 8.85708167477E+01 2.64851587948E+00 9.51447635984E+01 4.93694555019E+00 8.92638843989E+01 2.72063277363E+00 9.10067810610E+01 3.49687896825E+00 9.32546193966E+01 4.66982593986E+00 9.26367460632E+01 3.53500071895E+00 
6.20000000000E+01 6.25000000000E+01 6.30000000000E+01 8.74509741416E+01 3.55816092094E+00 8.80367461353E+01 2.57408334828E+00 9.05366679808E+01 4.31511375309E+00 8.49111352755E+01 2.69115293083E+00 9.04399082142E+01 3.42787471516E+00 8.96434790685E+01 4.94387568971E+00 8.88714811667E+01 3.25859971509E+00 
6.30000000000E+01 6.35000000000E+01 6.40000000000E+01 8.72204685679E+01 3.35523736638E+00 8.40770916643E+01 2.46163563329E+00 9.05109094981E+01 4.40451767957E+00 8.37518823828E+01 2.56895931996E+00 8.67100923340E+01 3.20171340520E+00 8.86294704770E+01 4.94178914907E+00 8.80238787436E+01 3.21028383986E+00 
6.40000000000E+01 6.45000000000E+01 6.50000000000E+01 7.91749910098E+01 3.58400883735E+00 7.82004926341E+01 2.70925667946E+00 7.88112968653E+01 4.97883351667E+00 7.63580697850E+01 2.66094121886E+00 8.08272042339E+01 3.60117964312E+00 8.00918160059E+01 4.97345413045E+00 7.88213521092E+01 3.62808603240E+00 
6.50000000000E+01 6.55000000000E+01 6.60000000000E+01 7.67904426799E+01 3.48531032130E+00 7.39297559015E+01 2.57707431049E+00 7.78892135843E+01 4.73852297251E+00 7.33177094642E+01 2.52864180791E+00 7.65811576203E+01 3.31659999765E+00 7.47581821063E+01 4.93641595299E+00 7.51804910194E+01 3.35794387890E+00 
6.60000000000E+01 6.65000000000E+01 6.70000000000E+01 7.57177529296E+01 3.13121452533E+00 7.29858448337E+01 2.31696444164E+00 7.94393309532E+01 4.56789538874E+00 7.30437609774E+01 2.37384378269E+00 7.53933893942E+01 3.04340572578E+00 7.95528601079E+01 4.45112327289E+00 7.55325282250E+01 3.14515299305E+00 
6.70000000000E+01 6.75000000000E+01 6.80000000000E+01 6.41075036515E+01 2.80326740518E+00 6.46537569210E+01 2.04443627774E+00 6.26914122178E+01 4.43085116547E+00 6.38460545478E+01 2.11335449042E+00 6.42601384660E+01 2.72169743120E+00 6.34382444444E+01 3.83043712536E+00 6.42515170228E+01 3.19052650618E+00 
6.80000000000E+01 6.85000000000E+01 6.90000000000E+01 7.10371980607E+01 2.64508584619E+00 6.68562519995E+01 2.04656697579E+00 6.91741946012E+01 3.95163284726E+00 6.89990948275E+01 2.03102642295E+00 6.97236891264E+01 2.54557871311E+00 7.11659997554E+01 3.90091419624E+00 6.79023763717E+01 2.88319003591E+00 
6.90000000000E+01 6.95000000000E+01 7.00000000000E+01 6.18738964417E+01 2.68486003161E+00 6.13582401491E+01 2.14992460652E+00 6.06586567991E+01 3.48088312190E+00 6.01644726684E+01 2.01977676357E+00 6.29304804284E+01 2.82940069247E+00 6.23993435061E+01 3.70205687213E+00 6.04577294494E+01 2.85348812227E+00 
7.00000000000E+01 7.05000000000E+01 7.10000000000E+01 6.50831785783E+01 2.77857695004E+00 6.25512022228E+01 2.08878773274E+00 6.92057274759E+01 3.89098384794E+00 6.22205606958E+01 2.07420635526E+00 6.61387275759E+01 2.80935845405E+00 6.71781170894E+01 3.75891881099E+00 6.66436194700E+01 2.83073476975E+00 
7.10000000000E+01 7.15000000000E+01 7.20000000000E+01 6.04629356172E+01 2.80744137238E+00 5.99651927995E+01 2.08695100026E+00 6.39670280236E+01 3.71521598956E+00 6.06553547442E+01 2.17066757070E+00 6.05980338351E+01 2.73802077956E+00 6.19982665086E+01 3.80342853300E+00 6.20232054654E+01 2.79120377182E+00 
7.20000000000E+01 7.25000000000E+01 7.30000000000E+01 5.63357547186E+01 2.51588111874E+00 5.52154253453E+01 2.02252128577E+00 5.80310901977E+01 3.48935094884E+00 5.54058399053E+01 1.97608615260E+00 5.76617194951E+01 2.40610254170E+00 5.55056796123E+01 3.54654871136E+00 5.73979595191E+01 2.62268015702E+00 
7.30000000000E+01 7.35000000000E+01 7.40000000000E+01 5.28730184938E+01 2.73650289907E+00 5.12914105441E+01 1.84842190818E+00 5.08831879316E+01 3.85867457945E+00 5.17323340545E+01 2.13652971071E+00 5.15710864231E+01 2.43267872532E+00 5.31762120681E+01 3.72488915895E+00 5.23722149175E+01 2.78875120989E+00 
7.40000000000E+01 7.45000000000E+01 7.50000000000E+01 5.32762797911E+01 1.94502237710E+00 5.44796428460E+01 1.89057524636E+00 6.16837106392E+01 3.30169136779E+00 5.18379002153E+01 1.42035210688E+00 5.63334531524E+01 2.44657235111E+00 6.13716517641E+01 3.23960783553E+00 5.74258373264E+01 2.39705953485E+00 
7.50000000000E+01 7.55000000000E+01 7.60000000000E+01 4.69056789266E+01 2.54719494311E+00 4.68827761235E+01 1.94156476725E+00 4.75744318698E+01 3.21093818878E+00 4.60325730980E+01 1.93538368474E+00 4.69403876841E+01 2.56751806286E+00 4.55049334849E+01 3.50758722303E+00 4.77168484118E+01 2.54130669203E+00 
7.60000000000E+01 7.65000000000E+01 7.70000000000E+01 5.09768196741E+01 1.97277193259E+00 4.94747407313E+01 1.46988149672E+00 5.53905114709E+01 3.45446492375E+00 4.86784801349E+01 1.50734457953E+00 5.09418525967E+01 2.20452844069E+00 5.14481730245E+01 2.95725885847E+00 5.27498049539E+01 2.50014441256E+00 
7.70000000000E+01 7.75000000000E+01 7.80000000000E+01 4.85476060251E+01 2.29567185352E+00 4.48213463267E+01 1.56720299807E+00 4.91276641464E+01 2.93808926543E+00 4.70918041801E+01 1.74575634364E+00 4.53080276605E+01 2.09898479227E+00 4.98212625024E+01 3.18652123016E+00 4.87107952858E+01 2.12822474236E+00 
7.80000000000E+01 7.85000000000E+01 7.90000000000E+01 4.61852604165E+01 2.25355549050E+00 4.47542925843E+01 1.63412194423E+00 4.70149337074E+01 2.70189114388E+00 4.47104709633E+01 1.66105336010E+00 4.67431649826E+01 2.22635595748E+00 4.58282168097E+01 2.99992338040E+00 4.59225887879E+01 2.17311010740E+00 
7.90000000000E+01 7.95000000000E+01 8.00000000000E+01 4.46162481069E+01 2.31862291884E+00 4.27927726353E+01 1.76570607747E+00 4.40765537426E+01 2.75947323922E+00 4.31674781244E+01 1.70646695146E+00 4.46526529308E+01 2.36063293899E+00 4.49500786641E+01 3.19701155157E+00 4.35666999624E+01 2.01392439736E+00 
8.00000000000E+01 8.05000000000E+01 8.10000000000E+01 4.65045567770E+01 2.23788038531E+00 4.35152438133E+01 1.61477570026E+00 4.77815533515E+01 2.94869441721E+00 4.43388912265E+01 1.69663690776E+00 4.46584252502E+01 2.11014799109E+00 4.87236108445E+01 3.05690119640E+00 4.73578151494E+01 2.20129596423E+00 
8.10000000000E+01 8.15000000000E+01 8.20000000000E+01 3.68780932589E+01 1.94771459735E+00 3.55200157409E+01 1.57517607558E+00 3.62946301240E+01 2.92328895804E+00 3.60057673641E+01 1.44166970505E+00 3.55807098581E+01 2.10058211610E+00 3.67367388624E+01 2.68716309138E+00 3.77927991963E+01 2.11596744250E+00 
8.20000000000E+01 8.25000000000E+01 8.30000000000E+01 4.05981097793E+01 1.76041828929E+00 3.99933782523E+01 1.37212235346E+00 4.31095722321E+01 2.41234303362E+00 3.90353834417E+01 1.34269297059E+00 4.10228015933E+01 1.77461380538E+00 4.25414225806E+01 2.42515216420E+00 4.15993554544E+01 1.76849984476E+00 
8.30000000000E+01 8.35000000000E+01 8.40000000000E+01 3.49936173683E+01 1.55475506186E+00 3.51643044266E+01 1.20793085036E+00 3.51132338863E+01 2.16519090474E+00 3.42289349937E+01 1.20452236259E+00 3.60653995497E+01 1.42257848288E+00 3.46315006575E+01 2.13280326663E+00 3.58415578802E+01 1.59707112622E+00 
8.40000000000E+01 8.45000000000E+01 8.50000000000E+01 3.27954267700E+01 1.80083201296E+00 3.29385548198E+01 1.35872629831E+00 3.36967989272E+01 2.50257079042E+00 3.25125708567E+01 1.37814726509E+00 3.31199643384E+01 1.78520456254E+00 3.27465482585E+01 2.52798026463E+00 3.37736155652E+01 1.79965473430E+00 
8.50000000000E+01 8.55000000000E+01 8.60000000000E+01 3.52730847256E+01 1.66291698821E+00 3.37911166016E+01 1.31270613189E+00 3.49657294282E+01 2.42031120313E+00 3.46119927090E+01 1.28656884066E+00 3.43212567273E+01 1.72508962219E+00 3.64724036403E+01 2.36816026840E+00 3.53369352252E+01 1.79189768213E+00 
8.60000000000E+01 8.65000000000E+01 8.70000000000E+01 3.13360877898E+01 1.40184482348E+00 2.95986944379E+01 1.24868375273E+00 2.91658033402E+01 2.49605335454E+00 3.05559628328E+01 1.07683143577E+00 3.04493123434E+01 1.66301155160E+00 3.10719980608E+01 1.89186178974E+00 3.08427058846E+01 1.78886070289E+00 
8.70000000000E+01 8.75000000000E+01 8.80000000000E+01 2.92838014218E+01 1.66606453192E+00 2.87416875578E+01 1.24502056327E+00 2.94169660779E+01 2.35066616049E+00 2.94238032242E+01 1.24103306260E+00 2.86948455190E+01 1.61920412427E+00 2.90994695694E+01 2.30099633426E+00 2.97787387396E+01 1.61647229000E+00 
8.80000000000E+01 8.85000000000E+01 8.90000000000E+01 3.57135093131E+01 1.56855327662E+00 3.32401542125E+01 1.16256973505E+00 3.91174172790E+01 2.20564600917E+00 3.35920026522E+01 1.18140495223E+00 3.54636893414E+01 1.56252669598E+00 3.77092867011E+01 2.14369291356E+00 3.68231055920E+01 1.62005778573E+00 
8.90000000000E+01 8.95000000000E+01 9.00000000000E+01 2.80607344817E+01 1.37076786394E+00 2.71300277405E+01 1.11427828411E+00 2.84857486872E+01 2.17780915237E+00 2.74101956272E+01 1.05241924410E+00 2.73412634143E+01 1.47403677338E+00 2.85152680229E+01 1.87794199465E+00 2.82191213065E+01 1.57818991228E+00 
9.00000000000E+01 9.05000000000E+01 9.10000000000E+01 2.94564889148E+01 1.64021504574E+00 2.71523104619E+01 1.25759944753E+00 3.01211026329E+01 1.81500115136E+00 2.85168313466E+01 1.19517222237E+00 2.77081611992E+01 1.60120148827E+00 3.00834606147E+01 2.24595980526E+00 2.97021098178E+01 1.31389895582E+00 
9.10000000000E+01 9.15000000000E+01 9.20000000000E+01 2.68736043122E+01 1.59123367752E+00 2.63978192704E+01 1.19080587142E+00 2.64427359836E+01 2.25999773140E+00 2.62379276540E+01 1.17943223089E+00 2.72695725274E+01 1.57629963038E+00 2.67285640614E+01 2.27483248293E+00 2.67036690666E+01 1.69531614838E+00 
9.20000000000E+01 9.25000000000E+01 9.30000000000E+01 2.59304971140E+01 1.37247334611E+00 2.53863161162E+01 1.13472211983E+00 2.46161872035E+01 2.15905976714E+00 2.48540881067E+01 1.09932840072E+00 2.62651066969E+01 1.46705361035E+00 2.52506667492E+01 1.90922187798E+00 2.49918351566E+01 1.47987535884E+00 
9.30000000000E+01 9.35000000000E+01 9.40000000000E+01 2.68014022058E+01 1.47452524253E+00 2.55465915619E+01 1.04187322071E+00 2.83830071451E+01 2.05619423621E+00 2.60217154149E+01 1.07902703550E+00 2.63899180370E+01 1.41492376216E+00 2.81764277931E+01 2.06701334282E+00 2.67278075669E+01 1.47697275581E+00 
9.40000000000E+01 9.45000000000E+01 9.50000000000E+01 2.23751404406E+01 1.29230749032E+00 2.21608259775E+01 9.53714563760E-01 2.14988600415E+01 1.54196028877E+00 2.21811495688E+01 9.71364218277E-01 2.27250112251E+01 1.19452532402E+00 2.26803113506E+01 1.81417173138E+00 2.10437674513E+01 1.15729651944E+00 
9.50000000000E+01 9.55000000000E+01 9.60000000000E+01 2.33536101494E+01 1.21433861212E+00 2.28213784102E+01 9.30871426811E-01 2.49749581780E+01 1.81428394373E+00 2.34116568216E+01 9.56207889449E-01 2.36006899059E+01 1.20412295562E+00 2.39312052613E+01 1.64444619524E+00 2.37188699243E+01 1.33194763709E+00 
9.60000000000E+01 9.65000000000E+01 9.70000000000E+01 2.32787622866E+01 1.24427931348E+00 2.25105988504E+01 9.21434387443E-01 2.36749884864E+01 1.78151640747E+00 2.27431013711E+01 9.45956695968E-01 2.35517368980E+01 1.21539921965E+00 2.42705792677E+01 1.72561160785E+00 2.30485038407E+01 1.29328700669E+00 
9.70000000000E+01 9.75000000000E+01 9.80000000000E+01 1.97945441933E+01 1.19633084796E+00 2.01430925359E+01 9.23933741351E-01 2.02093371438E+01 1.70822390660E+00 2.03108249510E+01 9.31290563710E-01 2.02289709480E+01 1.21084485652E+00 1.89773335760E+01 1.67367867611E+00 2.05778260115E+01 1.24324291918E+00 
9.80000000000E+01 9.85000000000E+01 9.90000000000E+01 2.08900124664E+01 1.11172395663E+00 1.98302559330E+01 8.32501670073E-01 2.16325366207E+01 1.57886511767E+00 2.01776576167E+01 8.44057568681E-01 2.02679039569E+01 1.09249365631E+00 2.10097117859E+01 1.55628748354E+00 2.14835549038E+01 1.03294285099E+00 
9.90000000000E+01 9.95000000000E+01 1.00000000000E+02 2.00897759058E+01 1.12812953923E+00 1.92869771353E+01 8.83711621826E-01 2.05467915086E+01 1.59879105561E+00 1.96950672978E+01 8.33018278446E-01 1.97304757225E+01 1.16853034019E+00 1.98016282656E+01 1.63578496829E+00 1.97780406354E+01 1.16538142625E+00 
#nx: 3
