#labels: ptz__3p25__3p5_lower[1] ptz__3p25__3p5_center[2] ptz__3p25__3p5_upper[3] tot_scale01[4] tot_scale01_Err[5] tot_scale02[6] tot_scale02_Err[7] tot_scale03[8] tot_scale03_Err[9] tot_scale04[10] tot_scale04_Err[11] tot_scale05[12] tot_scale05_Err[13] tot_scale06[14] tot_scale06_Err[15] tot_scale07[16] tot_scale07_Err[17]
#neval: 191947084129
#overflow:lower center upper 2.20294113779E+02 1.64834319225E+00 2.12571917712E+02 1.37832307368E+00 2.19497248852E+02 2.88348188173E+00 2.14981529652E+02 1.23933793882E+00 2.19009728344E+02 1.82612208940E+00 2.21673689094E+02 2.28189069879E+00 2.20196293132E+02 2.07562498921E+00 
0.00000000000E+00 5.00000000000E-01 1.00000000000E+00 0.00000000000E+00 0.00000000000E+00 0.00000000000E+00 0.00000000000E+00 0.00000000000E+00 0.00000000000E+00 0.00000000000E+00 0.00000000000E+00 0.00000000000E+00 0.00000000000E+00 0.00000000000E+00 0.00000000000E+00 0.00000000000E+00 0.00000000000E+00 
1.00000000000E+00 1.50000000000E+00 2.00000000000E+00 -6.59029285988E+02 3.18166857051E+02 1.19499937915E+03 2.37797886498E+02 -2.36694329926E+03 4.54296526199E+02 1.70179970149E+03 2.32949278918E+02 -1.43043545057E+03 3.10102991874E+02 -3.20702750397E+03 4.39986080682E+02 -5.93149193559E+01 3.22225177971E+02 
2.00000000000E+00 2.50000000000E+00 3.00000000000E+00 3.65857978012E+03 1.79646276679E+02 4.58209734973E+03 1.54034613807E+02 2.70271159155E+03 2.40345563889E+02 4.57229956806E+03 1.33244667231E+02 3.54524517437E+03 2.05598944568E+02 2.43114268577E+03 2.52826096343E+02 3.77968788548E+03 1.72774072900E+02 
3.00000000000E+00 3.50000000000E+00 4.00000000000E+00 3.77368147629E+03 1.37673477226E+02 4.30262749701E+03 1.06841988566E+02 3.18732539861E+03 1.86350717600E+02 4.26174011701E+03 1.03804381080E+02 3.76007535572E+03 1.43450792555E+02 3.12194734206E+03 1.90931741343E+02 3.77325443410E+03 1.33632922463E+02 
4.00000000000E+00 4.50000000000E+00 5.00000000000E+00 3.73034504902E+03 9.70300008920E+01 3.98579732555E+03 7.18459396369E+01 3.43429243598E+03 1.24623564324E+02 3.88756682801E+03 7.33322518114E+01 3.77181157682E+03 9.58346176980E+01 3.45460167432E+03 1.35261260725E+02 3.64726300970E+03 9.06305321779E+01 
5.00000000000E+00 5.50000000000E+00 6.00000000000E+00 3.32702473989E+03 8.59182338703E+01 3.44884047783E+03 6.54829303866E+01 3.19332097038E+03 1.13455340627E+02 3.39325976487E+03 6.40426342581E+01 3.33128152221E+03 9.13808709995E+01 3.21162413474E+03 1.19989379645E+02 3.25599024075E+03 7.43382499037E+01 
6.00000000000E+00 6.50000000000E+00 7.00000000000E+00 2.68225147907E+03 6.79635054777E+01 2.78932976276E+03 4.75762272542E+01 2.52227594442E+03 9.31528333063E+01 2.75255487623E+03 5.03244234961E+01 2.70780597252E+03 7.15989095689E+01 2.49592328752E+03 8.09754785404E+01 2.65592834283E+03 6.62931396702E+01 
7.00000000000E+00 7.50000000000E+00 8.00000000000E+00 2.34239594905E+03 5.29804734840E+01 2.42977753469E+03 4.36902153958E+01 2.30937173044E+03 7.69208565836E+01 2.38451465387E+03 3.94782859875E+01 2.37167438263E+03 5.87077726127E+01 2.25790912238E+03 7.39649155717E+01 2.34575577329E+03 5.54534400559E+01 
8.00000000000E+00 8.50000000000E+00 9.00000000000E+00 2.04262194257E+03 4.68085260256E+01 2.10427761446E+03 3.72431776500E+01 1.91576178883E+03 6.75343708146E+01 2.07033052618E+03 3.53075135904E+01 2.04157548009E+03 4.99731542455E+01 1.97801164223E+03 6.57727915304E+01 1.96567618508E+03 4.81635271773E+01 
9.00000000000E+00 9.50000000000E+00 1.00000000000E+01 1.85184186167E+03 4.39976304395E+01 1.90534956474E+03 3.47332208655E+01 1.84713100809E+03 5.74536513094E+01 1.86041940797E+03 3.43488272023E+01 1.90254572198E+03 4.61910710955E+01 1.82633637057E+03 6.24578628166E+01 1.84527784301E+03 4.13700786624E+01 
1.00000000000E+01 1.05000000000E+01 1.10000000000E+01 1.67183783482E+03 4.18939607788E+01 1.71730009418E+03 2.87790458552E+01 1.66876375431E+03 5.60370619632E+01 1.65405597025E+03 3.12444275268E+01 1.73366996854E+03 3.87708821674E+01 1.66661281454E+03 5.82645365765E+01 1.64975725307E+03 4.04215123610E+01 
1.10000000000E+01 1.15000000000E+01 1.20000000000E+01 1.48713688499E+03 3.44429582785E+01 1.50347176559E+03 2.68884587676E+01 1.50389500810E+03 4.94089838044E+01 1.46378181168E+03 2.58244939899E+01 1.51261288327E+03 3.54814011755E+01 1.49592987068E+03 4.89474829452E+01 1.47432893752E+03 3.55489368770E+01 
1.20000000000E+01 1.25000000000E+01 1.30000000000E+01 1.34939136293E+03 3.04328055014E+01 1.34560466588E+03 2.39402538365E+01 1.33245466041E+03 4.25101991638E+01 1.33278763759E+03 2.25659661009E+01 1.35687386876E+03 3.21034592832E+01 1.35287485102E+03 4.22900394323E+01 1.31032210241E+03 3.11189004049E+01 
1.30000000000E+01 1.35000000000E+01 1.40000000000E+01 1.24034890223E+03 3.02492332715E+01 1.24412785922E+03 2.29997771097E+01 1.21403210434E+03 3.64225443718E+01 1.21256955912E+03 2.27111768318E+01 1.27341776141E+03 3.07851985329E+01 1.26002076569E+03 4.26891357383E+01 1.19460482403E+03 2.83044157355E+01 
1.40000000000E+01 1.45000000000E+01 1.50000000000E+01 1.08563218531E+03 2.60410064210E+01 1.08730767617E+03 1.98707631541E+01 1.09809558851E+03 3.61937029462E+01 1.06693777401E+03 1.95102142273E+01 1.10717776932E+03 2.61067535115E+01 1.12088487758E+03 3.81629900810E+01 1.07886006994E+03 2.60900375069E+01 
1.50000000000E+01 1.55000000000E+01 1.60000000000E+01 1.01139080535E+03 2.44765600392E+01 1.01088178154E+03 1.86088995765E+01 1.02846674846E+03 3.26356846019E+01 9.83246330708E+02 1.84187966956E+01 1.03393953324E+03 2.48356075117E+01 1.03338321318E+03 3.42420374923E+01 9.95911364413E+02 2.40559419904E+01 
1.60000000000E+01 1.65000000000E+01 1.70000000000E+01 9.18332693845E+02 2.15445392261E+01 9.07639035483E+02 1.73183069995E+01 9.17838307207E+02 2.57036477385E+01 8.90342749056E+02 1.67033939707E+01 9.33734812828E+02 2.24883001242E+01 9.45333495869E+02 2.97036313147E+01 9.08842300318E+02 1.94493083787E+01 
1.70000000000E+01 1.75000000000E+01 1.80000000000E+01 8.27464861451E+02 2.36242462539E+01 8.31681943683E+02 1.80137686647E+01 8.28200349360E+02 2.80094865621E+01 8.08660285232E+02 1.76364385967E+01 8.57632180229E+02 2.39537783574E+01 8.35971325367E+02 3.29347721496E+01 8.14126129529E+02 2.02692192761E+01 
1.80000000000E+01 1.85000000000E+01 1.90000000000E+01 7.37384523463E+02 1.77849584195E+01 7.21743693080E+02 1.57639173380E+01 6.98876612734E+02 2.77278714166E+01 7.27889226837E+02 1.34117420361E+01 7.35722126607E+02 2.13272329716E+01 7.45067109656E+02 2.46879616012E+01 7.02431749707E+02 1.99164193501E+01 
1.90000000000E+01 1.95000000000E+01 2.00000000000E+01 7.04000401616E+02 1.74494176561E+01 6.97543737904E+02 1.34846963033E+01 7.07049792038E+02 2.47728492157E+01 6.86544467773E+02 1.33290124856E+01 7.13239384599E+02 1.80160532486E+01 7.16465927467E+02 2.44605553921E+01 6.90186315432E+02 1.79517532076E+01 
2.00000000000E+01 2.05000000000E+01 2.10000000000E+01 6.70506595122E+02 1.57843639699E+01 6.58181403712E+02 1.41603261167E+01 6.96819616034E+02 2.17274810852E+01 6.45419517938E+02 1.20636302892E+01 6.68973644634E+02 1.83423325043E+01 7.03164413157E+02 2.28803186839E+01 6.69238730130E+02 1.57300183889E+01 
2.10000000000E+01 2.15000000000E+01 2.20000000000E+01 5.99967323941E+02 1.65586544612E+01 5.82765611923E+02 1.36057953435E+01 6.18600962048E+02 2.18555742183E+01 5.82288221076E+02 1.23798208735E+01 5.93200121034E+02 1.64559275988E+01 6.14128305341E+02 2.30054307607E+01 5.98987094873E+02 1.58356459925E+01 
2.20000000000E+01 2.25000000000E+01 2.30000000000E+01 5.73180690517E+02 1.47256266719E+01 5.60338000258E+02 1.13941903627E+01 5.70527475374E+02 1.76557766466E+01 5.51288411700E+02 1.09682362034E+01 5.71406435411E+02 1.59499967507E+01 5.95089723961E+02 2.02921208836E+01 5.54911123455E+02 1.27960708045E+01 
2.30000000000E+01 2.35000000000E+01 2.40000000000E+01 5.22109318230E+02 1.21813775074E+01 5.22805040047E+02 1.17320961995E+01 5.38775023417E+02 1.86545544080E+01 5.05659193903E+02 9.17125601008E+00 5.36196151566E+02 1.56490481688E+01 5.54428474112E+02 1.97594241059E+01 5.17991470408E+02 1.32545649504E+01 
2.40000000000E+01 2.45000000000E+01 2.50000000000E+01 4.70255952418E+02 1.47790296567E+01 4.68317037027E+02 1.12744344215E+01 4.72323961701E+02 1.97230953477E+01 4.54582458202E+02 1.10004076700E+01 4.81939106828E+02 1.50659211947E+01 4.76391543063E+02 2.04346681258E+01 4.58998655268E+02 1.41716821155E+01 
2.50000000000E+01 2.55000000000E+01 2.60000000000E+01 4.58310810839E+02 1.12617028533E+01 4.52206291366E+02 8.92963577902E+00 4.64085746814E+02 1.58059467093E+01 4.43229159694E+02 8.50899493071E+00 4.66259372265E+02 1.19070894631E+01 4.70726481236E+02 1.54905478249E+01 4.48228249508E+02 1.15111430737E+01 
2.60000000000E+01 2.65000000000E+01 2.70000000000E+01 3.96224604584E+02 1.21502554231E+01 3.96362318655E+02 8.93124283245E+00 4.16876215232E+02 1.63291204354E+01 3.88864513097E+02 9.16596143147E+00 4.05813254463E+02 1.18941970644E+01 4.00338252264E+02 1.68521602773E+01 4.06051070270E+02 1.18006401267E+01 
2.70000000000E+01 2.75000000000E+01 2.80000000000E+01 3.97297171292E+02 1.26673064362E+01 3.82431427317E+02 9.14061531691E+00 4.02023402455E+02 1.66655823488E+01 3.80818691471E+02 9.63949718595E+00 3.98120415333E+02 1.27003517337E+01 4.09057042396E+02 1.75073754481E+01 3.84908712505E+02 1.19162593005E+01 
2.80000000000E+01 2.85000000000E+01 2.90000000000E+01 3.60927586678E+02 1.16176055831E+01 3.59311589574E+02 8.82793214951E+00 3.47322701358E+02 1.39506981562E+01 3.52370177139E+02 8.42060274385E+00 3.68026095610E+02 1.18378880437E+01 3.72249879514E+02 1.58744708965E+01 3.43232644312E+02 1.03199965800E+01 
2.90000000000E+01 2.95000000000E+01 3.00000000000E+01 3.25051818913E+02 1.05066149248E+01 3.22583226386E+02 7.55649168065E+00 3.22330904005E+02 1.54706650425E+01 3.18312342977E+02 7.98554884519E+00 3.32733484142E+02 1.01858104189E+01 3.30822026424E+02 1.50948275599E+01 3.16657114035E+02 1.10010086110E+01 
3.00000000000E+01 3.05000000000E+01 3.10000000000E+01 3.16526775117E+02 8.02547292137E+00 3.11069211018E+02 8.40607527447E+00 3.39200631099E+02 1.41976767498E+01 3.05850943179E+02 6.10274685471E+00 3.21421254215E+02 1.10104188264E+01 3.20020207903E+02 1.07593514509E+01 3.23296401867E+02 1.02796327655E+01 
3.10000000000E+01 3.15000000000E+01 3.20000000000E+01 3.07559896758E+02 9.51354749692E+00 3.02757013880E+02 6.53135875005E+00 3.04186937505E+02 1.38251835389E+01 2.95970783140E+02 7.16512147017E+00 3.08317432830E+02 9.52479582097E+00 3.13763901364E+02 1.32744105580E+01 2.96409769839E+02 1.00137432198E+01 
3.20000000000E+01 3.25000000000E+01 3.30000000000E+01 2.66394504633E+02 9.50666407261E+00 2.63794713852E+02 6.75918861913E+00 2.75326100602E+02 1.26240869666E+01 2.59484911828E+02 7.00246002917E+00 2.79592156531E+02 7.81314959883E+00 2.67140524483E+02 1.26061486198E+01 2.69969943110E+02 9.46255607429E+00 
3.30000000000E+01 3.35000000000E+01 3.40000000000E+01 2.55505897188E+02 7.75082977930E+00 2.44318739399E+02 6.51384022666E+00 2.57915353371E+02 1.22538664853E+01 2.47447721368E+02 5.59077319526E+00 2.50008769930E+02 8.89598565939E+00 2.59962706852E+02 1.06690470555E+01 2.53709426512E+02 8.86821096275E+00 
3.40000000000E+01 3.45000000000E+01 3.50000000000E+01 2.60721756307E+02 7.98913186946E+00 2.59145640523E+02 5.71761767433E+00 2.60151907538E+02 1.00434078846E+01 2.50014518646E+02 6.03227674768E+00 2.70904830982E+02 7.45050450876E+00 2.67468553661E+02 1.08258235158E+01 2.54120320002E+02 7.46544387008E+00 
3.50000000000E+01 3.55000000000E+01 3.60000000000E+01 2.29158922052E+02 7.75392531561E+00 2.20896522497E+02 5.50062725753E+00 2.27058075171E+02 9.81543571927E+00 2.21020506733E+02 5.75002813248E+00 2.28756723529E+02 7.34401595270E+00 2.32692209002E+02 1.05851377189E+01 2.22381852770E+02 7.42868637351E+00 
3.60000000000E+01 3.65000000000E+01 3.70000000000E+01 2.27064493391E+02 6.44091425955E+00 2.21100376464E+02 5.56958593277E+00 2.34219831565E+02 8.91366956279E+00 2.16745862915E+02 5.25401027971E+00 2.29533394225E+02 7.30200743675E+00 2.32802988528E+02 8.87205086094E+00 2.25217573946E+02 6.52458115206E+00 
3.70000000000E+01 3.75000000000E+01 3.80000000000E+01 2.25281238118E+02 6.96098986519E+00 2.16360245260E+02 5.33099459356E+00 2.30578686545E+02 8.90168904009E+00 2.12276219949E+02 5.21592672612E+00 2.29050186617E+02 6.41884106100E+00 2.33468901595E+02 9.72554052497E+00 2.18981034233E+02 6.49137458112E+00 
3.80000000000E+01 3.85000000000E+01 3.90000000000E+01 1.93815851373E+02 6.51797154679E+00 1.92434050558E+02 5.23632175696E+00 1.94524181765E+02 8.95821607246E+00 1.87198978095E+02 4.96857937559E+00 1.96133210740E+02 6.92179950623E+00 1.97393868689E+02 8.90725299570E+00 1.90858789147E+02 6.51804669932E+00 
3.90000000000E+01 3.95000000000E+01 4.00000000000E+01 1.75029250143E+02 6.39623077617E+00 1.72344688420E+02 4.79246731140E+00 1.76049742063E+02 8.75775291549E+00 1.71353566667E+02 4.81898999050E+00 1.75031219185E+02 6.47299040601E+00 1.78764843703E+02 8.82708631911E+00 1.76121610104E+02 6.42813143867E+00 
4.00000000000E+01 4.05000000000E+01 4.10000000000E+01 1.76977301223E+02 5.27857683723E+00 1.69025126215E+02 3.85275373025E+00 1.81118107492E+02 7.15799334737E+00 1.70157515854E+02 4.01648603205E+00 1.75480145068E+02 5.02263540008E+00 1.82251483477E+02 7.22576172458E+00 1.74727455304E+02 5.11568192637E+00 
4.10000000000E+01 4.15000000000E+01 4.20000000000E+01 1.61788882931E+02 5.88848563137E+00 1.61977171100E+02 4.67884462228E+00 1.62398538851E+02 7.97219499300E+00 1.57000539101E+02 4.48020832470E+00 1.69113051065E+02 6.31277362230E+00 1.67126495092E+02 8.11459350678E+00 1.58472490054E+02 5.78253747734E+00 
4.20000000000E+01 4.25000000000E+01 4.30000000000E+01 1.58066088935E+02 5.12184736706E+00 1.54857655974E+02 3.85976550655E+00 1.60942519566E+02 8.07351795191E+00 1.51766343999E+02 3.83940930348E+00 1.61176346513E+02 5.12040364664E+00 1.62597560485E+02 7.70777102486E+00 1.54645120798E+02 5.81620678545E+00 
4.30000000000E+01 4.35000000000E+01 4.40000000000E+01 1.46058809151E+02 4.12894998685E+00 1.40687076230E+02 3.71948826192E+00 1.49546976323E+02 6.44168237644E+00 1.40799311422E+02 3.24812845558E+00 1.42162109677E+02 5.29035494638E+00 1.48195994669E+02 5.94611490317E+00 1.40916931899E+02 5.41225822422E+00 
4.40000000000E+01 4.45000000000E+01 4.50000000000E+01 1.25601563314E+02 4.99179951263E+00 1.23225619461E+02 3.95206040316E+00 1.21231258190E+02 7.18678630712E+00 1.25498281584E+02 3.75610147205E+00 1.23890366571E+02 5.28880893802E+00 1.21986308183E+02 6.88809246669E+00 1.26269284396E+02 5.30292251389E+00 
4.50000000000E+01 4.55000000000E+01 4.60000000000E+01 1.36333466961E+02 5.19384116417E+00 1.28383284672E+02 3.69632195760E+00 1.42987398400E+02 6.25585044905E+00 1.30335265428E+02 3.92915827907E+00 1.32879260857E+02 4.96802774412E+00 1.42478766342E+02 7.20077609494E+00 1.37631566983E+02 4.58066548802E+00 
4.60000000000E+01 4.65000000000E+01 4.70000000000E+01 1.22140961259E+02 4.94618460053E+00 1.21429723319E+02 3.72538556840E+00 1.31947613920E+02 5.35590175864E+00 1.19915178508E+02 3.72482865263E+00 1.24027631673E+02 5.01033860848E+00 1.27492285039E+02 6.78804328765E+00 1.28895651270E+02 3.86467691392E+00 
4.70000000000E+01 4.75000000000E+01 4.80000000000E+01 1.18691675868E+02 4.46658352521E+00 1.16078729474E+02 3.38931967229E+00 1.23002244075E+02 6.35341449098E+00 1.15514636476E+02 3.41959962457E+00 1.22063384741E+02 4.57172347094E+00 1.20976255037E+02 6.15596595519E+00 1.19488988027E+02 4.63578918472E+00 
4.80000000000E+01 4.85000000000E+01 4.90000000000E+01 1.17536678153E+02 3.51793712979E+00 1.07615352356E+02 3.39708117928E+00 1.16597090900E+02 5.63131011601E+00 1.11308607730E+02 2.67830332077E+00 1.11626109141E+02 4.51013127129E+00 1.22666096464E+02 4.94154573621E+00 1.12774750960E+02 3.90281069116E+00 
4.90000000000E+01 4.95000000000E+01 5.00000000000E+01 1.05381306746E+02 4.25841243281E+00 1.02813531624E+02 3.15125417956E+00 1.08022775997E+02 5.22762824255E+00 1.01524921099E+02 3.24300635286E+00 1.07719183004E+02 4.19878842151E+00 1.07831233770E+02 5.92871037731E+00 1.05819342963E+02 3.76852229749E+00 
5.00000000000E+01 5.05000000000E+01 5.10000000000E+01 9.37247324425E+01 3.58309649955E+00 9.31569530326E+01 2.83228715672E+00 9.33928178422E+01 5.39957931944E+00 9.21451017010E+01 2.71291694408E+00 9.27849924224E+01 4.15717977317E+00 9.32503398895E+01 4.80735758542E+00 9.24481597271E+01 3.99903185993E+00 
5.10000000000E+01 5.15000000000E+01 5.20000000000E+01 9.99306587237E+01 3.66658059716E+00 1.01462503780E+02 3.16906240967E+00 1.04820766775E+02 5.34944960439E+00 9.56574936446E+01 2.78945983505E+00 1.05849912414E+02 4.15553449338E+00 1.03130788961E+02 4.95596664822E+00 9.88475245127E+01 3.84893923053E+00 
5.20000000000E+01 5.25000000000E+01 5.30000000000E+01 8.24087983368E+01 3.60146068298E+00 8.02763232992E+01 3.05958820364E+00 7.73890764401E+01 5.98527193853E+00 8.18323795244E+01 3.31153138352E+00 8.08387859697E+01 4.22963210067E+00 8.16384141603E+01 5.02939296616E+00 7.85827481160E+01 4.32067319989E+00 
5.30000000000E+01 5.35000000000E+01 5.40000000000E+01 9.08255460100E+01 3.74137277374E+00 8.66383173028E+01 2.52931267381E+00 9.73738227170E+01 4.73901111110E+00 8.51679180216E+01 2.76627956396E+00 8.87614199204E+01 3.70651704085E+00 9.35048841468E+01 5.12415714040E+00 8.72966029437E+01 3.69399174068E+00 
5.40000000000E+01 5.45000000000E+01 5.50000000000E+01 8.50925183646E+01 3.21051815316E+00 8.33430648111E+01 2.46074836178E+00 9.05008507532E+01 4.79657004863E+00 8.17484411171E+01 2.44029452247E+00 8.62132101266E+01 3.22418696360E+00 8.83663640742E+01 4.60067681481E+00 8.57972942694E+01 3.42485917373E+00 
5.50000000000E+01 5.55000000000E+01 5.60000000000E+01 7.14007940470E+01 3.69804111089E+00 7.06619557146E+01 2.67668615463E+00 7.18106203878E+01 4.79898099173E+00 7.00359129785E+01 2.68217351065E+00 7.11390571575E+01 3.55356964485E+00 7.11645467698E+01 4.98958091273E+00 7.51597480011E+01 3.57434164145E+00 
5.60000000000E+01 5.65000000000E+01 5.70000000000E+01 7.04959018188E+01 3.04889200814E+00 7.12455419052E+01 1.95679455010E+00 6.91927106976E+01 4.38245277810E+00 6.93545116023E+01 2.00255731359E+00 7.42429204014E+01 2.58767794951E+00 7.40455952430E+01 3.59666301517E+00 6.78186329267E+01 3.13173022261E+00 
5.70000000000E+01 5.75000000000E+01 5.80000000000E+01 6.94932220449E+01 3.19999964775E+00 6.86261031714E+01 2.20625045357E+00 6.91992968992E+01 3.64647795552E+00 6.82641218567E+01 2.51177344849E+00 7.11597762343E+01 2.86497603851E+00 7.01341618939E+01 4.26752431230E+00 6.89901366027E+01 2.69667677227E+00 
5.80000000000E+01 5.85000000000E+01 5.90000000000E+01 6.66961186256E+01 2.99510321630E+00 6.64287477784E+01 2.17257043025E+00 6.73657164460E+01 4.61549418393E+00 6.47112389213E+01 2.27373177619E+00 6.75116106435E+01 2.78784961279E+00 6.72505557837E+01 4.08151568559E+00 6.63468117017E+01 3.40976860007E+00 
5.90000000000E+01 5.95000000000E+01 6.00000000000E+01 6.71540436262E+01 2.54392640986E+00 6.18319161049E+01 2.07840301963E+00 6.34020750276E+01 4.12622689298E+00 6.28609095711E+01 1.92026645839E+00 6.49920064213E+01 2.81481465857E+00 6.91298327753E+01 3.48099472448E+00 6.28174796013E+01 2.96964489881E+00 
6.00000000000E+01 6.05000000000E+01 6.10000000000E+01 6.19821241816E+01 2.45621122071E+00 6.00102182080E+01 1.84906437499E+00 6.55140308235E+01 3.99803580560E+00 6.00679615115E+01 1.86394194418E+00 6.25554423014E+01 2.50974505585E+00 6.33873093660E+01 3.37653517110E+00 6.32877043149E+01 2.90297841792E+00 
6.10000000000E+01 6.15000000000E+01 6.20000000000E+01 5.09308113139E+01 2.50873139131E+00 5.28004861855E+01 1.87235683832E+00 5.23218778118E+01 3.64391441764E+00 5.14289599662E+01 1.98576698991E+00 5.29396015148E+01 2.55308399418E+00 5.15174592489E+01 3.57025086754E+00 5.25425202433E+01 2.67207461394E+00 
6.20000000000E+01 6.25000000000E+01 6.30000000000E+01 5.60040504607E+01 2.52796655951E+00 5.28420130939E+01 1.94330193917E+00 5.67365786641E+01 3.53800216798E+00 5.32579087605E+01 1.89386376443E+00 5.36142575597E+01 2.45703506854E+00 5.84328165137E+01 3.45609980511E+00 5.49415712967E+01 2.57311264092E+00 
6.30000000000E+01 6.35000000000E+01 6.40000000000E+01 5.51205145057E+01 2.48759353821E+00 5.28516603248E+01 1.62734147373E+00 5.63512193806E+01 3.43953993755E+00 5.18352599973E+01 1.88895657247E+00 5.51839879935E+01 2.13480117471E+00 5.80196123218E+01 3.40169727214E+00 5.22216729165E+01 2.37825471891E+00 
6.40000000000E+01 6.45000000000E+01 6.50000000000E+01 4.62262367707E+01 2.14012450264E+00 4.69860218999E+01 1.67021331293E+00 4.73229331206E+01 3.07369205074E+00 4.52852355741E+01 1.72912624414E+00 4.66349760565E+01 2.17868629125E+00 4.56593980815E+01 3.01058773987E+00 4.59077016700E+01 2.51134113193E+00 
6.50000000000E+01 6.55000000000E+01 6.60000000000E+01 4.84295261649E+01 2.26037719302E+00 4.80210681043E+01 1.61446943651E+00 5.04112082206E+01 3.26120209711E+00 4.58227222701E+01 1.69699459048E+00 5.05439300367E+01 2.39268132478E+00 5.12857554751E+01 3.52350300274E+00 4.97358716478E+01 2.46992407177E+00 
6.60000000000E+01 6.65000000000E+01 6.70000000000E+01 4.40464856822E+01 1.98422451414E+00 4.27787295933E+01 1.48459873696E+00 4.49995286046E+01 2.54877469607E+00 4.26957925514E+01 1.51657201441E+00 4.39882280489E+01 1.90437408940E+00 4.50852078191E+01 2.75000394646E+00 4.39833721719E+01 1.87051652780E+00 
6.70000000000E+01 6.75000000000E+01 6.80000000000E+01 4.87597805862E+01 2.00873104457E+00 4.57950136448E+01 1.54798573209E+00 5.07882118507E+01 2.80790124502E+00 4.57889126103E+01 1.52049252081E+00 4.81971653172E+01 2.04962368872E+00 5.14158712582E+01 2.75141811507E+00 4.77794744087E+01 2.07977955076E+00 
6.80000000000E+01 6.85000000000E+01 6.90000000000E+01 3.80711627337E+01 1.96503360782E+00 3.76576245113E+01 1.58575702614E+00 3.86886413115E+01 2.84154284781E+00 3.80597326904E+01 1.47749600530E+00 3.79617495279E+01 2.08336663910E+00 3.85314051005E+01 2.70635059633E+00 3.81451123436E+01 2.12122708817E+00 
6.90000000000E+01 6.95000000000E+01 7.00000000000E+01 3.88079560556E+01 1.73906372853E+00 3.68549162036E+01 1.31380916334E+00 3.91487278276E+01 2.52338682976E+00 3.76477811175E+01 1.43067163367E+00 3.83206332571E+01 1.70814984260E+00 3.98003252195E+01 2.54797200134E+00 3.83021979566E+01 1.79189231293E+00 
7.00000000000E+01 7.05000000000E+01 7.10000000000E+01 3.52898341571E+01 1.87967624884E+00 3.51318534092E+01 1.38529826291E+00 3.44497239251E+01 2.61581840724E+00 3.44533447931E+01 1.42963147843E+00 3.58109634554E+01 1.83682310856E+00 3.50394092310E+01 2.56984012154E+00 3.44076764425E+01 1.89663573286E+00 
7.10000000000E+01 7.15000000000E+01 7.20000000000E+01 3.63306556225E+01 1.75705277734E+00 3.52853068804E+01 1.40464560008E+00 3.74053376126E+01 2.16122526039E+00 3.48452967334E+01 1.34812070018E+00 3.68969361910E+01 1.91607046605E+00 3.78261639074E+01 2.36961812415E+00 3.59511146190E+01 1.60237740374E+00 
7.20000000000E+01 7.25000000000E+01 7.30000000000E+01 3.49505959302E+01 1.91318122134E+00 3.58864852645E+01 1.39650770842E+00 3.79073104916E+01 2.71371636296E+00 3.41765846909E+01 1.64318608444E+00 3.77866259981E+01 1.81004834573E+00 3.73829038842E+01 2.88448238981E+00 3.62950148065E+01 1.98743681819E+00 
7.30000000000E+01 7.35000000000E+01 7.40000000000E+01 3.03970060435E+01 1.80402882548E+00 2.99548088500E+01 1.32102627029E+00 3.10919248500E+01 2.51675500283E+00 2.99482401471E+01 1.36065498311E+00 3.04520767752E+01 1.74026810152E+00 3.02268926774E+01 2.47286778527E+00 3.08214317607E+01 1.85098490998E+00 
7.40000000000E+01 7.45000000000E+01 7.50000000000E+01 3.20139210339E+01 1.66861181952E+00 3.08587318989E+01 1.26044671822E+00 3.45936160479E+01 2.43574670713E+00 3.06373205466E+01 1.29147721964E+00 3.27590032696E+01 1.65421043137E+00 3.25061307824E+01 2.44323593179E+00 3.24684465328E+01 1.75986961880E+00 
7.50000000000E+01 7.55000000000E+01 7.60000000000E+01 2.67096655410E+01 1.49026877503E+00 2.60940246155E+01 1.19601775224E+00 2.20355770951E+01 2.22611842154E+00 2.66881562638E+01 1.14484727915E+00 2.59799093077E+01 1.57212462873E+00 2.60685689130E+01 2.09856018852E+00 2.38538830394E+01 1.71249575355E+00 
7.60000000000E+01 7.65000000000E+01 7.70000000000E+01 3.02256211574E+01 1.43351880658E+00 2.92237888093E+01 1.11050576069E+00 3.10323046938E+01 2.08745079217E+00 2.88625787614E+01 1.09549217535E+00 3.05580596936E+01 1.45768458778E+00 3.17541195350E+01 1.96003785477E+00 2.97577308164E+01 1.52318586747E+00 
7.70000000000E+01 7.75000000000E+01 7.80000000000E+01 2.65855181238E+01 1.35795520284E+00 2.61724593922E+01 1.05243617353E+00 2.80993154344E+01 2.08361805512E+00 2.58297071797E+01 1.04526599254E+00 2.68085984246E+01 1.37655524173E+00 2.65320753356E+01 1.85389749969E+00 2.70098390889E+01 1.49000523066E+00 
7.80000000000E+01 7.85000000000E+01 7.90000000000E+01 2.50136866499E+01 1.45004497291E+00 2.46991344661E+01 1.08406930698E+00 2.57144850361E+01 1.91933195650E+00 2.52437097098E+01 1.11777025876E+00 2.52031674922E+01 1.46153935833E+00 2.61690417375E+01 2.01827239027E+00 2.55122783683E+01 1.40089800081E+00 
7.90000000000E+01 7.95000000000E+01 8.00000000000E+01 2.25065405994E+01 1.36962697981E+00 2.18993345275E+01 8.37146215847E-01 2.44003797980E+01 1.78941512036E+00 2.20506967240E+01 9.94779650818E-01 2.20312104302E+01 1.16790171370E+00 2.26012245089E+01 1.89668766850E+00 2.47679863862E+01 1.31609116737E+00 
8.00000000000E+01 8.05000000000E+01 8.10000000000E+01 2.55358257725E+01 1.27403293052E+00 2.38951220463E+01 9.53520059854E-01 2.58357158452E+01 1.82450748050E+00 2.43931844584E+01 9.63679625857E-01 2.52131646093E+01 1.25903564265E+00 2.66367865736E+01 1.73761426307E+00 2.48450665352E+01 1.34758739678E+00 
8.10000000000E+01 8.15000000000E+01 8.20000000000E+01 2.31454329552E+01 1.13646348947E+00 2.30060267170E+01 9.00058920776E-01 2.41940578701E+01 1.78382953160E+00 2.20140804276E+01 8.67488833917E-01 2.44410123024E+01 1.21187137792E+00 2.34222603947E+01 1.21137701996E+00 2.33819210724E+01 1.29070531706E+00 
8.20000000000E+01 8.25000000000E+01 8.30000000000E+01 1.79848042020E+01 1.16114566470E+00 1.76641659524E+01 9.46110823300E-01 1.90221458166E+01 1.53758905898E+00 1.80602301604E+01 8.69109375499E-01 1.74339775648E+01 1.24414274664E+00 1.77826284423E+01 1.57499959766E+00 1.90512295944E+01 1.04347285649E+00 
8.30000000000E+01 8.35000000000E+01 8.40000000000E+01 2.11415196804E+01 1.02953378026E+00 2.01107286070E+01 7.75855198900E-01 2.19636800586E+01 1.19231269968E+00 2.01981542436E+01 7.86183679146E-01 2.09106790380E+01 1.01477236015E+00 2.18681113896E+01 1.38754372988E+00 2.12743691967E+01 8.78199859302E-01 
8.40000000000E+01 8.45000000000E+01 8.50000000000E+01 1.99245513346E+01 9.33099851250E-01 1.87154663795E+01 7.23907974027E-01 2.01090023976E+01 1.36390425718E+00 1.90755713775E+01 7.49217048324E-01 1.95555870510E+01 9.29503935118E-01 2.04185306445E+01 1.32729118143E+00 1.98424625320E+01 9.28867022456E-01 
8.50000000000E+01 8.55000000000E+01 8.60000000000E+01 1.70870485183E+01 1.04520326748E+00 1.66668024990E+01 7.79156640031E-01 1.67958845788E+01 1.49760346400E+00 1.69299967925E+01 7.97153210865E-01 1.69456506805E+01 9.96486407422E-01 1.73393281606E+01 1.47550741631E+00 1.74242746819E+01 1.12986915815E+00 
8.60000000000E+01 8.65000000000E+01 8.70000000000E+01 1.81167676698E+01 9.96844324791E-01 1.75073146547E+01 6.12284841878E-01 1.98862251118E+01 1.42652556466E+00 1.72082993851E+01 7.34856420067E-01 1.81751951132E+01 8.01776327102E-01 1.88317892683E+01 1.32201645201E+00 1.83563847944E+01 1.01830542471E+00 
8.70000000000E+01 8.75000000000E+01 8.80000000000E+01 1.63949643810E+01 9.71939418170E-01 1.64964159019E+01 6.50178963462E-01 1.61355932348E+01 1.44152075162E+00 1.60050718963E+01 7.40630295346E-01 1.70412660765E+01 8.50795605721E-01 1.56828455028E+01 1.25490056231E+00 1.63788919105E+01 1.04518401409E+00 
8.80000000000E+01 8.85000000000E+01 8.90000000000E+01 1.58121748593E+01 9.55320735529E-01 1.58363876841E+01 7.38221329493E-01 1.70480655321E+01 1.36846402967E+00 1.54856769091E+01 7.07113240072E-01 1.59907805784E+01 9.51888561443E-01 1.60682708629E+01 1.31459848188E+00 1.62966944078E+01 9.69312688213E-01 
8.90000000000E+01 8.95000000000E+01 9.00000000000E+01 1.61159236752E+01 8.74776446651E-01 1.56344099483E+01 6.87912920496E-01 1.63456783549E+01 1.16978777897E+00 1.56136960722E+01 6.75724449723E-01 1.63758293193E+01 9.01384314302E-01 1.65187010023E+01 1.12872374653E+00 1.57665293934E+01 8.62048312050E-01 
9.00000000000E+01 9.05000000000E+01 9.10000000000E+01 1.18540696539E+01 9.56145129084E-01 1.27780365848E+01 6.70267972841E-01 1.11989189725E+01 1.31923922475E+00 1.21471636669E+01 7.35044979982E-01 1.28812421210E+01 8.75622120564E-01 1.19509510624E+01 1.29368308441E+00 1.21071370177E+01 9.81126639291E-01 
9.10000000000E+01 9.15000000000E+01 9.20000000000E+01 1.45444549811E+01 9.14836178385E-01 1.38333013383E+01 6.77200619556E-01 1.42213443791E+01 1.35370055534E+00 1.39403319674E+01 6.94033993360E-01 1.44951092114E+01 8.82458123351E-01 1.52120350317E+01 1.27064564969E+00 1.39332315459E+01 9.79343380870E-01 
9.20000000000E+01 9.25000000000E+01 9.30000000000E+01 1.44105953645E+01 8.08790316085E-01 1.44776982882E+01 6.56517366229E-01 1.51089008211E+01 1.26309153294E+00 1.38781097177E+01 6.21034060894E-01 1.48975921836E+01 8.52765662291E-01 1.47535143650E+01 1.07614476190E+00 1.43393735265E+01 9.36854705701E-01 
9.30000000000E+01 9.35000000000E+01 9.40000000000E+01 1.19215875773E+01 1.06215087002E+00 1.28154485199E+01 5.86116943802E-01 1.17480232519E+01 1.40392805921E+00 1.20277425242E+01 7.21148758580E-01 1.31038759665E+01 7.61858838336E-01 1.16382961771E+01 1.41471599290E+00 1.21444703139E+01 1.08450557713E+00 
9.40000000000E+01 9.45000000000E+01 9.50000000000E+01 1.19199158391E+01 7.01611604974E-01 1.17318222975E+01 5.32630202553E-01 1.24118061805E+01 1.07229024371E+00 1.17857630001E+01 5.37835466247E-01 1.20012694657E+01 6.79109218398E-01 1.14552427001E+01 8.79787294862E-01 1.20374002810E+01 7.74392892482E-01 
9.50000000000E+01 9.55000000000E+01 9.60000000000E+01 1.13207741028E+01 7.03058729389E-01 1.12223608888E+01 5.43660214410E-01 1.15985558998E+01 1.08287914208E+00 1.10655243980E+01 5.54420354236E-01 1.15515670437E+01 6.88091463803E-01 1.15455203545E+01 9.93060050153E-01 1.13496832766E+01 7.42285092500E-01 
9.60000000000E+01 9.65000000000E+01 9.70000000000E+01 1.20672696146E+01 7.14419008810E-01 1.15344989209E+01 5.69826568382E-01 1.17899525673E+01 9.46532011547E-01 1.15859582695E+01 5.20554592230E-01 1.20404428385E+01 7.51034452526E-01 1.26605211166E+01 1.00271687679E+00 1.22785818151E+01 7.75565288659E-01 
9.70000000000E+01 9.75000000000E+01 9.80000000000E+01 1.10977335644E+01 7.34066830235E-01 1.06411136102E+01 4.91765324047E-01 1.10550928344E+01 1.04742489271E+00 1.06281065352E+01 5.25275109354E-01 1.11233022753E+01 6.60246971572E-01 1.11148796620E+01 9.93109590744E-01 1.11977489652E+01 7.69385325565E-01 
9.80000000000E+01 9.85000000000E+01 9.90000000000E+01 1.03009283236E+01 6.43811248796E-01 9.86409269000E+00 4.25585164015E-01 1.09729011157E+01 8.13223450880E-01 9.84908287522E+00 4.91627118412E-01 1.04002847273E+01 5.55150910880E-01 1.06436874839E+01 8.95590229289E-01 1.05465072325E+01 5.83351163885E-01 
9.90000000000E+01 9.95000000000E+01 1.00000000000E+02 7.76075560247E+00 6.53885725696E-01 8.42483701222E+00 4.82030975708E-01 6.97549618251E+00 9.44740960389E-01 8.27490933891E+00 4.91327581721E-01 8.30245610865E+00 6.31787977409E-01 7.09251081463E+00 8.91085371192E-01 7.70402558946E+00 6.80158392925E-01 
#nx: 3
