#labels: ptz__-0p75__-0p5_lower[1] ptz__-0p75__-0p5_center[2] ptz__-0p75__-0p5_upper[3] tot_scale01[4] tot_scale01_Err[5] tot_scale02[6] tot_scale02_Err[7] tot_scale03[8] tot_scale03_Err[9] tot_scale04[10] tot_scale04_Err[11] tot_scale05[12] tot_scale05_Err[13] tot_scale06[14] tot_scale06_Err[15] tot_scale07[16] tot_scale07_Err[17]
#neval: 191947084129
#overflow:lower center upper 1.47616077140E+03 8.35542346788E+00 1.45883680104E+03 6.35010778587E+00 1.47731099760E+03 1.11920360649E+01 1.45446047118E+03 6.20961546409E+00 1.48190622510E+03 8.22269673515E+00 1.47028796731E+03 1.16331365240E+01 1.48170182820E+03 8.07698874068E+00 
0.00000000000E+00 5.00000000000E-01 1.00000000000E+00 0.00000000000E+00 0.00000000000E+00 0.00000000000E+00 0.00000000000E+00 0.00000000000E+00 0.00000000000E+00 0.00000000000E+00 0.00000000000E+00 0.00000000000E+00 0.00000000000E+00 0.00000000000E+00 0.00000000000E+00 0.00000000000E+00 0.00000000000E+00 
1.00000000000E+00 1.50000000000E+00 2.00000000000E+00 -8.81092210272E+03 4.30439635536E+02 -6.40112878705E+03 3.45945974934E+02 -1.00457726890E+04 5.25917428594E+02 -4.48251836416E+03 3.21196063618E+02 -1.12182712295E+04 4.65761503338E+02 -1.29697047105E+04 5.97920703085E+02 -6.33280109164E+03 3.75836645955E+02 
2.00000000000E+00 2.50000000000E+00 3.00000000000E+00 2.40854840999E+03 2.37747118298E+02 3.78817280360E+03 2.10586003772E+02 1.07711709080E+03 2.98539557881E+02 4.43224298752E+03 1.79700246827E+02 1.58959306401E+03 2.83183802295E+02 8.94941941677E+01 3.30134867974E+02 3.11931295162E+03 2.16049553846E+02 
3.00000000000E+00 3.50000000000E+00 4.00000000000E+00 4.49806949618E+03 1.79477120154E+02 5.51139649633E+03 1.30639024909E+02 3.76310215184E+03 2.19132504536E+02 5.60831811959E+03 1.25983987383E+02 4.40965613859E+03 1.73882203343E+02 3.20706779124E+03 2.48661105322E+02 4.80969116794E+03 1.57763092687E+02 
4.00000000000E+00 4.50000000000E+00 5.00000000000E+00 4.80743947284E+03 1.21077789326E+02 5.36126131110E+03 9.79539965204E+01 4.20244893676E+03 1.49594534053E+02 5.39825056868E+03 9.05213486437E+01 4.72078172497E+03 1.31210784618E+02 4.07037484471E+03 1.67487940930E+02 4.86295173634E+03 1.07541664637E+02 
5.00000000000E+00 5.50000000000E+00 6.00000000000E+00 4.53519445949E+03 1.10590794913E+02 4.84441531742E+03 8.61072844771E+01 4.03556163333E+03 1.14421721783E+02 4.89214286853E+03 8.27491977347E+01 4.38381275422E+03 1.14420544050E+02 4.02298373161E+03 1.52239760036E+02 4.47916044359E+03 8.22646756528E+01 
6.00000000000E+00 6.50000000000E+00 7.00000000000E+00 4.02394902258E+03 8.15644618989E+01 4.30438129070E+03 6.58953108899E+01 3.62813919548E+03 1.03810918746E+02 4.27018005653E+03 6.06245008716E+01 4.00905841829E+03 8.83067319868E+01 3.65219939562E+03 1.13112641016E+02 3.95523050733E+03 7.43935363884E+01 
7.00000000000E+00 7.50000000000E+00 8.00000000000E+00 3.71955531913E+03 6.93480931659E+01 3.92010077397E+03 5.75699820162E+01 3.60173600540E+03 8.57935742067E+01 3.85901267711E+03 5.19829417452E+01 3.73342306059E+03 7.67591055162E+01 3.51150606077E+03 9.81936639561E+01 3.71688569027E+03 6.12397393436E+01 
8.00000000000E+00 8.50000000000E+00 9.00000000000E+00 3.32313252861E+03 5.84105137020E+01 3.47155846173E+03 4.94811609630E+01 3.15874552541E+03 7.20214133523E+01 3.42832844557E+03 4.36188717946E+01 3.31140037322E+03 5.88198886759E+01 3.13679555826E+03 8.08987815200E+01 3.27898445490E+03 5.23520369020E+01 
9.00000000000E+00 9.50000000000E+00 1.00000000000E+01 3.14110219062E+03 5.73572162669E+01 3.24609038388E+03 4.66427455899E+01 3.06400398855E+03 7.21109018414E+01 3.14754376706E+03 4.16004557134E+01 3.18153183131E+03 6.14892562379E+01 3.08153847013E+03 7.61803229612E+01 3.10532630358E+03 5.20059046463E+01 
1.00000000000E+01 1.05000000000E+01 1.10000000000E+01 2.71129265972E+03 3.94356193757E+01 2.83917508803E+03 3.25026220787E+01 2.74217829779E+03 6.36258178165E+01 2.76133768149E+03 2.97033057865E+01 2.78051316608E+03 4.33099939298E+01 2.64495609348E+03 5.42658482712E+01 2.75462678224E+03 4.60964279307E+01 
1.10000000000E+01 1.15000000000E+01 1.20000000000E+01 2.58504817629E+03 4.35973318001E+01 2.60791574012E+03 3.52530760798E+01 2.49805070194E+03 5.44275842567E+01 2.58302617320E+03 3.27086205061E+01 2.56330791590E+03 4.71245222736E+01 2.56021485793E+03 6.02768491326E+01 2.50949325529E+03 3.94010149949E+01 
1.20000000000E+01 1.25000000000E+01 1.30000000000E+01 2.28915150387E+03 4.01922050541E+01 2.31869846137E+03 3.24149997994E+01 2.22261049139E+03 4.92956520027E+01 2.29705984206E+03 3.02405506874E+01 2.28920266158E+03 4.32135992784E+01 2.25417414087E+03 5.54525198148E+01 2.24232003518E+03 3.53497208587E+01 
1.30000000000E+01 1.35000000000E+01 1.40000000000E+01 2.08929618968E+03 3.17911991357E+01 2.14874005135E+03 2.56068400821E+01 2.08460283513E+03 4.17250713401E+01 2.09561860291E+03 2.37440762140E+01 2.13868610866E+03 3.40860994383E+01 2.06766700399E+03 4.42082868758E+01 2.07807930049E+03 3.01064978627E+01 
1.40000000000E+01 1.45000000000E+01 1.50000000000E+01 1.91465809596E+03 3.15005142516E+01 1.94416230612E+03 2.63506978299E+01 1.88591969562E+03 4.05367806880E+01 1.89836469688E+03 2.36445982496E+01 1.93363677099E+03 3.51096494218E+01 1.87976592992E+03 4.41800862016E+01 1.88449948515E+03 2.96410699062E+01 
1.50000000000E+01 1.55000000000E+01 1.60000000000E+01 1.77347894103E+03 3.15463598856E+01 1.79336496215E+03 2.53225104110E+01 1.76663768952E+03 3.73698429745E+01 1.75907880045E+03 2.36992278431E+01 1.79019221161E+03 3.36901978323E+01 1.76307596142E+03 4.36910633906E+01 1.75036407193E+03 2.68469449058E+01 
1.60000000000E+01 1.65000000000E+01 1.70000000000E+01 1.63920243010E+03 2.70309392302E+01 1.62875997345E+03 2.14081546970E+01 1.61090633286E+03 3.46565567789E+01 1.61899605889E+03 1.99546455744E+01 1.63020582201E+03 2.85425164533E+01 1.63385613562E+03 3.74972760264E+01 1.59433240801E+03 2.50974411858E+01 
1.70000000000E+01 1.75000000000E+01 1.80000000000E+01 1.50283141368E+03 2.63012078477E+01 1.49659927227E+03 2.17913913755E+01 1.47646765663E+03 3.00080461872E+01 1.48352237209E+03 1.98235214739E+01 1.49336837954E+03 2.90528429469E+01 1.49267435769E+03 3.60903597343E+01 1.46945247669E+03 2.11404264111E+01 
1.80000000000E+01 1.85000000000E+01 1.90000000000E+01 1.39290504002E+03 2.36250452468E+01 1.41207961425E+03 1.89907026772E+01 1.36679811539E+03 2.88487204566E+01 1.37747851639E+03 1.79390264696E+01 1.42611067213E+03 2.53712587355E+01 1.40153049471E+03 3.31318018664E+01 1.35485506972E+03 2.10048553749E+01 
1.90000000000E+01 1.95000000000E+01 2.00000000000E+01 1.32098451058E+03 2.37011539764E+01 1.32136617753E+03 1.89999385579E+01 1.27336470607E+03 3.01333066649E+01 1.29838575071E+03 1.77865843777E+01 1.33316345565E+03 2.53204163441E+01 1.32531087762E+03 3.24142574511E+01 1.26442548091E+03 2.17022174470E+01 
2.00000000000E+01 2.05000000000E+01 2.10000000000E+01 1.18576149328E+03 1.99708537843E+01 1.20280558896E+03 1.54165411634E+01 1.19311962222E+03 2.59274372753E+01 1.17158006392E+03 1.50009203208E+01 1.21463282428E+03 2.07195696694E+01 1.19613839634E+03 2.76329419844E+01 1.17641334055E+03 1.83029511465E+01 
2.10000000000E+01 2.15000000000E+01 2.20000000000E+01 1.14829411595E+03 1.86655457264E+01 1.13620127710E+03 1.57669263044E+01 1.14168178020E+03 2.49862102459E+01 1.12872062023E+03 1.40633512749E+01 1.15172431160E+03 2.00617149958E+01 1.15252811011E+03 2.67835269429E+01 1.12019072075E+03 1.79395458248E+01 
2.20000000000E+01 2.25000000000E+01 2.30000000000E+01 1.07211313885E+03 1.90319120276E+01 1.06575058071E+03 1.48181267179E+01 1.04538274708E+03 2.45319990011E+01 1.04552407125E+03 1.43210089903E+01 1.08091696969E+03 1.95499379570E+01 1.07789923299E+03 2.68644239896E+01 1.02663031171E+03 1.76977194578E+01 
2.30000000000E+01 2.35000000000E+01 2.40000000000E+01 9.79555797985E+02 1.67709042604E+01 9.87837308941E+02 1.39942806105E+01 9.54114101503E+02 2.08962481912E+01 9.61354291469E+02 1.25745820855E+01 9.98690448771E+02 1.85058975253E+01 9.72083682373E+02 2.33551064141E+01 9.48913520257E+02 1.52179370463E+01 
2.40000000000E+01 2.45000000000E+01 2.50000000000E+01 9.49566419802E+02 1.56606694856E+01 9.43431312723E+02 1.24224212697E+01 9.58587264405E+02 2.06206632881E+01 9.24656685556E+02 1.18226686411E+01 9.61038879461E+02 1.65033931076E+01 9.61957296948E+02 2.14562459786E+01 9.37577841789E+02 1.48778073059E+01 
2.50000000000E+01 2.55000000000E+01 2.60000000000E+01 8.55174024231E+02 1.67595513208E+01 8.52942048700E+02 1.32710214048E+01 8.35657606080E+02 1.86568500061E+01 8.40998394620E+02 1.26362125476E+01 8.55271360569E+02 1.75592115210E+01 8.52784538269E+02 2.26964941932E+01 8.28529659636E+02 1.33447757125E+01 
2.60000000000E+01 2.65000000000E+01 2.70000000000E+01 8.11573879765E+02 1.42955832579E+01 8.13053942005E+02 1.10214627847E+01 8.10325473175E+02 1.87992067013E+01 7.95061332176E+02 1.07191035401E+01 8.24765315384E+02 1.46060775952E+01 8.20998224688E+02 1.97833557289E+01 7.97306086311E+02 1.37062026458E+01 
2.70000000000E+01 2.75000000000E+01 2.80000000000E+01 7.54106817230E+02 1.46946988756E+01 7.54135879980E+02 1.19200289243E+01 7.55601173199E+02 1.88263471072E+01 7.38512583114E+02 1.12143890951E+01 7.59490076945E+02 1.58105559348E+01 7.58103041193E+02 2.02402761480E+01 7.41036692018E+02 1.35888187789E+01 
2.80000000000E+01 2.85000000000E+01 2.90000000000E+01 7.39840260991E+02 1.30117578167E+01 7.33821652779E+02 1.10549765509E+01 7.39808880249E+02 1.73686185973E+01 7.23106059371E+02 9.90158091528E+00 7.45941336857E+02 1.46413993720E+01 7.47435955379E+02 1.81966434311E+01 7.17558738107E+02 1.23842001379E+01 
2.90000000000E+01 2.95000000000E+01 3.00000000000E+01 6.79964370718E+02 1.23877431521E+01 6.76257224192E+02 9.66478355071E+00 6.79099500603E+02 1.53897597137E+01 6.66720200248E+02 9.26947930168E+00 6.85689469063E+02 1.28593596458E+01 6.86956068391E+02 1.74908291442E+01 6.65822119448E+02 1.11769557478E+01 
3.00000000000E+01 3.05000000000E+01 3.10000000000E+01 6.28274890880E+02 1.20254697552E+01 6.23062523331E+02 9.88999429087E+00 6.23724516637E+02 1.50771497065E+01 6.19539090061E+02 9.11003184655E+00 6.24950541076E+02 1.29802967780E+01 6.27799029077E+02 1.68952348297E+01 6.18244898691E+02 1.09282323181E+01 
3.10000000000E+01 3.15000000000E+01 3.20000000000E+01 6.12672502106E+02 1.11935270415E+01 6.14167279937E+02 9.98305226865E+00 6.04729564560E+02 1.48189781919E+01 5.98587235723E+02 8.68019565930E+00 6.24704412488E+02 1.31177407987E+01 6.16216077687E+02 1.56355383870E+01 5.95813868702E+02 1.07611663160E+01 
3.20000000000E+01 3.25000000000E+01 3.30000000000E+01 5.73500505171E+02 1.06981853054E+01 5.74824594444E+02 8.76995265070E+00 5.76825080263E+02 1.34929363422E+01 5.63055488039E+02 8.10961365677E+00 5.81189052198E+02 1.15612104184E+01 5.74688308761E+02 1.46830647808E+01 5.66798054577E+02 9.69075608915E+00 
3.30000000000E+01 3.35000000000E+01 3.40000000000E+01 5.58393018844E+02 1.09923483515E+01 5.57664070999E+02 9.13320104499E+00 5.64663921025E+02 1.41059011473E+01 5.43814859458E+02 8.28065651490E+00 5.70818926020E+02 1.20516247453E+01 5.67839792361E+02 1.52883999677E+01 5.49805685629E+02 1.02360172589E+01 
3.40000000000E+01 3.45000000000E+01 3.50000000000E+01 5.16341753114E+02 9.63100066039E+00 5.13008686088E+02 8.40027234167E+00 5.31988827066E+02 1.31561612247E+01 5.05019341685E+02 7.33280050666E+00 5.20239404396E+02 1.11344085046E+01 5.21427666200E+02 1.32370957201E+01 5.13249142466E+02 9.13425139336E+00 
3.50000000000E+01 3.55000000000E+01 3.60000000000E+01 4.97718003459E+02 1.03877567714E+01 4.95389791748E+02 8.10510254798E+00 4.92554499000E+02 1.24915251676E+01 4.85108078367E+02 7.76581466781E+00 5.06358644266E+02 1.06576814151E+01 5.03012254091E+02 1.44747757540E+01 4.81316967434E+02 9.24277311240E+00 
3.60000000000E+01 3.65000000000E+01 3.70000000000E+01 4.70398713187E+02 9.15781174617E+00 4.67335164654E+02 7.37634752377E+00 4.76066108908E+02 1.21615905572E+01 4.59052409242E+02 6.93432617438E+00 4.75030849016E+02 9.66250119917E+00 4.77213146027E+02 1.26935448122E+01 4.66648889391E+02 8.54754983281E+00 
3.70000000000E+01 3.75000000000E+01 3.80000000000E+01 4.51599137770E+02 8.64185399523E+00 4.45289451440E+02 7.01691875144E+00 4.47889484208E+02 1.18126902778E+01 4.36787354296E+02 6.56203080325E+00 4.51527380820E+02 9.31409417425E+00 4.55400140465E+02 1.22387044618E+01 4.39244709779E+02 8.41969219291E+00 
3.80000000000E+01 3.85000000000E+01 3.90000000000E+01 4.33388426257E+02 9.08586581939E+00 4.31962616828E+02 7.18915388907E+00 4.42814766746E+02 1.14601769600E+01 4.22570457623E+02 6.75057849697E+00 4.41826446581E+02 9.55423532621E+00 4.49287819789E+02 1.22768692704E+01 4.25417742412E+02 8.23924516820E+00 
3.90000000000E+01 3.95000000000E+01 4.00000000000E+01 3.93585086298E+02 7.85114992658E+00 3.94950967751E+02 6.59378937267E+00 3.96218953349E+02 1.06640688826E+01 3.84838681741E+02 5.97217408886E+00 3.97851308752E+02 8.71251174141E+00 3.90561658480E+02 1.11035395856E+01 3.92004087476E+02 7.71800574777E+00 
4.00000000000E+01 4.05000000000E+01 4.10000000000E+01 3.90698986168E+02 7.87702047987E+00 3.86132530852E+02 6.45241568332E+00 3.94120539760E+02 1.05852794419E+01 3.79190450287E+02 5.85158135670E+00 3.91440259174E+02 8.62486477013E+00 4.02686813503E+02 1.12500072141E+01 3.82975850196E+02 7.67534084223E+00 
4.10000000000E+01 4.15000000000E+01 4.20000000000E+01 3.68215137206E+02 7.03095121541E+00 3.68437294046E+02 5.76255398847E+00 3.75099384002E+02 9.35606559622E+00 3.58897666420E+02 5.32310441723E+00 3.69974170251E+02 7.10539226736E+00 3.75302350695E+02 9.65181675082E+00 3.62724072300E+02 6.77555461267E+00 
4.20000000000E+01 4.25000000000E+01 4.30000000000E+01 3.42950320147E+02 7.19931645420E+00 3.42932612749E+02 5.98141432514E+00 3.47154460985E+02 9.10030557233E+00 3.36687566350E+02 5.50834723692E+00 3.48280848302E+02 7.79273223772E+00 3.45726128805E+02 9.89521901205E+00 3.42404776503E+02 6.70888183249E+00 
4.30000000000E+01 4.35000000000E+01 4.40000000000E+01 3.24865344441E+02 6.96807824123E+00 3.27375946318E+02 5.42373279176E+00 3.24252923642E+02 9.06821086065E+00 3.19171366969E+02 5.33909820431E+00 3.34820043296E+02 7.13688952531E+00 3.25588298756E+02 9.65478281542E+00 3.24394275640E+02 6.47520414816E+00 
4.40000000000E+01 4.45000000000E+01 4.50000000000E+01 3.20292997672E+02 7.23105111271E+00 3.14542103895E+02 5.46302392196E+00 3.18415723211E+02 9.33261216287E+00 3.13181658714E+02 5.49006445508E+00 3.18787206516E+02 7.26050229674E+00 3.19204969332E+02 9.38553406875E+00 3.13966658969E+02 6.76603051074E+00 
4.50000000000E+01 4.55000000000E+01 4.60000000000E+01 2.95838963309E+02 6.30615055625E+00 2.93122022076E+02 5.20786871573E+00 2.95523117644E+02 8.72148186807E+00 2.89892802283E+02 4.83866197129E+00 2.97142211231E+02 6.91616435937E+00 2.98664395725E+02 8.79362448574E+00 2.94022444694E+02 6.36436694601E+00 
4.60000000000E+01 4.65000000000E+01 4.70000000000E+01 2.88768975182E+02 6.12442174077E+00 2.85628396518E+02 4.85765280711E+00 2.79549510156E+02 8.30565243767E+00 2.82855437445E+02 4.58357051416E+00 2.94390496041E+02 6.09011342258E+00 2.92635049611E+02 8.28804446475E+00 2.78086390243E+02 6.04814292017E+00 
4.70000000000E+01 4.75000000000E+01 4.80000000000E+01 2.76117412699E+02 6.02281898303E+00 2.74207294423E+02 4.71112464338E+00 2.72035259140E+02 8.18124212118E+00 2.71616436620E+02 4.55561491573E+00 2.78795565115E+02 6.20238611155E+00 2.75925066926E+02 8.27610232355E+00 2.69965513606E+02 5.87499462064E+00 
4.80000000000E+01 4.85000000000E+01 4.90000000000E+01 2.65101544232E+02 6.31909927933E+00 2.62373191456E+02 4.98335075638E+00 2.65946085272E+02 8.07242198788E+00 2.57784267077E+02 4.73875356596E+00 2.65275047737E+02 6.51371222288E+00 2.67796551755E+02 8.73684986496E+00 2.61311691445E+02 5.89378820437E+00 
4.90000000000E+01 4.95000000000E+01 5.00000000000E+01 2.62927490261E+02 5.76853970133E+00 2.59885551864E+02 4.64581894914E+00 2.70923693038E+02 7.96629404002E+00 2.54155071550E+02 4.39467247027E+00 2.66667292185E+02 6.05229728994E+00 2.67965194535E+02 7.91074173565E+00 2.63968620604E+02 5.75598823703E+00 
5.00000000000E+01 5.05000000000E+01 5.10000000000E+01 2.38442665987E+02 5.54369323037E+00 2.32946536288E+02 4.34982672797E+00 2.36983703482E+02 7.31552729756E+00 2.30708048219E+02 4.18372460920E+00 2.38641975446E+02 5.67889692417E+00 2.38875191453E+02 7.51979418076E+00 2.35601969837E+02 5.16873298697E+00 
5.10000000000E+01 5.15000000000E+01 5.20000000000E+01 2.38506008579E+02 5.25241965791E+00 2.35568304282E+02 4.38735778241E+00 2.42843894630E+02 7.20972820290E+00 2.31595008255E+02 3.98898847737E+00 2.42310680022E+02 5.79339654173E+00 2.41646134377E+02 7.21302776787E+00 2.35782082393E+02 5.26129995202E+00 
5.20000000000E+01 5.25000000000E+01 5.30000000000E+01 2.12465956758E+02 4.97559129629E+00 2.10904371680E+02 3.98493699914E+00 2.18234386267E+02 6.64232137737E+00 2.09887608992E+02 3.79595570161E+00 2.13389499536E+02 5.20792832233E+00 2.12577722942E+02 6.87465688651E+00 2.14936578388E+02 4.76350983658E+00 
5.30000000000E+01 5.35000000000E+01 5.40000000000E+01 2.08991530573E+02 5.17122801732E+00 2.09642383319E+02 3.91021144369E+00 2.17357732783E+02 5.85275158793E+00 2.04857407177E+02 3.92127196058E+00 2.13338993194E+02 5.08634712861E+00 2.08934280889E+02 7.13981336091E+00 2.12670097413E+02 4.34997971767E+00 
5.40000000000E+01 5.45000000000E+01 5.50000000000E+01 2.02940296985E+02 4.89534867551E+00 2.01702344720E+02 3.90406787821E+00 1.95067930203E+02 6.37698865265E+00 1.99737409377E+02 3.66454073818E+00 2.05411649814E+02 5.16262281656E+00 2.02845495064E+02 6.74245538895E+00 1.96339338639E+02 4.60866096850E+00 
5.50000000000E+01 5.55000000000E+01 5.60000000000E+01 1.94416342192E+02 4.34409275793E+00 1.90432356349E+02 3.58875993469E+00 1.98244075543E+02 6.01147516141E+00 1.88244752716E+02 3.29606063040E+00 1.92958905130E+02 4.74092399979E+00 1.97624166498E+02 6.15269362430E+00 1.93405970967E+02 4.34513159630E+00 
5.60000000000E+01 5.65000000000E+01 5.70000000000E+01 1.90230940095E+02 4.43440410490E+00 1.88382129854E+02 3.60723259011E+00 1.90031947199E+02 6.16027236528E+00 1.85452891197E+02 3.39366255334E+00 1.93152593665E+02 4.73374586081E+00 1.92857730564E+02 6.21210205652E+00 1.86269745456E+02 4.47055347976E+00 
5.70000000000E+01 5.75000000000E+01 5.80000000000E+01 1.86991214496E+02 4.34396907115E+00 1.82102803166E+02 3.45618143753E+00 1.90076752256E+02 6.02643657470E+00 1.79948524964E+02 3.33863430521E+00 1.89606138990E+02 4.57882565261E+00 1.91771653143E+02 6.06040407386E+00 1.83370202613E+02 4.35194262849E+00 
5.80000000000E+01 5.85000000000E+01 5.90000000000E+01 1.73224161599E+02 4.22266650938E+00 1.74003636809E+02 3.33496537911E+00 1.71820384292E+02 5.73805509066E+00 1.70013115461E+02 3.22008778791E+00 1.76713572841E+02 4.29106881301E+00 1.72669313013E+02 5.86377112514E+00 1.71540237601E+02 4.20555900311E+00 
5.90000000000E+01 5.95000000000E+01 6.00000000000E+01 1.68661747308E+02 4.06902931537E+00 1.63271091854E+02 3.06018202604E+00 1.69934420709E+02 5.04693053326E+00 1.63569597641E+02 3.09532482800E+00 1.69256435605E+02 4.22649731509E+00 1.72827916448E+02 5.58858513794E+00 1.66672880051E+02 3.70034971487E+00 
6.00000000000E+01 6.05000000000E+01 6.10000000000E+01 1.57027431574E+02 3.79314358725E+00 1.58328789147E+02 3.16883503771E+00 1.56865992814E+02 5.06511275834E+00 1.55140160563E+02 2.90608829460E+00 1.59238947450E+02 4.06658480696E+00 1.59318426311E+02 5.22813862969E+00 1.55499135538E+02 3.67901431333E+00 
6.10000000000E+01 6.15000000000E+01 6.20000000000E+01 1.46218126210E+02 4.00934005525E+00 1.43051647933E+02 3.20123706147E+00 1.44670955077E+02 5.35145769657E+00 1.44464510162E+02 3.07617212248E+00 1.47090534108E+02 4.17744029713E+00 1.46082495323E+02 5.57781609312E+00 1.43787808896E+02 3.88786731735E+00 
6.20000000000E+01 6.25000000000E+01 6.30000000000E+01 1.44584971541E+02 3.62108730051E+00 1.46330825486E+02 2.90492013619E+00 1.42382705736E+02 4.97458377421E+00 1.42726472848E+02 2.83030085623E+00 1.49011166404E+02 3.84125703969E+00 1.44254724705E+02 5.03562348082E+00 1.41335802510E+02 3.57310623227E+00 
6.30000000000E+01 6.35000000000E+01 6.40000000000E+01 1.44370717624E+02 4.05347552173E+00 1.41696658963E+02 3.15924631939E+00 1.45365511651E+02 5.37972713674E+00 1.41328116572E+02 2.95849259216E+00 1.44081277675E+02 4.18752401305E+00 1.46448811035E+02 5.52795269233E+00 1.42426974535E+02 3.73818200036E+00 
6.40000000000E+01 6.45000000000E+01 6.50000000000E+01 1.37959537228E+02 3.50549210244E+00 1.35713753264E+02 2.78203701853E+00 1.39592531537E+02 4.49948249068E+00 1.34568430475E+02 2.65785440549E+00 1.38674658835E+02 3.67747809621E+00 1.40511656849E+02 4.87863539739E+00 1.35895057867E+02 3.28073112120E+00 
6.50000000000E+01 6.55000000000E+01 6.60000000000E+01 1.28464157446E+02 3.47330702989E+00 1.27102839710E+02 2.74928920324E+00 1.28792575414E+02 4.61076551952E+00 1.26315588027E+02 2.64688149708E+00 1.28189019259E+02 3.57848952634E+00 1.26832145363E+02 4.81889659498E+00 1.27120854745E+02 3.34711664638E+00 
6.60000000000E+01 6.65000000000E+01 6.70000000000E+01 1.30197933367E+02 3.34034758885E+00 1.27722005407E+02 2.55370582213E+00 1.28613295854E+02 4.42826537943E+00 1.25715321177E+02 2.53084855865E+00 1.32502916910E+02 3.36572680435E+00 1.34116711048E+02 4.58601416123E+00 1.28726167108E+02 3.32861289796E+00 
6.70000000000E+01 6.75000000000E+01 6.80000000000E+01 1.27939788995E+02 3.37573142369E+00 1.24665486930E+02 2.61896979303E+00 1.30805878381E+02 4.42043926457E+00 1.22471349056E+02 2.49923375036E+00 1.27686808736E+02 3.36520033648E+00 1.31665630448E+02 4.65096054897E+00 1.25855321448E+02 3.22069728133E+00 
6.80000000000E+01 6.85000000000E+01 6.90000000000E+01 1.09953313789E+02 3.16944815832E+00 1.11701166407E+02 2.50089058761E+00 1.11608889905E+02 4.14500672257E+00 1.09885669362E+02 2.41408788402E+00 1.12281225143E+02 3.30228109183E+00 1.08486033788E+02 4.35890402585E+00 1.11261118704E+02 3.02240874412E+00 
6.90000000000E+01 6.95000000000E+01 7.00000000000E+01 1.08733282649E+02 2.93327046653E+00 1.09441443419E+02 2.30599926829E+00 1.10117739268E+02 3.91670949521E+00 1.07125215443E+02 2.25154297560E+00 1.10803216359E+02 3.06851953193E+00 1.08974126156E+02 4.12779996726E+00 1.09731295498E+02 2.80297708572E+00 
7.00000000000E+01 7.05000000000E+01 7.10000000000E+01 1.13032773265E+02 2.80876426527E+00 1.09195958805E+02 2.26157152906E+00 1.14750934150E+02 3.84392774966E+00 1.10458159883E+02 2.13339820456E+00 1.13765861496E+02 2.96038143262E+00 1.16097008965E+02 3.77399476103E+00 1.10628249279E+02 2.80685353497E+00 
7.10000000000E+01 7.15000000000E+01 7.20000000000E+01 1.01440616453E+02 2.88020303028E+00 1.04181954516E+02 2.26374493250E+00 1.00041578453E+02 3.90721248452E+00 9.98890100033E+01 2.21113920592E+00 1.06168246678E+02 2.96602665173E+00 1.01442988280E+02 3.99600358151E+00 9.92044282905E+01 2.82001938450E+00 
7.20000000000E+01 7.25000000000E+01 7.30000000000E+01 9.86033559915E+01 2.93532471869E+00 9.62056391159E+01 2.29952033888E+00 9.84826079408E+01 3.82638685165E+00 9.67055577460E+01 2.23445352521E+00 9.73533228283E+01 3.02690608482E+00 9.79810284823E+01 4.06905963068E+00 9.93409411100E+01 2.79653093165E+00 
7.30000000000E+01 7.35000000000E+01 7.40000000000E+01 9.46450165663E+01 2.67752866800E+00 9.49828599009E+01 2.16679912729E+00 9.95247461745E+01 3.62324167020E+00 9.42290015265E+01 2.08676234196E+00 9.69551760178E+01 2.82874686948E+00 9.45329288834E+01 3.64449141898E+00 9.76867453872E+01 2.65139370367E+00 
7.40000000000E+01 7.45000000000E+01 7.50000000000E+01 9.67979621628E+01 2.69596915536E+00 9.46544435758E+01 2.11117650616E+00 9.43780612184E+01 3.65835970617E+00 9.36541237195E+01 2.03495505472E+00 9.90597662887E+01 2.76055301669E+00 9.89682790887E+01 3.60159130268E+00 9.32316868868E+01 2.60859022702E+00 
7.50000000000E+01 7.55000000000E+01 7.60000000000E+01 9.28349095034E+01 2.49672566880E+00 9.16689672683E+01 2.02687128478E+00 9.71325303074E+01 3.34474832696E+00 9.03303755007E+01 1.93970824360E+00 9.32544408787E+01 2.65930037923E+00 9.50964831938E+01 3.45764828849E+00 9.27736389407E+01 2.49491951944E+00 
7.60000000000E+01 7.65000000000E+01 7.70000000000E+01 8.79290623442E+01 2.70543947018E+00 8.61520280578E+01 2.13903639158E+00 9.05210368775E+01 3.52089095764E+00 8.59629699386E+01 2.07674486658E+00 8.78334737994E+01 2.77803653447E+00 8.84848175657E+01 3.72619039402E+00 8.87656012025E+01 2.53076050046E+00 
7.70000000000E+01 7.75000000000E+01 7.80000000000E+01 8.16709969437E+01 2.43529713562E+00 8.10819005714E+01 1.89616077150E+00 8.59350373135E+01 3.43398111741E+00 8.05989685021E+01 1.83341072975E+00 8.20407312735E+01 2.48167915682E+00 8.08487991338E+01 3.34771454784E+00 8.35219473702E+01 2.49587113083E+00 
7.80000000000E+01 7.85000000000E+01 7.90000000000E+01 8.44417288454E+01 2.46820389739E+00 8.19226554248E+01 1.80869443595E+00 8.74648019139E+01 3.34226566667E+00 8.22232783464E+01 1.85060297858E+00 8.50001987187E+01 2.46783676903E+00 8.79198831028E+01 3.29022021413E+00 8.35555526762E+01 2.40903697497E+00 
7.90000000000E+01 7.95000000000E+01 8.00000000000E+01 7.56943869246E+01 2.43777929262E+00 7.47430392303E+01 1.85959133168E+00 7.86483291888E+01 3.35404472831E+00 7.49355587731E+01 1.85192723252E+00 7.51388491247E+01 2.42403602108E+00 7.51142586024E+01 3.33200131060E+00 7.74759855296E+01 2.43097712521E+00 
8.00000000000E+01 8.05000000000E+01 8.10000000000E+01 7.53146564865E+01 2.26070425546E+00 7.49673015190E+01 1.63601489933E+00 7.71184439610E+01 3.09753090454E+00 7.38164287393E+01 1.77820341913E+00 7.62049598189E+01 2.18306314482E+00 7.60734342932E+01 3.22216121264E+00 7.50538961345E+01 2.18632634392E+00 
8.10000000000E+01 8.15000000000E+01 8.20000000000E+01 7.69222306124E+01 2.49635203286E+00 7.58881781712E+01 1.86678657417E+00 7.75314946714E+01 3.35326455288E+00 7.41423916716E+01 1.85953158424E+00 7.79493439463E+01 2.43007537777E+00 7.70997526122E+01 3.32529136864E+00 7.55555520499E+01 2.36855150635E+00 
8.20000000000E+01 8.25000000000E+01 8.30000000000E+01 7.17296368962E+01 2.24502230194E+00 7.08183777142E+01 1.70075413414E+00 7.25803588622E+01 2.98236435489E+00 6.93767184314E+01 1.70145293438E+00 7.20492202113E+01 2.22482469913E+00 7.29892725621E+01 3.12008417470E+00 7.15747327721E+01 2.15590483793E+00 
8.30000000000E+01 8.35000000000E+01 8.40000000000E+01 6.70116927254E+01 2.11425080352E+00 6.68154820804E+01 1.69051123162E+00 6.51364631288E+01 2.93460303535E+00 6.59124194043E+01 1.62083385581E+00 6.71317852779E+01 2.26306039994E+00 6.56717360000E+01 2.94215159148E+00 6.50379822462E+01 2.17703770510E+00 
8.40000000000E+01 8.45000000000E+01 8.50000000000E+01 6.75542560765E+01 1.99262941379E+00 6.57414016134E+01 1.58315662067E+00 6.92098112907E+01 2.67672357216E+00 6.68374827695E+01 1.55132893296E+00 6.81396000245E+01 2.00995424512E+00 6.83815502453E+01 2.71518097676E+00 6.76092235960E+01 1.97916997704E+00 
8.50000000000E+01 8.55000000000E+01 8.60000000000E+01 6.15134407036E+01 2.14829869260E+00 6.12987151319E+01 1.63782421664E+00 6.07287918202E+01 2.65918975860E+00 5.99533595872E+01 1.60442204921E+00 6.22003483108E+01 2.14320841138E+00 6.16610925122E+01 2.95859242128E+00 6.18801364997E+01 2.02659176446E+00 
8.60000000000E+01 8.65000000000E+01 8.70000000000E+01 6.45585472465E+01 1.95006267728E+00 6.40365553215E+01 1.52735060958E+00 6.74288174693E+01 2.83683129604E+00 6.33957878784E+01 1.50884675736E+00 6.47426678713E+01 1.97864463244E+00 6.60523592710E+01 2.60812730766E+00 6.57315505791E+01 2.02487040092E+00 
8.70000000000E+01 8.75000000000E+01 8.80000000000E+01 5.72024698252E+01 1.84105062785E+00 5.70075462348E+01 1.35921432830E+00 5.69505976640E+01 2.49345665082E+00 5.56785150667E+01 1.36593394064E+00 5.85811923549E+01 1.81781237611E+00 5.73665453110E+01 2.52332583898E+00 5.73144375827E+01 1.80386508823E+00 
8.80000000000E+01 8.85000000000E+01 8.90000000000E+01 5.71463012315E+01 1.77838362164E+00 5.67321098360E+01 1.46975386391E+00 5.76025260068E+01 2.42004158349E+00 5.61857846343E+01 1.34305759204E+00 5.71687784935E+01 1.92421787997E+00 5.82284230055E+01 2.43626099536E+00 5.69739331979E+01 1.73746449134E+00 
8.90000000000E+01 8.95000000000E+01 9.00000000000E+01 5.20175339606E+01 1.80676356397E+00 5.27538469961E+01 1.50136604302E+00 5.39601791456E+01 2.42633609016E+00 5.19394021498E+01 1.36504645191E+00 5.19085149806E+01 1.96782840100E+00 5.23278663664E+01 2.49922331373E+00 5.32960671662E+01 1.73558352872E+00 
9.00000000000E+01 9.05000000000E+01 9.10000000000E+01 5.23814718015E+01 1.89099570709E+00 5.28938841047E+01 1.40483630677E+00 5.11086287430E+01 2.61610700748E+00 5.19695684311E+01 1.43886837354E+00 5.33984366410E+01 1.84096204218E+00 5.18227532580E+01 2.65004880962E+00 5.18486471530E+01 1.88307620426E+00 
9.10000000000E+01 9.15000000000E+01 9.20000000000E+01 5.12741383481E+01 1.75372934317E+00 5.15677459198E+01 1.37209410606E+00 5.28210857041E+01 2.39308417663E+00 5.09305566931E+01 1.37393256102E+00 5.31771519250E+01 1.79140027751E+00 5.19147446704E+01 2.50133212794E+00 5.14652810818E+01 1.70679899848E+00 
9.20000000000E+01 9.25000000000E+01 9.30000000000E+01 5.26040394949E+01 1.67279769592E+00 5.14868168368E+01 1.35229125893E+00 5.48458137532E+01 2.38265762031E+00 5.09056061618E+01 1.27746234871E+00 5.27753671432E+01 1.74668283827E+00 5.26992098743E+01 2.29306797676E+00 5.28945354784E+01 1.71704913651E+00 
9.30000000000E+01 9.35000000000E+01 9.40000000000E+01 4.44614065790E+01 1.68459018748E+00 4.46893404973E+01 1.29762333757E+00 4.32110740880E+01 2.20164504663E+00 4.44676196725E+01 1.28055274903E+00 4.46383554142E+01 1.69991822186E+00 4.33996153044E+01 2.33799307050E+00 4.41645721860E+01 1.58312974368E+00 
9.40000000000E+01 9.45000000000E+01 9.50000000000E+01 4.64650324049E+01 1.64738849667E+00 4.55165934027E+01 1.24432819688E+00 4.60902735328E+01 2.14171341306E+00 4.57045323396E+01 1.23778010509E+00 4.62967881945E+01 1.62981071662E+00 4.69222888399E+01 2.29037960401E+00 4.58719499706E+01 1.54514571840E+00 
9.50000000000E+01 9.55000000000E+01 9.60000000000E+01 4.53244096627E+01 1.54450517866E+00 4.52779306587E+01 1.25033540015E+00 4.83672308748E+01 2.03740265041E+00 4.46524729136E+01 1.17807015722E+00 4.55495083527E+01 1.59375586425E+00 4.53921765240E+01 2.10827298728E+00 4.70912457395E+01 1.46543316528E+00 
9.60000000000E+01 9.65000000000E+01 9.70000000000E+01 4.35749298298E+01 1.58896409315E+00 4.20166003575E+01 1.17973399473E+00 4.33558086151E+01 2.22135566430E+00 4.20247385102E+01 1.20476233965E+00 4.32732742026E+01 1.53170459053E+00 4.48424505760E+01 2.20864717166E+00 4.25154516271E+01 1.58687839237E+00 
9.70000000000E+01 9.75000000000E+01 9.80000000000E+01 4.39977741362E+01 1.52220716617E+00 4.37498891555E+01 1.19380295709E+00 4.51484048010E+01 2.04906765198E+00 4.38271026930E+01 1.17630754667E+00 4.46044097170E+01 1.52945162911E+00 4.53401173256E+01 2.14655538164E+00 4.42315097873E+01 1.45470361792E+00 
9.80000000000E+01 9.85000000000E+01 9.90000000000E+01 4.07752253449E+01 1.47997332222E+00 4.00214202992E+01 1.18003093151E+00 4.16510665741E+01 2.02893406868E+00 4.06862149004E+01 1.11577147330E+00 4.04924988429E+01 1.55076793050E+00 4.17549711650E+01 2.02801629205E+00 4.07815175852E+01 1.46295966422E+00 
9.90000000000E+01 9.95000000000E+01 1.00000000000E+02 4.03541241359E+01 1.40903376429E+00 4.01607710603E+01 1.06534427883E+00 4.18214227419E+01 1.92263159306E+00 3.95430299931E+01 1.06917906040E+00 4.05578352667E+01 1.39282152041E+00 4.07202654000E+01 1.96440628612E+00 4.11047326621E+01 1.37741176579E+00 
#nx: 3
