#labels: ptz_all_lower[1] ptz_all_center[2] ptz_all_upper[3] tot_scale01[4] tot_scale01_Err[5] tot_scale02[6] tot_scale02_Err[7] tot_scale03[8] tot_scale03_Err[9] tot_scale04[10] tot_scale04_Err[11] tot_scale05[12] tot_scale05_Err[13] tot_scale06[14] tot_scale06_Err[15] tot_scale07[16] tot_scale07_Err[17]
#neval: 191947084129
#overflow:lower center upper 3.05001221958E+04 6.19611001202E+01 3.00558551430E+04 5.11974680522E+01 3.04208674803E+04 8.75922700561E+01 3.00071198023E+04 4.59785403732E+01 3.05792284054E+04 6.88399435340E+01 3.04506942040E+04 8.69878845466E+01 3.05377349784E+04 6.26071931130E+01 
0.00000000000E+00 5.00000000000E-01 1.00000000000E+00 0.00000000000E+00 0.00000000000E+00 0.00000000000E+00 0.00000000000E+00 0.00000000000E+00 0.00000000000E+00 0.00000000000E+00 0.00000000000E+00 0.00000000000E+00 0.00000000000E+00 0.00000000000E+00 0.00000000000E+00 0.00000000000E+00 0.00000000000E+00 
1.00000000000E+00 1.50000000000E+00 2.00000000000E+00 -1.58688137237E+05 3.65517387133E+03 -8.86656160136E+04 2.68348762071E+03 -2.13753081386E+05 4.64714437505E+03 -4.56095037950E+04 2.71853471823E+03 -2.12182242762E+05 3.76551292502E+03 -2.74220786811E+05 5.08035330438E+03 -1.08396379643E+05 3.33493187247E+03 
2.00000000000E+00 2.50000000000E+00 3.00000000000E+00 1.00987919044E+05 2.02802662520E+03 1.39580321610E+05 1.54931488619E+03 6.55370595046E+04 2.57602918419E+03 1.49405642352E+05 1.52688700596E+03 8.52190694620E+04 2.07957212254E+03 4.22298677002E+04 2.84143037495E+03 1.16778203313E+05 1.84859424756E+03 
3.00000000000E+00 3.50000000000E+00 4.00000000000E+00 1.36215374108E+05 1.32916895768E+03 1.59459987730E+05 9.92746216626E+02 1.12242544116E+05 1.78578691163E+03 1.61705515993E+05 9.68385567306E+02 1.29963929968E+05 1.30350273970E+03 1.02137782976E+05 1.87676518875E+03 1.41364463358E+05 1.24699467682E+03 
4.00000000000E+00 4.50000000000E+00 5.00000000000E+00 1.39353364707E+05 1.05008896541E+03 1.53055454864E+05 7.88085854289E+02 1.26345413408E+05 1.34077087146E+03 1.52475479163E+05 7.76549379168E+02 1.36922089488E+05 1.05843916698E+03 1.20922760618E+05 1.46419887140E+03 1.40540659681E+05 9.87095700851E+02 
5.00000000000E+00 5.50000000000E+00 6.00000000000E+00 1.25726720065E+05 8.59999923868E+02 1.35397703900E+05 6.64050756526E+02 1.15864336555E+05 1.14094339364E+03 1.34075519292E+05 6.38284077958E+02 1.24947577640E+05 9.18527135224E+02 1.13434484684E+05 1.21787294408E+03 1.25843944122E+05 8.16498821263E+02 
6.00000000000E+00 6.50000000000E+00 7.00000000000E+00 1.14338377594E+05 7.16762025283E+02 1.20818979875E+05 5.63219298303E+02 1.06988344112E+05 9.29447370192E+02 1.19203428182E+05 5.45815590481E+02 1.14532917667E+05 7.66010557299E+02 1.06357552430E+05 9.92781534317E+02 1.12958193674E+05 6.66896621070E+02 
7.00000000000E+00 7.50000000000E+00 8.00000000000E+00 1.02075601837E+05 6.18311918303E+02 1.06297683297E+05 4.93476662547E+02 9.73272753234E+04 7.87369529746E+02 1.04915662217E+05 4.59169325836E+02 1.02217163829E+05 6.57830630136E+02 9.68646474373E+04 8.66016809931E+02 1.00922926429E+05 5.85321147091E+02 
8.00000000000E+00 8.50000000000E+00 9.00000000000E+00 9.16376596697E+04 5.37276358559E+02 9.51496676935E+04 3.98265070153E+02 8.79509552214E+04 7.02045336065E+02 9.33303726326E+04 4.00880864013E+02 9.27275290670E+04 5.27903879310E+02 8.81378172227E+04 7.48350050141E+02 9.00935341086E+04 5.05106349028E+02 
9.00000000000E+00 9.50000000000E+00 1.00000000000E+01 8.13088070084E+04 4.70068044242E+02 8.38326222618E+04 3.73120568582E+02 7.82435322354E+04 5.98728091050E+02 8.23164230372E+04 3.50269570594E+02 8.19912889822E+04 5.01516366319E+02 7.86974607411E+04 6.59763933463E+02 7.99523943072E+04 4.41154375281E+02 
1.00000000000E+01 1.05000000000E+01 1.10000000000E+01 7.36582685028E+04 4.49259790416E+02 7.57547148027E+04 3.31627208548E+02 7.15880373348E+04 5.83810005706E+02 7.40157583202E+04 3.36768528502E+02 7.47173717462E+04 4.47590670930E+02 7.19934581165E+04 6.30082557172E+02 7.24510266867E+04 4.19032653098E+02 
1.10000000000E+01 1.15000000000E+01 1.20000000000E+01 6.70598245752E+04 3.98183896791E+02 6.82098340528E+04 3.01253504794E+02 6.53145867700E+04 5.62360487364E+02 6.70436679458E+04 2.98162066993E+02 6.75549766421E+04 4.16110514832E+02 6.58449171809E+04 5.68020380519E+02 6.56655513394E+04 4.02327509669E+02 
1.20000000000E+01 1.25000000000E+01 1.30000000000E+01 6.11037423785E+04 3.39348935275E+02 6.20461001752E+04 2.92791453497E+02 5.95025935455E+04 4.77081835015E+02 6.07658254149E+04 2.52108962534E+02 6.19594159226E+04 3.94016253969E+02 6.05416009375E+04 4.72848203058E+02 5.96122750777E+04 3.47326228620E+02 
1.30000000000E+01 1.35000000000E+01 1.40000000000E+01 5.47939754980E+04 2.98137890750E+02 5.56902384720E+04 2.67333333402E+02 5.38973921375E+04 4.08169820956E+02 5.45479162689E+04 2.22279885580E+02 5.57245939674E+04 3.58068089324E+02 5.42079369695E+04 4.17590465140E+02 5.38465128238E+04 2.93133836927E+02 
1.40000000000E+01 1.45000000000E+01 1.50000000000E+01 4.99752613363E+04 3.06825842851E+02 5.07151033817E+04 2.33761999456E+02 4.97299854235E+04 4.07835552420E+02 4.96310334471E+04 2.28417949960E+02 5.07165853418E+04 3.16640733466E+02 4.95648604756E+04 4.27755918150E+02 4.94313988747E+04 2.93836189294E+02 
1.50000000000E+01 1.55000000000E+01 1.60000000000E+01 4.62691439246E+04 2.78303389937E+02 4.65944958077E+04 2.13659207402E+02 4.58338517959E+04 3.66020568011E+02 4.58112725674E+04 2.09533056579E+02 4.68222109117E+04 2.81934582764E+02 4.62353279690E+04 3.87504462137E+02 4.53971963257E+04 2.63224565540E+02 
1.60000000000E+01 1.65000000000E+01 1.70000000000E+01 4.25931614592E+04 2.65953931434E+02 4.26587951970E+04 2.12318277055E+02 4.21828652878E+04 3.51911372547E+02 4.20273758650E+04 1.96584072301E+02 4.28765779234E+04 2.85789887578E+02 4.25489962960E+04 3.67150266487E+02 4.18002553240E+04 2.53260906272E+02 
1.70000000000E+01 1.75000000000E+01 1.80000000000E+01 3.93824807962E+04 2.39975233718E+02 3.93680617090E+04 1.89618149557E+02 3.90036113432E+04 3.43037904645E+02 3.87450046698E+04 1.78664240556E+02 3.96955843418E+04 2.55003067901E+02 3.95401932574E+04 3.32928308817E+02 3.84836399013E+04 2.44655557942E+02 
1.80000000000E+01 1.85000000000E+01 1.90000000000E+01 3.61436158983E+04 2.38728719266E+02 3.63520659293E+04 1.83415068474E+02 3.61251978207E+04 3.01151555715E+02 3.55231253506E+04 1.80826152398E+02 3.67830805554E+04 2.49414922105E+02 3.62486984404E+04 3.36890394105E+02 3.56070469370E+04 2.16889589570E+02 
1.90000000000E+01 1.95000000000E+01 2.00000000000E+01 3.39971033025E+04 2.13893921426E+02 3.38972440719E+04 1.73996033179E+02 3.37812283914E+04 2.97562343303E+02 3.32990006034E+04 1.59012785809E+02 3.40077742963E+04 2.09565339522E+02 3.43614024265E+04 2.97906480434E+02 3.31442042010E+04 2.13865687267E+02 
2.00000000000E+01 2.05000000000E+01 2.10000000000E+01 3.08485613831E+04 2.11999186525E+02 3.09331614267E+04 1.69751622018E+02 3.06835870993E+04 2.76807085274E+02 3.03541034245E+04 1.57972109086E+02 3.12548513533E+04 2.28706125338E+02 3.10258291471E+04 3.04536278691E+02 3.03190738629E+04 1.94347049211E+02 
2.10000000000E+01 2.15000000000E+01 2.20000000000E+01 2.92534356479E+04 2.02243384626E+02 2.91611930511E+04 1.60397460587E+02 2.95014376983E+04 2.62302820355E+02 2.86299582339E+04 1.51002493918E+02 2.96305387345E+04 2.15131285777E+02 2.96508448923E+04 2.82405562020E+02 2.88226517233E+04 1.93081131467E+02 
2.20000000000E+01 2.25000000000E+01 2.30000000000E+01 2.67020513133E+04 1.95326846095E+02 2.68554935558E+04 1.50122509309E+02 2.67763578387E+04 2.49759160478E+02 2.62201324639E+04 1.45403602868E+02 2.72156835892E+04 1.99282752502E+02 2.68974706616E+04 2.66007314535E+02 2.63141951438E+04 1.78107225672E+02 
2.30000000000E+01 2.35000000000E+01 2.40000000000E+01 2.53021414767E+04 1.78648900210E+02 2.52261319667E+04 1.37229491983E+02 2.53481944762E+04 2.40020256033E+02 2.47578127789E+04 1.33293212011E+02 2.56779433103E+04 1.85007051567E+02 2.55406475897E+04 2.49007295904E+02 2.48543793613E+04 1.72955281675E+02 
2.40000000000E+01 2.45000000000E+01 2.50000000000E+01 2.38378109331E+04 1.71736523587E+02 2.37321368173E+04 1.35949541724E+02 2.40455305920E+04 2.27814431648E+02 2.32732247063E+04 1.29218622283E+02 2.42196502915E+04 1.83184811582E+02 2.42531410416E+04 2.43427642086E+02 2.35395985042E+04 1.70581728466E+02 
2.50000000000E+01 2.55000000000E+01 2.60000000000E+01 2.18062709759E+04 1.54332945691E+02 2.17678965771E+04 1.29031965752E+02 2.16840817979E+04 2.15821812199E+02 2.13973688891E+04 1.15144548416E+02 2.20430829572E+04 1.73262402141E+02 2.19475628146E+04 2.14026158396E+02 2.13535222860E+04 1.54813822387E+02 
2.60000000000E+01 2.65000000000E+01 2.70000000000E+01 2.09159875347E+04 1.48450240213E+02 2.07123505545E+04 1.20569557314E+02 2.11651653749E+04 2.16102447596E+02 2.03449630647E+04 1.10209514634E+02 2.11722502693E+04 1.62333643016E+02 2.12355736241E+04 2.07044153415E+02 2.05595561643E+04 1.53513930278E+02 
2.70000000000E+01 2.75000000000E+01 2.80000000000E+01 1.96423737120E+04 1.49029501435E+02 1.94646157926E+04 1.19047556564E+02 1.97423987988E+04 2.02564604865E+02 1.91367166062E+04 1.11048261747E+02 1.98569777151E+04 1.57829946059E+02 2.00070886319E+04 2.07372582036E+02 1.92596950538E+04 1.45742625782E+02 
2.80000000000E+01 2.85000000000E+01 2.90000000000E+01 1.82988350454E+04 1.40630999020E+02 1.82102421955E+04 1.06874713958E+02 1.83992376314E+04 1.96772089205E+02 1.78748487380E+04 1.04430164244E+02 1.85674181237E+04 1.43735212326E+02 1.85207872538E+04 1.97126916972E+02 1.80225655017E+04 1.41562468491E+02 
2.90000000000E+01 2.95000000000E+01 3.00000000000E+01 1.75822867411E+04 1.34169869801E+02 1.73317754947E+04 1.11290281944E+02 1.78462126465E+04 1.84376987078E+02 1.71080717394E+04 9.92936404238E+01 1.77716797806E+04 1.49235154692E+02 1.79732752584E+04 1.87464883175E+02 1.72953882977E+04 1.33942090572E+02 
3.00000000000E+01 3.05000000000E+01 3.10000000000E+01 1.60344592236E+04 1.31089802908E+02 1.60405399928E+04 9.39445397772E+01 1.60713455989E+04 1.65061833275E+02 1.57160300865E+04 9.27407073717E+01 1.62911990059E+04 1.29654316230E+02 1.61465393211E+04 1.81681390329E+02 1.57922488543E+04 1.17221031513E+02 
3.10000000000E+01 3.15000000000E+01 3.20000000000E+01 1.53389308109E+04 1.14687946437E+02 1.51185626160E+04 9.16050977674E+01 1.53613448846E+04 1.57723876993E+02 1.49455929269E+04 8.56598085128E+01 1.54163879189E+04 1.22541678819E+02 1.56106448140E+04 1.59007354521E+02 1.50274616703E+04 1.13642766759E+02 
3.20000000000E+01 3.25000000000E+01 3.30000000000E+01 1.42554165735E+04 1.30166939396E+02 1.41680089586E+04 9.77875333018E+01 1.41226781134E+04 1.78180484945E+02 1.39111944518E+04 9.68972435928E+01 1.44164411583E+04 1.30983387013E+02 1.43536690948E+04 1.80797152132E+02 1.39141936769E+04 1.27338597008E+02 
3.30000000000E+01 3.35000000000E+01 3.40000000000E+01 1.38449144490E+04 1.21434051249E+02 1.37451887868E+04 8.95429116102E+01 1.40271814881E+04 1.54791474726E+02 1.34539354036E+04 8.87939947862E+01 1.40760349399E+04 1.20624369469E+02 1.41470021197E+04 1.69921941115E+02 1.36605234802E+04 1.11008309384E+02 
3.40000000000E+01 3.45000000000E+01 3.50000000000E+01 1.26970617802E+04 1.07705415067E+02 1.26582518334E+04 8.80760839196E+01 1.26846725269E+04 1.42670579778E+02 1.24237640773E+04 7.98254092949E+01 1.28572064185E+04 1.17420107883E+02 1.28464619192E+04 1.48653697831E+02 1.24907142789E+04 1.02101096173E+02 
3.50000000000E+01 3.55000000000E+01 3.60000000000E+01 1.23984193151E+04 1.07329177607E+02 1.21308445607E+04 8.15044445181E+01 1.25633061133E+04 1.41712141701E+02 1.20307172205E+04 8.02909008184E+01 1.23774079014E+04 1.07250115226E+02 1.26669202336E+04 1.49100388990E+02 1.22173692195E+04 1.01941447686E+02 
3.60000000000E+01 3.65000000000E+01 3.70000000000E+01 1.15149808430E+04 1.01612501163E+02 1.14034178325E+04 7.71047470214E+01 1.15032631243E+04 1.31288494575E+02 1.12408545601E+04 7.68302000902E+01 1.16259051352E+04 1.04488231921E+02 1.16304485255E+04 1.40894536693E+02 1.13074546742E+04 9.39091592333E+01 
3.70000000000E+01 3.75000000000E+01 3.80000000000E+01 1.10450461129E+04 9.80798459958E+01 1.09228831330E+04 7.58569382320E+01 1.12148815102E+04 1.27315638816E+02 1.07741757531E+04 7.20310250805E+01 1.11512355307E+04 1.01234506676E+02 1.12398372141E+04 1.37354049511E+02 1.09244155189E+04 9.14378076176E+01 
3.80000000000E+01 3.85000000000E+01 3.90000000000E+01 1.04831557042E+04 9.61298145438E+01 1.02383118182E+04 7.45869099819E+01 1.05426531983E+04 1.34029331720E+02 1.02093565909E+04 7.17102246797E+01 1.04308088119E+04 1.00364932173E+02 1.05990857171E+04 1.37877604356E+02 1.03218789143E+04 9.52995919952E+01 
3.90000000000E+01 3.95000000000E+01 4.00000000000E+01 9.94384001348E+03 8.45468562962E+01 9.81203812005E+03 6.94508963171E+01 9.97243314304E+03 1.13088148119E+02 9.66904991713E+03 6.29918799684E+01 1.00157575840E+04 9.30097270538E+01 1.01071184334E+04 1.17895968040E+02 9.77051793452E+03 8.07776952997E+01 
4.00000000000E+01 4.05000000000E+01 4.10000000000E+01 9.38529616548E+03 7.99698342934E+01 9.22200867931E+03 6.16233829527E+01 9.59735753544E+03 1.18329961802E+02 9.13826517117E+03 5.92481505447E+01 9.40414865089E+03 8.25629487252E+01 9.54679691789E+03 1.22335117210E+02 9.36001270938E+03 8.49232991230E+01 
4.10000000000E+01 4.15000000000E+01 4.20000000000E+01 8.83939865845E+03 7.82017756111E+01 8.80287648931E+03 6.18817335928E+01 8.88426030471E+03 1.14830040907E+02 8.63729138560E+03 5.85695413614E+01 8.98701593977E+03 8.28561976892E+01 8.94961954890E+03 1.08705912513E+02 8.75166862458E+03 8.26033302246E+01 
4.20000000000E+01 4.25000000000E+01 4.30000000000E+01 8.57828185931E+03 8.23857127018E+01 8.46256519919E+03 6.37718948237E+01 8.66645590017E+03 1.04531039816E+02 8.34781261753E+03 6.14440638263E+01 8.65860908982E+03 8.54877179494E+01 8.73475751827E+03 1.14802185851E+02 8.50226601489E+03 7.74251955216E+01 
4.30000000000E+01 4.35000000000E+01 4.40000000000E+01 8.04513620451E+03 7.67464899760E+01 7.95391892461E+03 5.66288158310E+01 8.06229335424E+03 1.03890925233E+02 7.85924343746E+03 5.60776669425E+01 8.10257660163E+03 7.56904485848E+01 8.14855432687E+03 1.08507920261E+02 7.92987966722E+03 7.21901019382E+01 
4.40000000000E+01 4.45000000000E+01 4.50000000000E+01 7.86950557287E+03 7.29804232589E+01 7.65660419718E+03 5.59678003741E+01 7.91884800781E+03 9.82412212171E+01 7.62065848047E+03 5.60139704432E+01 7.84504707002E+03 7.56155844689E+01 8.04190339171E+03 1.01737621313E+02 7.70448203143E+03 7.05708862603E+01 
4.50000000000E+01 4.55000000000E+01 4.60000000000E+01 7.44698685545E+03 7.24088188020E+01 7.30162016266E+03 5.22334874072E+01 7.44854297648E+03 9.69964092409E+01 7.23607537321E+03 5.39521489655E+01 7.47407153978E+03 7.05257672248E+01 7.59983143927E+03 1.01608237386E+02 7.29940182738E+03 6.68097671737E+01 
4.60000000000E+01 4.65000000000E+01 4.70000000000E+01 6.87233571760E+03 6.74630212162E+01 6.80755925480E+03 5.54842442976E+01 6.93720329045E+03 9.69171163016E+01 6.74259376142E+03 5.09389728248E+01 6.91120875966E+03 7.33579960936E+01 6.95859723273E+03 9.21089217010E+01 6.83034997095E+03 6.93772300708E+01 
4.70000000000E+01 4.75000000000E+01 4.80000000000E+01 6.77344940013E+03 6.51571694769E+01 6.66406224274E+03 4.96056194985E+01 6.84818055447E+03 9.45667020009E+01 6.58057071052E+03 4.87179429228E+01 6.83969080603E+03 6.64051434707E+01 6.92120326504E+03 8.98312879455E+01 6.69523192716E+03 6.80282225823E+01 
4.80000000000E+01 4.85000000000E+01 4.90000000000E+01 6.36338786429E+03 6.70069024759E+01 6.30129835526E+03 4.91473498511E+01 6.40126261406E+03 9.02840865372E+01 6.20566902477E+03 4.99776586324E+01 6.42248009349E+03 6.76445632442E+01 6.44541862793E+03 9.40944293876E+01 6.29275317297E+03 6.53525292387E+01 
4.90000000000E+01 4.95000000000E+01 5.00000000000E+01 6.19840923706E+03 6.28527079757E+01 6.08633789850E+03 4.84028985213E+01 6.23520602825E+03 8.27371502436E+01 6.00932530867E+03 4.67701177756E+01 6.23509740898E+03 6.50878178427E+01 6.31579904707E+03 9.06053469620E+01 6.09022072600E+03 5.95359606162E+01 
5.00000000000E+01 5.05000000000E+01 5.10000000000E+01 5.76970538990E+03 5.49705158746E+01 5.71681461164E+03 4.47527370224E+01 5.80623654338E+03 7.78383163117E+01 5.64951497388E+03 4.16719590766E+01 5.81619130271E+03 6.16129515608E+01 5.85581733070E+03 7.66404592465E+01 5.71333874850E+03 5.59795773772E+01 
5.10000000000E+01 5.15000000000E+01 5.20000000000E+01 5.57477406248E+03 5.78074312095E+01 5.49885253896E+03 4.33633238822E+01 5.68868993284E+03 7.79811561741E+01 5.44048240707E+03 4.31168522889E+01 5.60700405724E+03 5.97927362796E+01 5.64421578608E+03 8.06658932293E+01 5.55623469127E+03 5.62674531533E+01 
5.20000000000E+01 5.25000000000E+01 5.30000000000E+01 5.29919326272E+03 5.21415368384E+01 5.21679067315E+03 4.18631829805E+01 5.42783188824E+03 7.20839915754E+01 5.16925818718E+03 3.95464723171E+01 5.32968347230E+03 5.61756097402E+01 5.38477947744E+03 7.20027804415E+01 5.29732978862E+03 5.00590837764E+01 
5.30000000000E+01 5.35000000000E+01 5.40000000000E+01 5.11930502650E+03 5.12225038204E+01 5.02924578806E+03 4.05018422085E+01 5.17047817469E+03 6.96959092976E+01 4.97360437796E+03 3.84249933116E+01 5.14697364803E+03 5.39247724863E+01 5.17369143161E+03 7.39327595876E+01 5.07649986792E+03 4.92011707801E+01 
5.40000000000E+01 5.45000000000E+01 5.50000000000E+01 4.86278280888E+03 5.60585572229E+01 4.79505261222E+03 3.98918210458E+01 4.90774653053E+03 7.14874639173E+01 4.74690198671E+03 4.19785270491E+01 4.90167849648E+03 5.34290268645E+01 4.93422429473E+03 7.78374283789E+01 4.81343664635E+03 5.12540892023E+01 
5.50000000000E+01 5.55000000000E+01 5.60000000000E+01 4.57890499229E+03 5.26026193553E+01 4.52776348010E+03 4.10965422997E+01 4.62595177144E+03 7.30149662780E+01 4.48891820079E+03 3.94352368044E+01 4.61745596064E+03 5.44287366770E+01 4.64719109641E+03 7.48268833967E+01 4.53495241506E+03 5.17365170462E+01 
5.60000000000E+01 5.65000000000E+01 5.70000000000E+01 4.46367904912E+03 5.18086961494E+01 4.39979434652E+03 3.95658167951E+01 4.50678825276E+03 6.74800082444E+01 4.35062165260E+03 3.83684870738E+01 4.49843125420E+03 5.25660792293E+01 4.51931734513E+03 7.24377699321E+01 4.42734797761E+03 4.89135842115E+01 
5.70000000000E+01 5.75000000000E+01 5.80000000000E+01 4.31237213438E+03 4.93005820747E+01 4.25182406725E+03 3.49903365334E+01 4.30209246463E+03 6.78444523213E+01 4.19453655498E+03 3.67843199680E+01 4.35626749568E+03 4.68604768299E+01 4.41000685659E+03 6.85974697144E+01 4.21708706808E+03 4.86589522326E+01 
5.80000000000E+01 5.85000000000E+01 5.90000000000E+01 4.15529032132E+03 4.43322890725E+01 4.07889578076E+03 3.59467807594E+01 4.23587994579E+03 5.94136766619E+01 4.04405660741E+03 3.42359021941E+01 4.16337111436E+03 4.78713231562E+01 4.21911220512E+03 6.27059387169E+01 4.11972058268E+03 4.26992643188E+01 
5.90000000000E+01 5.95000000000E+01 6.00000000000E+01 3.89702290251E+03 4.02958136501E+01 3.85430107729E+03 3.17839365142E+01 3.95538219252E+03 5.69769417555E+01 3.80356566248E+03 3.02272895843E+01 3.93649312208E+03 4.09196856399E+01 3.95804051206E+03 5.78220277804E+01 3.88505833536E+03 4.07192383680E+01 
6.00000000000E+01 6.05000000000E+01 6.10000000000E+01 3.77871182222E+03 4.49427619630E+01 3.70449300732E+03 3.48040547246E+01 3.81365465394E+03 6.14356088064E+01 3.67054808888E+03 3.26863323052E+01 3.79975455692E+03 4.64741473695E+01 3.83013264213E+03 6.21505019040E+01 3.75522739466E+03 4.36469297943E+01 
6.10000000000E+01 6.15000000000E+01 6.20000000000E+01 3.64582532719E+03 4.29694062943E+01 3.57959606888E+03 3.18264274872E+01 3.63901055393E+03 5.97384337703E+01 3.54790807712E+03 3.19434068697E+01 3.66343917855E+03 4.24806742172E+01 3.70382217879E+03 5.97232748609E+01 3.60556236529E+03 4.32698865118E+01 
6.20000000000E+01 6.25000000000E+01 6.30000000000E+01 3.55733815586E+03 3.90063552876E+01 3.44343238624E+03 2.83942410961E+01 3.63074573805E+03 5.70714024211E+01 3.44288387315E+03 2.91068220328E+01 3.52955622394E+03 3.86976300871E+01 3.64600994076E+03 5.51441013022E+01 3.52246292630E+03 4.16229850221E+01 
6.30000000000E+01 6.35000000000E+01 6.40000000000E+01 3.34206940148E+03 3.79822042919E+01 3.29923314665E+03 3.08317979615E+01 3.41058800556E+03 5.28348337369E+01 3.27066470938E+03 2.83521044810E+01 3.36496699412E+03 4.11378343467E+01 3.38825860548E+03 5.25059885556E+01 3.35067123640E+03 3.75251574588E+01 
6.40000000000E+01 6.45000000000E+01 6.50000000000E+01 3.14040646030E+03 3.93831661010E+01 3.10915912199E+03 2.93501091013E+01 3.20456650374E+03 5.49195000635E+01 3.08487036982E+03 2.95598554885E+01 3.15635294103E+03 4.05927383456E+01 3.15577747132E+03 5.67769448269E+01 3.13665380029E+03 3.97937484769E+01 
6.50000000000E+01 6.55000000000E+01 6.60000000000E+01 3.07556054170E+03 3.76576810486E+01 3.04769518360E+03 2.63749420436E+01 3.08679275297E+03 4.92580236678E+01 2.99816842692E+03 2.82782946794E+01 3.13099698524E+03 3.50211438972E+01 3.12442590968E+03 5.20253020183E+01 3.03339177451E+03 3.50918328473E+01 
6.60000000000E+01 6.65000000000E+01 6.70000000000E+01 3.00728059135E+03 3.65245966820E+01 2.95185444322E+03 2.55326570790E+01 3.04217114711E+03 4.65892428365E+01 2.91102348359E+03 2.70339689701E+01 3.01877723290E+03 3.36071979285E+01 3.05372521303E+03 5.15697339785E+01 2.97457404022E+03 3.36448648965E+01 
6.70000000000E+01 6.75000000000E+01 6.80000000000E+01 2.91292911348E+03 3.42572673684E+01 2.81801313657E+03 2.58459898464E+01 2.93084228407E+03 4.95853432621E+01 2.82281169238E+03 2.56866217177E+01 2.94296171256E+03 3.43759187688E+01 2.94415498528E+03 4.95366280739E+01 2.86611787214E+03 3.58118767132E+01 
6.80000000000E+01 6.85000000000E+01 6.90000000000E+01 2.66698156160E+03 2.98025206328E+01 2.64564308680E+03 2.42011699195E+01 2.70612537554E+03 4.47217912329E+01 2.61176082552E+03 2.22548339541E+01 2.69725782209E+03 3.21614536701E+01 2.68449900463E+03 4.14676290447E+01 2.65588399199E+03 3.28543342924E+01 
6.90000000000E+01 6.95000000000E+01 7.00000000000E+01 2.63632784190E+03 3.18302918140E+01 2.58712759567E+03 2.32230100085E+01 2.63958241762E+03 4.37336518813E+01 2.57569074441E+03 2.34057768963E+01 2.65796135279E+03 3.11919495327E+01 2.68521597640E+03 4.41458900051E+01 2.60461504191E+03 3.16443630538E+01 
7.00000000000E+01 7.05000000000E+01 7.10000000000E+01 2.50782243997E+03 3.27916727119E+01 2.48649358139E+03 2.32493073064E+01 2.55021433532E+03 4.29053241219E+01 2.44772970924E+03 2.43583902520E+01 2.55444493777E+03 3.16067252949E+01 2.53093830139E+03 4.55263004036E+01 2.52119722014E+03 3.10072632246E+01 
7.10000000000E+01 7.15000000000E+01 7.20000000000E+01 2.40482569993E+03 3.14375091358E+01 2.36354979933E+03 2.35581606496E+01 2.45869902547E+03 4.16226993601E+01 2.34815675809E+03 2.36576542642E+01 2.40806006123E+03 3.15409084619E+01 2.41321020414E+03 4.38438725898E+01 2.42805777619E+03 2.85734443303E+01 
7.20000000000E+01 7.25000000000E+01 7.30000000000E+01 2.37970258055E+03 3.03812518464E+01 2.32947258662E+03 2.33081079247E+01 2.43945915348E+03 4.10625532988E+01 2.31210395997E+03 2.26828117126E+01 2.38154116094E+03 3.10668800460E+01 2.43817789841E+03 4.25482269026E+01 2.37491177534E+03 2.96449146780E+01 
7.30000000000E+01 7.35000000000E+01 7.40000000000E+01 2.19610022371E+03 2.74470731619E+01 2.18301884121E+03 2.19196752826E+01 2.22936192413E+03 4.16079559096E+01 2.15026346088E+03 2.12236497410E+01 2.22688486496E+03 2.91773011996E+01 2.20612704599E+03 3.84561671404E+01 2.19541830842E+03 3.01276249399E+01 
7.40000000000E+01 7.45000000000E+01 7.50000000000E+01 2.19109152206E+03 2.86411310118E+01 2.15270761147E+03 2.13984449555E+01 2.22611913858E+03 3.88016861298E+01 2.13365312843E+03 2.13327559545E+01 2.20946947136E+03 2.83880240699E+01 2.23225068004E+03 4.00601984267E+01 2.17550868403E+03 2.80019188091E+01 
7.50000000000E+01 7.55000000000E+01 7.60000000000E+01 2.01999583486E+03 2.77379120143E+01 2.00134785277E+03 1.99767476448E+01 2.01923263024E+03 3.86771953166E+01 1.99075345090E+03 2.03169878841E+01 2.04000476842E+03 2.69878858479E+01 2.04112938995E+03 3.82161365609E+01 2.00985306075E+03 2.76887883079E+01 
7.60000000000E+01 7.65000000000E+01 7.70000000000E+01 2.01873356121E+03 2.74671975926E+01 1.98191820287E+03 2.10516246005E+01 2.07809739289E+03 3.70251672313E+01 1.96702807897E+03 2.06024756914E+01 2.03070817211E+03 2.80405593406E+01 2.05343089322E+03 3.82781680807E+01 2.02322861018E+03 2.66471958563E+01 
7.70000000000E+01 7.75000000000E+01 7.80000000000E+01 1.97245436885E+03 2.67329115654E+01 1.91824798200E+03 2.18801252152E+01 1.98504827580E+03 3.68347276078E+01 1.91346351555E+03 2.00985008097E+01 1.96609825355E+03 2.91957471226E+01 1.98259358306E+03 3.59492413748E+01 1.95053943163E+03 2.66286738414E+01 
7.80000000000E+01 7.85000000000E+01 7.90000000000E+01 1.87232687412E+03 2.72219716507E+01 1.82198650686E+03 2.00473492370E+01 1.86660695233E+03 3.58694066807E+01 1.82314208720E+03 2.09208420611E+01 1.85266771812E+03 2.63326430804E+01 1.88377558827E+03 3.76883027876E+01 1.85177853875E+03 2.59631916497E+01 
7.90000000000E+01 7.95000000000E+01 8.00000000000E+01 1.80303073894E+03 2.55411688053E+01 1.77526955959E+03 1.91834851465E+01 1.83131593913E+03 3.37265794345E+01 1.75818029446E+03 1.91930187411E+01 1.81354199602E+03 2.55875042364E+01 1.82870321514E+03 3.56776639068E+01 1.80870750175E+03 2.43910667968E+01 
8.00000000000E+01 8.05000000000E+01 8.10000000000E+01 1.71084885417E+03 2.75400368114E+01 1.68312318057E+03 2.04892406917E+01 1.73763620288E+03 3.49767563844E+01 1.67933440278E+03 2.05300725301E+01 1.71835007111E+03 2.73493015190E+01 1.72789616600E+03 3.80403083533E+01 1.71848587391E+03 2.53212115607E+01 
8.10000000000E+01 8.15000000000E+01 8.20000000000E+01 1.64365935711E+03 2.55688495548E+01 1.61350998804E+03 1.81027907343E+01 1.66509022670E+03 3.18252940277E+01 1.60967314084E+03 1.92695538986E+01 1.64471913685E+03 2.39971927359E+01 1.65873687653E+03 3.52288850605E+01 1.64685546779E+03 2.30005624258E+01 
8.20000000000E+01 8.25000000000E+01 8.30000000000E+01 1.62424705938E+03 2.25595238744E+01 1.57918145695E+03 1.77361172396E+01 1.67286660075E+03 3.20975459857E+01 1.58266519960E+03 1.68005310047E+01 1.61772255383E+03 2.39753776589E+01 1.64795293210E+03 3.11955779610E+01 1.62683516193E+03 2.24949132583E+01 
8.30000000000E+01 8.35000000000E+01 8.40000000000E+01 1.50179548655E+03 2.14688178344E+01 1.49474361855E+03 1.68458291927E+01 1.51124495453E+03 3.04556402189E+01 1.47691668079E+03 1.60328339367E+01 1.52448574855E+03 2.22983457441E+01 1.50327742991E+03 3.01380867057E+01 1.49991970627E+03 2.19544412624E+01 
8.40000000000E+01 8.45000000000E+01 8.50000000000E+01 1.46509156116E+03 2.07992659100E+01 1.44440349040E+03 1.62169835677E+01 1.45485648254E+03 2.99235597891E+01 1.43227385681E+03 1.61787933688E+01 1.47584214491E+03 2.12251007494E+01 1.47359981001E+03 2.87403863673E+01 1.44863038140E+03 2.06978421316E+01 
8.50000000000E+01 8.55000000000E+01 8.60000000000E+01 1.43985636395E+03 2.12513316803E+01 1.40875566952E+03 1.57238870150E+01 1.46024356873E+03 3.01013977783E+01 1.40179689795E+03 1.57394124932E+01 1.44750977709E+03 2.10694032469E+01 1.45414502913E+03 2.99887046603E+01 1.43927153195E+03 2.15516207221E+01 
8.60000000000E+01 8.65000000000E+01 8.70000000000E+01 1.40189865454E+03 2.00839141879E+01 1.37544470438E+03 1.48712756684E+01 1.42598523336E+03 2.71469334278E+01 1.36827297957E+03 1.49942906427E+01 1.40897947554E+03 1.98134462987E+01 1.42412541851E+03 2.79534450128E+01 1.40332817246E+03 1.96292992397E+01 
8.70000000000E+01 8.75000000000E+01 8.80000000000E+01 1.32902177184E+03 2.08495835186E+01 1.31945924319E+03 1.54216529364E+01 1.33960041109E+03 2.69749334064E+01 1.30089798887E+03 1.57400786797E+01 1.34381296028E+03 2.08417690593E+01 1.33416742931E+03 2.91788201576E+01 1.32007046122E+03 2.00411898283E+01 
8.80000000000E+01 8.85000000000E+01 8.90000000000E+01 1.29492410217E+03 1.95422214225E+01 1.29093099246E+03 1.40401406176E+01 1.31216038837E+03 2.68307569896E+01 1.26671067822E+03 1.46862083353E+01 1.32520716421E+03 1.88155753204E+01 1.30407993611E+03 2.72350974077E+01 1.29283083264E+03 1.92301704257E+01 
8.90000000000E+01 8.95000000000E+01 9.00000000000E+01 1.24347266567E+03 1.85000999527E+01 1.22070389890E+03 1.38271015588E+01 1.25391370406E+03 2.77619661116E+01 1.21602816865E+03 1.42182650637E+01 1.25026530489E+03 1.81600827130E+01 1.25078006015E+03 2.57220411477E+01 1.23614616266E+03 1.97646228877E+01 
9.00000000000E+01 9.05000000000E+01 9.10000000000E+01 1.19968724965E+03 1.88359002234E+01 1.19374802999E+03 1.40303817468E+01 1.23482925307E+03 2.62358707880E+01 1.16568598848E+03 1.38950847420E+01 1.21973513449E+03 1.87097080315E+01 1.20565390900E+03 2.61225715115E+01 1.21248371306E+03 1.87368598444E+01 
9.10000000000E+01 9.15000000000E+01 9.20000000000E+01 1.15970450800E+03 1.92041438075E+01 1.15220018996E+03 1.39863791077E+01 1.12870616876E+03 2.38768778120E+01 1.13673312044E+03 1.43603156256E+01 1.18413503326E+03 1.86416579465E+01 1.16664590775E+03 2.67460295882E+01 1.13304526059E+03 1.71174110629E+01 
9.20000000000E+01 9.25000000000E+01 9.30000000000E+01 1.11686367671E+03 1.71252496872E+01 1.10177172504E+03 1.30860658086E+01 1.12022489987E+03 2.24241545722E+01 1.08824186878E+03 1.28257179254E+01 1.12974636541E+03 1.75031565861E+01 1.13497770836E+03 2.40725737605E+01 1.10981752588E+03 1.62153513957E+01 
9.30000000000E+01 9.35000000000E+01 9.40000000000E+01 1.09139134891E+03 1.80094143497E+01 1.06593736083E+03 1.32863793097E+01 1.10290884221E+03 2.36111384535E+01 1.06457352136E+03 1.34978125537E+01 1.09029871389E+03 1.76634606507E+01 1.08687183788E+03 2.45450918290E+01 1.09742380758E+03 1.76900287643E+01 
9.40000000000E+01 9.45000000000E+01 9.50000000000E+01 1.02582946763E+03 1.60754552343E+01 1.00820695258E+03 1.20104115153E+01 1.03576078510E+03 2.07161790906E+01 1.00647464772E+03 1.20689714733E+01 1.02403007699E+03 1.50885873934E+01 1.02739229315E+03 2.33280551998E+01 1.02537777342E+03 1.53993018809E+01 
9.50000000000E+01 9.55000000000E+01 9.60000000000E+01 9.84225365246E+02 1.68051599051E+01 9.81956975024E+02 1.17294216326E+01 9.85871655871E+02 2.27601925140E+01 9.68638393413E+02 1.23491651537E+01 9.98592704651E+02 1.56567311009E+01 9.82259748843E+02 2.29592904990E+01 9.84162187321E+02 1.64302810469E+01 
9.60000000000E+01 9.65000000000E+01 9.70000000000E+01 9.85548896581E+02 1.56084665359E+01 9.70074945946E+02 1.12605040598E+01 9.79250345939E+02 2.18844517548E+01 9.66903847605E+02 1.16344925824E+01 9.86217904733E+02 1.49326453965E+01 1.00455803148E+03 2.16163321887E+01 9.68635939187E+02 1.58531258448E+01 
9.70000000000E+01 9.75000000000E+01 9.80000000000E+01 9.25585360101E+02 1.61102808877E+01 9.14245675108E+02 1.18198161404E+01 9.12657399201E+02 2.30167568487E+01 9.09357405071E+02 1.18030386125E+01 9.30533614832E+02 1.58814716275E+01 9.21984192297E+02 2.23903307249E+01 9.25822372959E+02 1.61278321622E+01 
9.80000000000E+01 9.85000000000E+01 9.90000000000E+01 9.23580420864E+02 1.56577987795E+01 9.00023099206E+02 1.10605254069E+01 9.30610131043E+02 2.00736870355E+01 9.00915669113E+02 1.16693359174E+01 9.23517397683E+02 1.48115237080E+01 9.21479225313E+02 2.15030655326E+01 9.19099897160E+02 1.41996994646E+01 
9.90000000000E+01 9.95000000000E+01 1.00000000000E+02 8.85857254620E+02 1.45335957776E+01 8.72269743410E+02 1.14939800029E+01 8.92384680229E+02 2.13625003238E+01 8.65865641170E+02 1.08317276668E+01 8.94132652487E+02 1.52408441795E+01 8.99912763984E+02 2.04819956616E+01 8.85328354307E+02 1.53390489025E+01 
#nx: 3
