#labels: ptz__1p5__1p75_lower[1] ptz__1p5__1p75_center[2] ptz__1p5__1p75_upper[3] tot_scale01[4] tot_scale01_Err[5] tot_scale02[6] tot_scale02_Err[7] tot_scale03[8] tot_scale03_Err[9] tot_scale04[10] tot_scale04_Err[11] tot_scale05[12] tot_scale05_Err[13] tot_scale06[14] tot_scale06_Err[15] tot_scale07[16] tot_scale07_Err[17]
#neval: 191947084129
#overflow:lower center upper 1.27416572624E+03 7.55273970381E+00 1.26182679695E+03 5.44148700624E+00 1.26975285050E+03 1.18460004305E+01 1.25496342248E+03 5.62145809236E+00 1.28292946688E+03 7.32722285319E+00 1.26875773475E+03 1.04726942442E+01 1.27732473752E+03 8.50234957699E+00 
0.00000000000E+00 5.00000000000E-01 1.00000000000E+00 0.00000000000E+00 0.00000000000E+00 0.00000000000E+00 0.00000000000E+00 0.00000000000E+00 0.00000000000E+00 0.00000000000E+00 0.00000000000E+00 0.00000000000E+00 0.00000000000E+00 0.00000000000E+00 0.00000000000E+00 0.00000000000E+00 0.00000000000E+00 
1.00000000000E+00 1.50000000000E+00 2.00000000000E+00 -6.56997551482E+03 4.14695198703E+02 -3.92921832020E+03 3.26644512333E+02 -7.85120427645E+03 5.19919165853E+02 -2.68334021296E+03 3.07702003500E+02 -8.08663460678E+03 4.41117053715E+02 -1.02230203749E+04 5.72888387953E+02 -4.42350172212E+03 3.72059307190E+02 
2.00000000000E+00 2.50000000000E+00 3.00000000000E+00 2.81636200432E+03 2.34167810259E+02 4.01732122267E+03 1.90460858626E+02 1.49853599740E+03 3.03228721619E+02 4.57625788116E+03 1.74795415121E+02 1.94228650740E+03 2.52377425393E+02 7.82110443779E+02 3.26098517560E+02 3.32620490187E+03 2.18260545914E+02 
3.00000000000E+00 3.50000000000E+00 4.00000000000E+00 4.24624395272E+03 1.46889893173E+02 5.03747319678E+03 1.14990869925E+02 3.30436546224E+03 1.81562127313E+02 5.18045565817E+03 1.09901538298E+02 3.92346854439E+03 1.54839244457E+02 3.00981794168E+03 2.04133679327E+02 4.39924726390E+03 1.30986630371E+02 
4.00000000000E+00 4.50000000000E+00 5.00000000000E+00 4.80987843351E+03 1.21336132090E+02 5.21259227168E+03 1.06503056898E+02 4.39386551857E+03 1.68007334529E+02 5.23768489766E+03 9.05841696279E+01 4.66885624121E+03 1.43663092242E+02 4.25429227894E+03 1.67109677465E+02 4.85181563975E+03 1.19141694070E+02 
5.00000000000E+00 5.50000000000E+00 6.00000000000E+00 3.94635777284E+03 1.11619805972E+02 4.37372575359E+03 9.05493655143E+01 3.46453257363E+03 1.20871102979E+02 4.31260639603E+03 8.30872845012E+01 3.94112020893E+03 1.20714553139E+02 3.40524953541E+03 1.56014912090E+02 3.92473309953E+03 8.80424067819E+01 
6.00000000000E+00 6.50000000000E+00 7.00000000000E+00 3.76697327491E+03 7.98525267930E+01 4.02450535461E+03 6.61346126386E+01 3.55057550504E+03 1.01339229894E+02 3.97295034886E+03 5.96903235020E+01 3.78304573960E+03 8.87538958431E+01 3.50018780542E+03 1.12214788650E+02 3.80822785005E+03 7.21715025875E+01 
7.00000000000E+00 7.50000000000E+00 8.00000000000E+00 3.46675876653E+03 6.76500046719E+01 3.63008839554E+03 5.27670831862E+01 3.28528310429E+03 8.52599605434E+01 3.58104024151E+03 5.05676697009E+01 3.46499970135E+03 7.06529698433E+01 3.25996862345E+03 9.23034947229E+01 3.43240304236E+03 6.14016035205E+01 
8.00000000000E+00 8.50000000000E+00 9.00000000000E+00 3.19434119082E+03 6.02578006004E+01 3.29865834302E+03 4.84359281540E+01 3.06170373100E+03 7.78154176856E+01 3.23660727718E+03 4.55346825088E+01 3.21393975383E+03 6.59934552953E+01 3.09064617441E+03 8.55347446056E+01 3.14055261572E+03 5.59140011172E+01 
9.00000000000E+00 9.50000000000E+00 1.00000000000E+01 2.66593738527E+03 5.24757477060E+01 2.82668745578E+03 4.08046865691E+01 2.58895619948E+03 6.75885044939E+01 2.74014166411E+03 3.91341580346E+01 2.71683051326E+03 5.48310411115E+01 2.53848105392E+03 7.31942408200E+01 2.70022494206E+03 4.73995266270E+01 
1.00000000000E+01 1.05000000000E+01 1.10000000000E+01 2.46442535491E+03 5.01297468787E+01 2.53879992680E+03 4.14684538608E+01 2.37918346788E+03 6.57750165232E+01 2.50969396003E+03 3.79896914414E+01 2.46987589652E+03 5.51495835500E+01 2.36723823393E+03 6.95660014711E+01 2.44391087128E+03 4.74189862164E+01 
1.10000000000E+01 1.15000000000E+01 1.20000000000E+01 2.37021612672E+03 3.98858066177E+01 2.42202398772E+03 3.22461570923E+01 2.35699583932E+03 4.99547155629E+01 2.36179343828E+03 2.96496788803E+01 2.40978767724E+03 4.24048784038E+01 2.34938010114E+03 5.52104557059E+01 2.34261959616E+03 3.59539914735E+01 
1.20000000000E+01 1.25000000000E+01 1.30000000000E+01 1.97988090104E+03 3.72479843381E+01 2.03637827745E+03 3.00714346231E+01 1.92632200836E+03 4.59557206334E+01 2.01418994493E+03 2.77047224665E+01 1.98307288668E+03 3.99729775764E+01 1.90698769332E+03 5.16392827040E+01 1.92827958258E+03 3.39497401295E+01 
1.30000000000E+01 1.35000000000E+01 1.40000000000E+01 1.92089957109E+03 3.31738462467E+01 1.94850204754E+03 2.73029496784E+01 1.86382983476E+03 4.01470238654E+01 1.92624277660E+03 2.50564566611E+01 1.94620041266E+03 3.62998180454E+01 1.90753342344E+03 4.63846185471E+01 1.85817486855E+03 2.94369943642E+01 
1.40000000000E+01 1.45000000000E+01 1.50000000000E+01 1.74592257091E+03 3.21430494303E+01 1.78449803178E+03 2.40106544104E+01 1.73316082324E+03 4.06636887419E+01 1.74632033838E+03 2.28976158016E+01 1.76865496323E+03 3.45553037299E+01 1.73104836269E+03 4.36089273603E+01 1.72798968397E+03 2.92963934397E+01 
1.50000000000E+01 1.55000000000E+01 1.60000000000E+01 1.61761796368E+03 2.69425883148E+01 1.62010294725E+03 2.14587920020E+01 1.55268953813E+03 3.81628736579E+01 1.60170272473E+03 2.02277913198E+01 1.61463624208E+03 2.86548193415E+01 1.60007404221E+03 3.77023929424E+01 1.55755806448E+03 2.73862362202E+01 
1.60000000000E+01 1.65000000000E+01 1.70000000000E+01 1.49450135130E+03 2.74459346402E+01 1.51080133953E+03 2.16127698568E+01 1.49411569783E+03 3.27938390650E+01 1.46843238852E+03 2.11682858293E+01 1.52196292315E+03 2.87926942520E+01 1.49774955745E+03 3.74332019097E+01 1.46523534585E+03 2.45003900818E+01 
1.70000000000E+01 1.75000000000E+01 1.80000000000E+01 1.36870253702E+03 2.60900875497E+01 1.38688918828E+03 2.07963481659E+01 1.34305367519E+03 3.27903403302E+01 1.35593346971E+03 1.94974651143E+01 1.39353242500E+03 2.76025050505E+01 1.37087727721E+03 3.56082573421E+01 1.34651902164E+03 2.32670860031E+01 
1.80000000000E+01 1.85000000000E+01 1.90000000000E+01 1.25707081981E+03 2.33010039943E+01 1.29025651772E+03 1.65808902323E+01 1.25898431644E+03 3.08871408478E+01 1.24054687272E+03 1.73815152807E+01 1.30700915670E+03 2.20887540623E+01 1.25209477566E+03 3.20632987601E+01 1.24873470704E+03 2.22270695197E+01 
1.90000000000E+01 1.95000000000E+01 2.00000000000E+01 1.11195089674E+03 2.46874577823E+01 1.14349535479E+03 1.82745847369E+01 1.07598959601E+03 3.19521386975E+01 1.11278235547E+03 1.81727955168E+01 1.14193024796E+03 2.44185084363E+01 1.08978924244E+03 3.42840594590E+01 1.08098707836E+03 2.29594187153E+01 
2.00000000000E+01 2.05000000000E+01 2.10000000000E+01 1.11561701288E+03 1.93824354995E+01 1.10239932666E+03 1.54408149812E+01 1.11550013748E+03 2.44146197810E+01 1.09231189051E+03 1.45433948435E+01 1.11714901058E+03 2.05803829641E+01 1.13084220975E+03 2.70900167666E+01 1.08391957129E+03 1.81823153909E+01 
2.10000000000E+01 2.15000000000E+01 2.20000000000E+01 1.03511262035E+03 1.72483039744E+01 1.04510695763E+03 1.38290521421E+01 1.04906101527E+03 2.15844375656E+01 1.01782683435E+03 1.25946470937E+01 1.06386877993E+03 1.83617356130E+01 1.05770991578E+03 2.30214862944E+01 1.02378384561E+03 1.56573856634E+01 
2.20000000000E+01 2.25000000000E+01 2.30000000000E+01 9.71720447912E+02 1.75934222997E+01 9.64182575020E+02 1.47066445854E+01 9.58972899778E+02 2.33083571721E+01 9.46792075207E+02 1.30132967431E+01 9.83662625516E+02 1.98261681621E+01 9.87303428843E+02 2.47402789956E+01 9.40030516021E+02 1.65812346103E+01 
2.30000000000E+01 2.35000000000E+01 2.40000000000E+01 9.12552624286E+02 1.62259053308E+01 8.99349001830E+02 1.30046570169E+01 9.09213803029E+02 2.19633915819E+01 8.85604115489E+02 1.25214337410E+01 9.14637401556E+02 1.73888874944E+01 9.24224934218E+02 2.23544745713E+01 8.85938220295E+02 1.53481149681E+01 
2.40000000000E+01 2.45000000000E+01 2.50000000000E+01 8.28440354040E+02 1.54874758031E+01 8.37230573421E+02 1.21237451049E+01 8.30240863401E+02 2.01655290520E+01 8.14904774118E+02 1.16870830469E+01 8.54678796611E+02 1.60498106600E+01 8.25249124620E+02 2.22372094370E+01 8.18398660883E+02 1.45818313623E+01 
2.50000000000E+01 2.55000000000E+01 2.60000000000E+01 7.70755451147E+02 1.55211058374E+01 7.83985106888E+02 1.26709493629E+01 7.73707140008E+02 1.98394297986E+01 7.57915813163E+02 1.17165481076E+01 7.90244073230E+02 1.74400925898E+01 7.81584078131E+02 2.20165716592E+01 7.65547073427E+02 1.38985560423E+01 
2.60000000000E+01 2.65000000000E+01 2.70000000000E+01 7.25786782092E+02 1.49585071864E+01 7.22162874233E+02 1.18244457841E+01 7.20964437951E+02 1.93280091047E+01 7.09576929304E+02 1.12565471325E+01 7.28642684172E+02 1.58126166058E+01 7.23944501350E+02 2.07695131007E+01 7.09167623949E+02 1.41082188774E+01 
2.70000000000E+01 2.75000000000E+01 2.80000000000E+01 6.93130611669E+02 1.40311024221E+01 6.89479647007E+02 1.10547262817E+01 7.05588514204E+02 1.92680148568E+01 6.76085384018E+02 1.04998080612E+01 7.02461458111E+02 1.41346660623E+01 6.88735306604E+02 1.97448230977E+01 6.87002929779E+02 1.38429834534E+01 
2.80000000000E+01 2.85000000000E+01 2.90000000000E+01 6.46005534271E+02 1.29369901122E+01 6.41207798749E+02 1.00854979069E+01 6.40233463825E+02 1.62016004819E+01 6.35458650304E+02 9.81748347494E+00 6.48706831290E+02 1.33945111709E+01 6.50989379298E+02 1.79540812235E+01 6.33978571068E+02 1.16868791999E+01 
2.90000000000E+01 2.95000000000E+01 3.00000000000E+01 6.28821357346E+02 1.16176206552E+01 6.18294174793E+02 9.24759821737E+00 6.54161155973E+02 1.54741867107E+01 6.10879878934E+02 8.75687556904E+00 6.32931291712E+02 1.22190357100E+01 6.42620793445E+02 1.63283483526E+01 6.27177182104E+02 1.09948956923E+01 
3.00000000000E+01 3.05000000000E+01 3.10000000000E+01 5.84894748831E+02 1.18262553914E+01 5.77299614066E+02 9.73047461719E+00 5.93636605272E+02 1.52471209821E+01 5.69308921513E+02 9.18805769449E+00 5.86001689144E+02 1.29696161603E+01 5.98470808732E+02 1.62992070232E+01 5.86915179825E+02 1.03299419250E+01 
3.10000000000E+01 3.15000000000E+01 3.20000000000E+01 5.47801620049E+02 1.10011058973E+01 5.44842565626E+02 9.27573373192E+00 5.54236799183E+02 1.46337682923E+01 5.35455683348E+02 8.31153997587E+00 5.55163143972E+02 1.21235083159E+01 5.52361979981E+02 1.51306750459E+01 5.38500843638E+02 1.06585175505E+01 
3.20000000000E+01 3.25000000000E+01 3.30000000000E+01 5.01480256669E+02 1.12061078420E+01 4.96803992683E+02 8.50707573895E+00 5.10954600505E+02 1.44648599909E+01 4.92908488686E+02 8.41524592219E+00 4.97555534871E+02 1.12516577952E+01 5.08614504504E+02 1.56359807213E+01 4.99252385493E+02 9.69991962223E+00 
3.30000000000E+01 3.35000000000E+01 3.40000000000E+01 5.02919758551E+02 1.06110544434E+01 4.93461861826E+02 8.04106180558E+00 5.02905551767E+02 1.39226733317E+01 4.88775532891E+02 8.02721920491E+00 5.04063512024E+02 1.06379800488E+01 5.10131838727E+02 1.48871691599E+01 4.94607299093E+02 1.02111461525E+01 
3.40000000000E+01 3.45000000000E+01 3.50000000000E+01 4.63500262171E+02 9.90715259799E+00 4.67079889090E+02 7.95103038840E+00 4.62880676529E+02 1.25256430974E+01 4.53732375238E+02 7.24142683612E+00 4.77718183945E+02 1.04944077983E+01 4.61949097584E+02 1.42109432578E+01 4.54937445322E+02 9.02312148788E+00 
3.50000000000E+01 3.55000000000E+01 3.60000000000E+01 4.46289539301E+02 9.31934997234E+00 4.41815275796E+02 7.19328526563E+00 4.56665825712E+02 1.25778426135E+01 4.34216109828E+02 7.02001590822E+00 4.51934522774E+02 9.51746772367E+00 4.56713721219E+02 1.27745190450E+01 4.42879928523E+02 9.12237854319E+00 
3.60000000000E+01 3.65000000000E+01 3.70000000000E+01 4.16926600443E+02 9.12359763860E+00 4.07000902134E+02 7.32998589982E+00 4.23085190789E+02 1.21494271462E+01 4.09667293049E+02 6.78941458562E+00 4.07752777458E+02 9.92863508442E+00 4.26006755044E+02 1.24352530060E+01 4.10759986251E+02 8.63685078437E+00 
3.70000000000E+01 3.75000000000E+01 3.80000000000E+01 4.11815411170E+02 9.09605373436E+00 4.05615565431E+02 7.25160974427E+00 4.23078864007E+02 1.16458641352E+01 3.98471831561E+02 6.95594622924E+00 4.18369802539E+02 9.67458150035E+00 4.21142720719E+02 1.26646504882E+01 4.09174801725E+02 8.51878303619E+00 
3.80000000000E+01 3.85000000000E+01 3.90000000000E+01 3.84946443867E+02 8.44304402803E+00 3.81491281844E+02 6.76848221511E+00 3.94505984600E+02 1.11401837311E+01 3.72506807338E+02 6.33886382838E+00 3.91695902211E+02 8.97867959058E+00 3.94617278169E+02 1.17192430104E+01 3.80622047076E+02 8.22474347730E+00 
3.90000000000E+01 3.95000000000E+01 4.00000000000E+01 3.55623649056E+02 8.45192743114E+00 3.50681297162E+02 6.55002188784E+00 3.65260664050E+02 1.06839988019E+01 3.49353719539E+02 6.35566537672E+00 3.54058265625E+02 8.63400212944E+00 3.56014201551E+02 1.16925731062E+01 3.58177451554E+02 7.80148033621E+00 
4.00000000000E+01 4.05000000000E+01 4.10000000000E+01 3.27892884423E+02 7.75470898444E+00 3.24257658290E+02 6.29923532228E+00 3.20221264423E+02 1.07397816277E+01 3.24293315264E+02 5.69005908005E+00 3.22884602421E+02 8.52818610091E+00 3.26257155132E+02 1.05917523467E+01 3.25794823970E+02 7.63363899895E+00 
4.10000000000E+01 4.15000000000E+01 4.20000000000E+01 3.10723489419E+02 7.94037839868E+00 3.23127064771E+02 6.25657323258E+00 3.16443648196E+02 1.16623525314E+01 3.08522745771E+02 6.07544844493E+00 3.23432605855E+02 8.95365691905E+00 3.11787934852E+02 1.13305511137E+01 3.10366405741E+02 8.24123559774E+00 
4.20000000000E+01 4.25000000000E+01 4.30000000000E+01 3.19206628187E+02 7.38519010126E+00 3.10053631907E+02 5.61713186972E+00 3.31486127284E+02 1.03477327687E+01 3.10186112233E+02 5.61673062112E+00 3.17383357534E+02 7.41952215775E+00 3.28470311465E+02 1.04043463514E+01 3.19368104195E+02 7.46539844815E+00 
4.30000000000E+01 4.35000000000E+01 4.40000000000E+01 3.00598787167E+02 6.55630987093E+00 2.96473975213E+02 5.16455356740E+00 3.08885184190E+02 8.62807246351E+00 2.91837602457E+02 4.93019943088E+00 3.03604368516E+02 6.79476085412E+00 3.07180256595E+02 9.13648412084E+00 3.01953589044E+02 6.30268784075E+00 
4.40000000000E+01 4.45000000000E+01 4.50000000000E+01 2.99387438153E+02 6.40597854757E+00 2.87256574072E+02 5.63421941218E+00 3.01906194444E+02 8.98974532659E+00 2.88757123760E+02 5.07369423801E+00 2.98588248214E+02 7.61702711925E+00 3.09995712147E+02 8.71332060939E+00 2.89036322823E+02 6.79050985866E+00 
4.50000000000E+01 4.55000000000E+01 4.60000000000E+01 2.61018680502E+02 6.82889750696E+00 2.61304363659E+02 5.13938285825E+00 2.62572953374E+02 8.77356228851E+00 2.59720384303E+02 5.25023221687E+00 2.66358425460E+02 6.70386971098E+00 2.62578672143E+02 9.45988692459E+00 2.61497420736E+02 6.12787937800E+00 
4.60000000000E+01 4.65000000000E+01 4.70000000000E+01 2.50924559701E+02 6.00814536113E+00 2.50552468975E+02 4.98861951031E+00 2.52053689890E+02 8.11392011640E+00 2.46315593719E+02 4.50242674973E+00 2.52623735552E+02 6.59391925713E+00 2.50165231606E+02 8.13890926592E+00 2.47989815739E+02 5.89833870648E+00 
4.70000000000E+01 4.75000000000E+01 4.80000000000E+01 2.52350121801E+02 5.82389238058E+00 2.48607071888E+02 4.82838181201E+00 2.55805553845E+02 7.93441402208E+00 2.46551333967E+02 4.41384884350E+00 2.53685166735E+02 6.38263264315E+00 2.58057106797E+02 8.01711675202E+00 2.48264215428E+02 5.95484981741E+00 
4.80000000000E+01 4.85000000000E+01 4.90000000000E+01 2.29655751519E+02 6.27615561855E+00 2.29051161116E+02 4.83535841580E+00 2.27405720326E+02 8.31292728376E+00 2.26618307627E+02 4.77975685504E+00 2.33128609377E+02 6.42227141202E+00 2.32004600910E+02 8.68336744251E+00 2.24095838991E+02 6.03029316164E+00 
4.90000000000E+01 4.95000000000E+01 5.00000000000E+01 2.21659760358E+02 5.79548038160E+00 2.21278416097E+02 4.73422241880E+00 2.22979131523E+02 7.84549640047E+00 2.15673163457E+02 4.39917105278E+00 2.24887204408E+02 6.27210840554E+00 2.23995205493E+02 7.99421951439E+00 2.18948406962E+02 5.64857511279E+00 
5.00000000000E+01 5.05000000000E+01 5.10000000000E+01 2.09968879204E+02 5.50691914988E+00 2.10195713380E+02 4.33555023138E+00 2.14428244070E+02 7.75817834398E+00 2.06528943933E+02 4.22267447903E+00 2.12229927379E+02 5.54016411594E+00 2.12196481439E+02 7.44989206347E+00 2.08922953174E+02 5.36593734996E+00 
5.10000000000E+01 5.15000000000E+01 5.20000000000E+01 2.08189757919E+02 5.21299171288E+00 2.02449046303E+02 4.35889792273E+00 2.08609257880E+02 7.37370841373E+00 2.02247173319E+02 3.89811344983E+00 2.06617063077E+02 5.72197794950E+00 2.11438523259E+02 7.15584104185E+00 2.07072641956E+02 5.24476915114E+00 
5.20000000000E+01 5.25000000000E+01 5.30000000000E+01 1.95966647428E+02 5.33180343119E+00 1.92639648273E+02 4.15114966055E+00 2.00172273449E+02 7.21175224072E+00 1.91509859049E+02 4.09052060678E+00 1.98742650506E+02 5.54741715109E+00 1.98524405729E+02 7.39853783085E+00 1.95241534176E+02 5.26830119826E+00 
5.30000000000E+01 5.35000000000E+01 5.40000000000E+01 1.88298852801E+02 5.25442951185E+00 1.89682784984E+02 4.07616799108E+00 1.93767528579E+02 7.11195096669E+00 1.86122864244E+02 3.92772513219E+00 1.94198797981E+02 5.43294260707E+00 1.93726226522E+02 7.17702810291E+00 1.87142022489E+02 5.11663296475E+00 
5.40000000000E+01 5.45000000000E+01 5.50000000000E+01 1.80146554495E+02 5.03929778491E+00 1.77324680370E+02 3.96833172640E+00 1.78660610409E+02 6.69829187543E+00 1.76285489194E+02 3.78929941967E+00 1.80808408311E+02 5.10783645038E+00 1.80240257455E+02 6.88004735332E+00 1.78254670754E+02 4.81746832775E+00 
5.50000000000E+01 5.55000000000E+01 5.60000000000E+01 1.69224498740E+02 5.01642177584E+00 1.69284986310E+02 3.74354456670E+00 1.74184474168E+02 6.30794465286E+00 1.66136694695E+02 3.73449191045E+00 1.71167253725E+02 4.91739021466E+00 1.72425890740E+02 6.63526467149E+00 1.72089207931E+02 4.52772524089E+00 
5.60000000000E+01 5.65000000000E+01 5.70000000000E+01 1.56041387987E+02 4.90479780748E+00 1.61999442349E+02 3.89039638783E+00 1.54646330835E+02 6.56667095298E+00 1.57544528784E+02 3.75172743190E+00 1.66037450673E+02 5.16912298067E+00 1.57263942922E+02 6.68354223354E+00 1.57282093041E+02 4.77785571511E+00 
5.70000000000E+01 5.75000000000E+01 5.80000000000E+01 1.53539573350E+02 4.70764537787E+00 1.55705132468E+02 3.36544042889E+00 1.55953898675E+02 5.90701917928E+00 1.50118179353E+02 3.58244681547E+00 1.59362600360E+02 4.34777094275E+00 1.53074526182E+02 6.54500183755E+00 1.53703371581E+02 4.25007039293E+00 
5.80000000000E+01 5.85000000000E+01 5.90000000000E+01 1.62450770177E+02 4.35411599501E+00 1.63990362119E+02 3.40522309553E+00 1.69156112464E+02 5.68843607339E+00 1.58335199243E+02 3.29002902206E+00 1.71021666411E+02 4.43884336416E+00 1.68272056729E+02 6.08835169626E+00 1.64402874459E+02 4.08065159883E+00 
5.90000000000E+01 5.95000000000E+01 6.00000000000E+01 1.48079233015E+02 4.12320183843E+00 1.47998287987E+02 2.97863229358E+00 1.49155489805E+02 4.89292952825E+00 1.46579657035E+02 3.17622149607E+00 1.47840210566E+02 3.81464655952E+00 1.52873281954E+02 5.75892942474E+00 1.50028650100E+02 3.60701522348E+00 
6.00000000000E+01 6.05000000000E+01 6.10000000000E+01 1.41204152448E+02 4.20155592828E+00 1.35306028115E+02 3.21287013996E+00 1.39261505256E+02 5.82004873651E+00 1.36886065067E+02 3.12411050016E+00 1.37832413455E+02 4.26638671735E+00 1.40684568403E+02 6.02263763616E+00 1.37831743668E+02 4.28542446968E+00 
6.10000000000E+01 6.15000000000E+01 6.20000000000E+01 1.33424657546E+02 4.28892717568E+00 1.33670782015E+02 3.35279045524E+00 1.34088580380E+02 6.13402437189E+00 1.30790704763E+02 3.21766883836E+00 1.36349732782E+02 4.47687735812E+00 1.34588237295E+02 5.74622481437E+00 1.30799515286E+02 4.41009690515E+00 
6.20000000000E+01 6.25000000000E+01 6.30000000000E+01 1.33555965570E+02 3.83389183907E+00 1.31771656357E+02 2.85041836423E+00 1.36954506648E+02 5.30588770302E+00 1.30639096374E+02 2.91100801952E+00 1.35303058272E+02 3.73739563927E+00 1.36373530390E+02 5.61581038896E+00 1.32940188063E+02 3.79649960407E+00 
6.30000000000E+01 6.35000000000E+01 6.40000000000E+01 1.23787502715E+02 3.66223701234E+00 1.21728258742E+02 2.74229488533E+00 1.25249790563E+02 4.99122224660E+00 1.20330121608E+02 2.57630782473E+00 1.23295856050E+02 3.90274075324E+00 1.25121600251E+02 4.94783804844E+00 1.23648230886E+02 3.60640582133E+00 
6.40000000000E+01 6.45000000000E+01 6.50000000000E+01 1.20799210338E+02 3.80064945071E+00 1.17926113950E+02 2.90790610382E+00 1.24715976786E+02 4.93434754906E+00 1.16102931079E+02 2.86715471235E+00 1.18997912998E+02 3.79401692134E+00 1.22061074375E+02 5.31763259801E+00 1.20379989681E+02 3.57962815222E+00 
6.50000000000E+01 6.55000000000E+01 6.60000000000E+01 1.22366270570E+02 3.46968594026E+00 1.18772820272E+02 2.73570332562E+00 1.22736778709E+02 4.29805788655E+00 1.17757204373E+02 2.61759664057E+00 1.23559124370E+02 3.62502309781E+00 1.27032622433E+02 4.65807163633E+00 1.18275324291E+02 3.19686852663E+00 
6.60000000000E+01 6.65000000000E+01 6.70000000000E+01 1.19250121242E+02 3.28327236218E+00 1.16505061871E+02 2.66375347123E+00 1.23359518392E+02 4.87003103043E+00 1.14680480187E+02 2.49327827293E+00 1.19499580999E+02 3.57639790221E+00 1.22873426863E+02 4.68760589854E+00 1.19800576997E+02 3.52752654000E+00 
6.70000000000E+01 6.75000000000E+01 6.80000000000E+01 1.08321207401E+02 3.35893166826E+00 1.05591464475E+02 2.58870470539E+00 1.03825122008E+02 4.63541556429E+00 1.04881926643E+02 2.55891111318E+00 1.07709757492E+02 3.42937891406E+00 1.06910752931E+02 4.71273957576E+00 1.05510095264E+02 3.38022847950E+00 
6.80000000000E+01 6.85000000000E+01 6.90000000000E+01 1.08767739478E+02 3.23215609443E+00 1.05413321868E+02 2.62830302551E+00 1.06687017967E+02 4.40786358702E+00 1.04811534876E+02 2.48480524700E+00 1.09612780376E+02 3.35821609574E+00 1.11084594816E+02 4.43906741001E+00 1.05608839341E+02 3.27141934506E+00 
6.90000000000E+01 6.95000000000E+01 7.00000000000E+01 9.84298828227E+01 3.25670566061E+00 9.74196877491E+01 2.43925348016E+00 1.00231755430E+02 4.15498873587E+00 9.64562489952E+01 2.41874142590E+00 9.97219508394E+01 3.20277429685E+00 9.90277507011E+01 4.49829818570E+00 9.92792766811E+01 2.99867441070E+00 
7.00000000000E+01 7.05000000000E+01 7.10000000000E+01 9.93221973870E+01 3.12458681509E+00 9.69731298813E+01 2.51148899900E+00 9.92130843599E+01 4.14674137274E+00 9.67965119762E+01 2.39339624749E+00 1.00916214308E+02 3.35178530647E+00 1.01362139636E+02 4.21443788663E+00 9.66528716172E+01 3.00375521955E+00 
7.10000000000E+01 7.15000000000E+01 7.20000000000E+01 9.27791239560E+01 2.81463209572E+00 8.85771524094E+01 2.22003646177E+00 8.83962309019E+01 4.08024727226E+00 8.95797586418E+01 2.13783224800E+00 9.08152713852E+01 2.92376279289E+00 9.35184250836E+01 3.90999636914E+00 8.86194660482E+01 2.92717381823E+00 
7.20000000000E+01 7.25000000000E+01 7.30000000000E+01 9.29830101614E+01 2.65250772193E+00 9.16226324932E+01 2.00654787946E+00 9.53092606740E+01 3.87554201346E+00 8.93999912698E+01 1.96812677235E+00 9.32022164833E+01 2.54160149205E+00 9.58132352630E+01 3.57905812316E+00 9.16227278434E+01 2.79797533690E+00 
7.30000000000E+01 7.35000000000E+01 7.40000000000E+01 8.59730882423E+01 2.73087773005E+00 8.48515251919E+01 2.18719159624E+00 8.82361870581E+01 4.10092900083E+00 8.53238886188E+01 2.18079189761E+00 8.73455624116E+01 2.85111045443E+00 8.75345970097E+01 3.98880772777E+00 8.75056491467E+01 2.96748101748E+00 
7.40000000000E+01 7.45000000000E+01 7.50000000000E+01 8.24496651545E+01 2.85945841069E+00 8.26137321576E+01 2.02862751612E+00 8.52437125324E+01 3.87494956081E+00 8.13584631649E+01 2.13608886463E+00 8.43452464296E+01 2.65116600899E+00 8.43328131912E+01 4.04537625335E+00 8.35153663954E+01 2.80130114294E+00 
7.50000000000E+01 7.55000000000E+01 7.60000000000E+01 7.46300401236E+01 2.51080967177E+00 7.43806180815E+01 2.03691863724E+00 7.54515444345E+01 3.39163856046E+00 7.45690964243E+01 1.96275194015E+00 7.48935312988E+01 2.65444285952E+00 7.23420310447E+01 3.53812966265E+00 7.58500613325E+01 2.45164360655E+00 
7.60000000000E+01 7.65000000000E+01 7.70000000000E+01 8.01799115808E+01 2.56056947130E+00 7.77915642529E+01 1.88883032590E+00 8.14596155438E+01 3.62903068086E+00 7.78590311244E+01 1.96076203277E+00 7.99889747191E+01 2.47534052384E+00 8.44282460863E+01 3.55872665869E+00 7.80509950452E+01 2.54634251265E+00 
7.70000000000E+01 7.75000000000E+01 7.80000000000E+01 7.46223069737E+01 2.52607404536E+00 7.32367610480E+01 1.94975733357E+00 7.99312564866E+01 3.15684555508E+00 7.28542817574E+01 1.92721186550E+00 7.48533058979E+01 2.53630466672E+00 7.61312726633E+01 3.45955545932E+00 7.67600026436E+01 2.37110264326E+00 
7.80000000000E+01 7.85000000000E+01 7.90000000000E+01 7.38190453899E+01 2.56599549937E+00 7.24720820524E+01 1.92721517571E+00 7.20228501781E+01 3.62077952075E+00 7.22800747073E+01 1.86230914566E+00 7.44898034471E+01 2.52597583170E+00 7.29591758207E+01 3.45591329847E+00 7.33056496936E+01 2.64790737514E+00 
7.90000000000E+01 7.95000000000E+01 8.00000000000E+01 6.87103383965E+01 2.47106012114E+00 6.83642134626E+01 1.92509272155E+00 7.10037785358E+01 3.41768320124E+00 6.77169020123E+01 1.85657623705E+00 6.82975575659E+01 2.56777230879E+00 6.89884997681E+01 3.33820969731E+00 6.95800433542E+01 2.52271720435E+00 
8.00000000000E+01 8.05000000000E+01 8.10000000000E+01 6.58786789293E+01 2.47527148845E+00 6.54460921800E+01 1.89844466235E+00 6.39052958431E+01 3.45140182206E+00 6.50027989900E+01 1.87808057784E+00 6.74782008011E+01 2.48002203021E+00 6.76143805925E+01 3.51893863413E+00 6.28827366992E+01 2.44671672704E+00 
8.10000000000E+01 8.15000000000E+01 8.20000000000E+01 6.56352527066E+01 2.22688546469E+00 6.31334911252E+01 1.68295861505E+00 6.74452074550E+01 2.96493798078E+00 6.36553680198E+01 1.63650217179E+00 6.56195030554E+01 2.13087927956E+00 6.74444622324E+01 2.97705007898E+00 6.53731717854E+01 2.11323217379E+00 
8.20000000000E+01 8.25000000000E+01 8.30000000000E+01 5.82782157436E+01 2.03539589880E+00 5.81606897287E+01 1.63618130335E+00 5.79444139408E+01 2.70265281854E+00 5.84342236148E+01 1.48454363852E+00 5.74756212414E+01 2.22248429465E+00 5.75822722600E+01 2.77296631706E+00 5.93858996587E+01 1.91921770788E+00 
8.30000000000E+01 8.35000000000E+01 8.40000000000E+01 6.15194619117E+01 1.97116815235E+00 6.05354694165E+01 1.52552336162E+00 6.04464027884E+01 2.88955583146E+00 5.92410476718E+01 1.44748166305E+00 6.16652301765E+01 1.98966705059E+00 6.38206918033E+01 2.64706266036E+00 5.91606286086E+01 2.07636005334E+00 
8.40000000000E+01 8.45000000000E+01 8.50000000000E+01 5.66131471302E+01 2.11854308529E+00 5.64110341751E+01 1.64922059905E+00 5.68993699657E+01 2.89069517057E+00 5.62732003654E+01 1.55666495118E+00 5.76171160520E+01 2.18611370308E+00 5.74204725017E+01 2.95842141363E+00 5.53845274527E+01 2.06519559113E+00 
8.50000000000E+01 8.55000000000E+01 8.60000000000E+01 5.68780414589E+01 1.82886175622E+00 5.57839937896E+01 1.48464216359E+00 5.73069044136E+01 2.64630421443E+00 5.54076336442E+01 1.38645020013E+00 5.70528933025E+01 1.96468701604E+00 5.68139923026E+01 2.50005771801E+00 5.68222873062E+01 1.90720116888E+00 
8.60000000000E+01 8.65000000000E+01 8.70000000000E+01 5.18389547590E+01 1.78645296132E+00 5.11027248113E+01 1.41660461029E+00 5.29534538659E+01 2.48714838828E+00 5.11293010017E+01 1.39635238361E+00 5.14222937047E+01 1.80529295003E+00 5.17752356046E+01 2.48915541483E+00 5.18414109471E+01 1.83867261846E+00 
8.70000000000E+01 8.75000000000E+01 8.80000000000E+01 5.47641268364E+01 2.03856751256E+00 5.44861665291E+01 1.50984611555E+00 5.62703292101E+01 2.83393034077E+00 5.32401906867E+01 1.53663303454E+00 5.63450523768E+01 1.97690231551E+00 5.61177071311E+01 2.79850166968E+00 5.51944152449E+01 2.07147057417E+00 
8.80000000000E+01 8.85000000000E+01 8.90000000000E+01 5.04057094978E+01 2.03973169593E+00 4.81509911761E+01 1.53711825575E+00 4.71824950789E+01 2.83558118901E+00 4.83330000099E+01 1.53391429827E+00 4.86537298052E+01 2.11821588859E+00 5.08337944063E+01 2.81825430390E+00 4.95180499617E+01 2.10660874684E+00 
8.90000000000E+01 8.95000000000E+01 9.00000000000E+01 4.72081617113E+01 2.08603466597E+00 4.65641867898E+01 1.60534632556E+00 4.48556697844E+01 2.54464438398E+00 4.66325338350E+01 1.59768641825E+00 4.71602964779E+01 2.09765679806E+00 4.66619535075E+01 2.89872816946E+00 4.61734526498E+01 1.86027734343E+00 
9.00000000000E+01 9.05000000000E+01 9.10000000000E+01 4.82666006893E+01 1.68410101125E+00 4.80496557061E+01 1.27149351785E+00 5.06358347914E+01 2.22927279378E+00 4.72617461111E+01 1.28734858734E+00 4.94278497024E+01 1.71512255352E+00 4.99162872441E+01 2.38318362928E+00 4.89490563710E+01 1.67851925249E+00 
9.10000000000E+01 9.15000000000E+01 9.20000000000E+01 4.56944409531E+01 1.81191431206E+00 4.38450020064E+01 1.39360999448E+00 4.57350016420E+01 2.40189648521E+00 4.46048792454E+01 1.37190664674E+00 4.56443616915E+01 1.84207955098E+00 4.62883495465E+01 2.42002177371E+00 4.56054748550E+01 1.77533118450E+00 
9.20000000000E+01 9.25000000000E+01 9.30000000000E+01 4.32643864917E+01 1.86473799541E+00 4.27559441674E+01 1.43675536185E+00 4.23850728339E+01 2.66445724712E+00 4.23718202263E+01 1.44454165938E+00 4.26784048175E+01 1.85668127378E+00 4.21564506527E+01 2.63258257134E+00 4.26334808498E+01 1.90911312541E+00 
9.30000000000E+01 9.35000000000E+01 9.40000000000E+01 4.25294427964E+01 1.97551996695E+00 4.19054148822E+01 1.55421452077E+00 4.30167706096E+01 2.71032776266E+00 4.20998013246E+01 1.50368270659E+00 4.22490809608E+01 2.02167516831E+00 4.28019440015E+01 2.68310284253E+00 4.31507071115E+01 1.98389083877E+00 
9.40000000000E+01 9.45000000000E+01 9.50000000000E+01 4.18889934454E+01 1.62178789461E+00 4.07612156674E+01 1.15442597835E+00 4.05416182633E+01 1.93961075041E+00 4.10648879937E+01 1.21684007570E+00 4.22278027580E+01 1.57641727195E+00 4.11994721368E+01 2.24214489546E+00 4.07613273204E+01 1.43089769522E+00 
9.50000000000E+01 9.55000000000E+01 9.60000000000E+01 3.93985877858E+01 1.53532696792E+00 4.04374924526E+01 1.13257902742E+00 3.66913962112E+01 2.30286482449E+00 3.85658893155E+01 1.16934618718E+00 4.18159558898E+01 1.56710267367E+00 4.04355827122E+01 2.14845412367E+00 3.75975276148E+01 1.69448080538E+00 
9.60000000000E+01 9.65000000000E+01 9.70000000000E+01 3.78669625336E+01 1.30400102631E+00 3.79558133645E+01 1.09975405330E+00 3.95362641222E+01 2.18635456976E+00 3.69212634000E+01 1.00759073146E+00 3.91689817042E+01 1.42325394151E+00 3.73926004665E+01 1.82098297615E+00 3.92660174537E+01 1.58417712009E+00 
9.70000000000E+01 9.75000000000E+01 9.80000000000E+01 3.58663070537E+01 1.55198909132E+00 3.63855375466E+01 1.21280631882E+00 3.58246532870E+01 2.24640468568E+00 3.57006584978E+01 1.19320363015E+00 3.71631935220E+01 1.81777286529E+00 3.39322100808E+01 2.06254780523E+00 3.69267453674E+01 1.57947702987E+00 
9.80000000000E+01 9.85000000000E+01 9.90000000000E+01 3.78394722774E+01 1.39059483673E+00 3.65963216790E+01 1.09365116988E+00 3.73783236330E+01 1.96044463014E+00 3.62904782114E+01 1.03937921169E+00 3.82857476730E+01 1.45637709490E+00 3.82031876831E+01 1.89909889184E+00 3.63856133416E+01 1.35815397004E+00 
9.90000000000E+01 9.95000000000E+01 1.00000000000E+02 3.28758769965E+01 1.37505263430E+00 3.32720216965E+01 1.12142420575E+00 3.17262993846E+01 1.85633781658E+00 3.29998444811E+01 1.10736136746E+00 3.33838031382E+01 1.44007457955E+00 3.18133694101E+01 1.88453636231E+00 3.33245801636E+01 1.40017145025E+00 
#nx: 3
