#labels: ptz__2p0__2p25_lower[1] ptz__2p0__2p25_center[2] ptz__2p0__2p25_upper[3] tot_scale01[4] tot_scale01_Err[5] tot_scale02[6] tot_scale02_Err[7] tot_scale03[8] tot_scale03_Err[9] tot_scale04[10] tot_scale04_Err[11] tot_scale05[12] tot_scale05_Err[13] tot_scale06[14] tot_scale06_Err[15] tot_scale07[16] tot_scale07_Err[17]
#neval: 862055662261
#overflow:lower center upper 1.11015536150E+03 6.03996941049E+00 1.08123607243E+03 4.39842037951E+00 1.11278277612E+03 8.42361278940E+00 1.08293558370E+03 4.49865903102E+00 1.10942595856E+03 5.90841114074E+00 1.12295421183E+03 8.42571989018E+00 1.10713251304E+03 6.05897040905E+00 
0.00000000000E+00 5.00000000000E-01 1.00000000000E+00 0.00000000000E+00 0.00000000000E+00 0.00000000000E+00 0.00000000000E+00 0.00000000000E+00 0.00000000000E+00 0.00000000000E+00 0.00000000000E+00 0.00000000000E+00 0.00000000000E+00 0.00000000000E+00 0.00000000000E+00 0.00000000000E+00 0.00000000000E+00 
1.00000000000E+00 1.50000000000E+00 2.00000000000E+00 -6.93558890687E+03 3.03947440287E+02 -4.28171671082E+03 2.36394305843E+02 -7.93371094554E+03 3.72505316288E+02 -2.80558918543E+03 2.23803814957E+02 -8.44160313231E+03 3.06576475638E+02 -1.06352730253E+04 3.96620031757E+02 -4.36113919111E+03 2.65723555103E+02 
2.00000000000E+00 2.50000000000E+00 3.00000000000E+00 4.58280809420E+03 1.17867319057E+02 5.50038421987E+03 9.28780239311E+01 4.64749317843E+03 2.34569416335E+02 5.74928114017E+03 8.71847727162E+01 4.16329032931E+03 1.25320436278E+02 4.05326742941E+03 2.33572066254E+02 4.96615364095E+03 1.11408692182E+02 
3.00000000000E+00 3.50000000000E+00 4.00000000000E+00 3.80685343015E+03 8.55493203056E+01 4.74251600328E+03 7.25100667532E+01 3.40154208237E+03 9.58012287270E+01 4.75533399701E+03 6.36723125532E+01 3.66293288820E+03 9.82847487228E+01 2.36727182136E+03 1.26933821483E+02 4.36260294890E+03 6.87255654453E+01 
4.00000000000E+00 4.50000000000E+00 5.00000000000E+00 5.19794495832E+03 9.11880561662E+01 5.41783394136E+03 7.01901300266E+01 4.90446724672E+03 1.15969353848E+02 5.46292216608E+03 6.76868731377E+01 4.95811514237E+03 9.23218252844E+01 4.84958360954E+03 1.26964948709E+02 5.28363501707E+03 7.85835482953E+01 
5.00000000000E+00 5.50000000000E+00 6.00000000000E+00 4.09717518969E+03 6.47880562962E+01 4.31925740536E+03 5.37352099614E+01 3.73613431626E+03 8.30498589680E+01 4.34143108147E+03 4.81681978970E+01 4.00733423541E+03 7.24253770778E+01 3.77368938355E+03 9.10390386658E+01 4.02495938748E+03 6.02282602799E+01 
6.00000000000E+00 6.50000000000E+00 7.00000000000E+00 3.87911305390E+03 7.51330205727E+01 4.06633149801E+03 5.93572667049E+01 3.67298490658E+03 9.45902045043E+01 4.00368799818E+03 5.52090863766E+01 3.92642315902E+03 7.97837250852E+01 3.66464657109E+03 1.04302295377E+02 3.81123744640E+03 6.79320925911E+01 
7.00000000000E+00 7.50000000000E+00 8.00000000000E+00 3.08161457688E+03 4.03854844297E+01 3.26352890315E+03 3.36798482165E+01 2.80435162839E+03 5.10696167809E+01 3.23521292148E+03 3.01364957063E+01 3.06473465632E+03 4.51550800280E+01 2.82701357462E+03 5.61751680034E+01 3.02410044605E+03 3.67568041514E+01 
8.00000000000E+00 8.50000000000E+00 9.00000000000E+00 3.22677744594E+03 4.71619850415E+01 3.21824836931E+03 3.41940189591E+01 3.10126308930E+03 5.32783968737E+01 3.19952360973E+03 3.51029336673E+01 3.19680787533E+03 4.59188082786E+01 3.22924336793E+03 6.56074679318E+01 3.07532525542E+03 3.82273252345E+01 
9.00000000000E+00 9.50000000000E+00 1.00000000000E+01 2.51066578294E+03 3.54666044190E+01 2.63058352413E+03 2.87430210570E+01 2.40789722145E+03 4.96602001442E+01 2.57622277364E+03 2.64082391429E+01 2.54500224308E+03 3.85910425227E+01 2.39766934953E+03 4.96564795256E+01 2.50653403937E+03 3.27081462309E+01 
1.00000000000E+01 1.05000000000E+01 1.10000000000E+01 2.37716976947E+03 4.44568100069E+01 2.46628937561E+03 3.54586628168E+01 2.37298530786E+03 5.23540876356E+01 2.40153031565E+03 3.30041101772E+01 2.42769023240E+03 4.77672106439E+01 2.31547247595E+03 6.20238577588E+01 2.38389218383E+03 3.75175613316E+01 
1.10000000000E+01 1.15000000000E+01 1.20000000000E+01 1.92605295079E+03 3.50201384259E+01 1.99490281569E+03 2.75598061217E+01 1.85138252043E+03 4.64685911434E+01 1.98170870552E+03 2.60267339267E+01 1.91268141776E+03 3.73428562543E+01 1.79439534895E+03 4.86947705197E+01 1.92557170654E+03 3.33089889285E+01 
1.20000000000E+01 1.25000000000E+01 1.30000000000E+01 2.35598746734E+03 4.08901594734E+01 2.31504646735E+03 3.28460049118E+01 2.42360357191E+03 5.15724027196E+01 2.24863635155E+03 3.03443287735E+01 2.41751367803E+03 4.42868721735E+01 2.48770047028E+03 5.71538389761E+01 2.28369614980E+03 3.69337950744E+01 
1.30000000000E+01 1.35000000000E+01 1.40000000000E+01 1.82576356907E+03 2.17001567065E+01 1.84070249984E+03 1.69280864672E+01 1.78855360505E+03 2.72495200295E+01 1.80481806507E+03 1.61864514604E+01 1.85096646232E+03 2.26981536942E+01 1.82688915468E+03 3.01853628406E+01 1.77760422754E+03 1.95926476043E+01 
1.40000000000E+01 1.45000000000E+01 1.50000000000E+01 1.90389925324E+03 2.10948469714E+01 1.86347754855E+03 1.68490325821E+01 1.98135568892E+03 2.74655834072E+01 1.81641734610E+03 1.58221777611E+01 1.93644674511E+03 2.26065562784E+01 1.98499236172E+03 2.95182702692E+01 1.87774692182E+03 1.96893544208E+01 
1.50000000000E+01 1.55000000000E+01 1.60000000000E+01 1.44635564922E+03 2.00010257198E+01 1.47261873878E+03 1.59181504870E+01 1.45139281649E+03 2.56926883370E+01 1.44576322559E+03 1.48597300614E+01 1.47340922528E+03 2.13142426825E+01 1.42563643874E+03 2.78539753783E+01 1.44483754584E+03 1.84772942108E+01 
1.60000000000E+01 1.65000000000E+01 1.70000000000E+01 1.51884604581E+03 1.60868108321E+01 1.47413640001E+03 1.22725224002E+01 1.55067032369E+03 2.00533321487E+01 1.46957049271E+03 1.20303061400E+01 1.51380614394E+03 1.63826480993E+01 1.57286904927E+03 2.23479383749E+01 1.48393575988E+03 1.44812313110E+01 
1.70000000000E+01 1.75000000000E+01 1.80000000000E+01 1.21162266385E+03 2.02909244355E+01 1.23865462333E+03 1.60318003886E+01 1.10710054276E+03 2.37493599945E+01 1.20998465595E+03 1.51307139169E+01 1.22916752799E+03 2.15002180451E+01 1.19076186769E+03 2.82024857917E+01 1.13467131002E+03 1.71015910662E+01 
1.80000000000E+01 1.85000000000E+01 1.90000000000E+01 1.14450648018E+03 1.46132942992E+01 1.14037192234E+03 1.21836956860E+01 1.13571691018E+03 1.77742744196E+01 1.13383614838E+03 1.09357806307E+01 1.14048135762E+03 1.62745877976E+01 1.13275350818E+03 2.02386214831E+01 1.13170054582E+03 1.28371871511E+01 
1.90000000000E+01 1.95000000000E+01 2.00000000000E+01 1.16133098148E+03 1.44595462241E+01 1.14980397981E+03 1.15039177274E+01 1.24136144301E+03 2.29990667428E+01 1.13094975573E+03 1.08207671802E+01 1.17974192935E+03 1.53520898137E+01 1.18925670762E+03 2.00798387547E+01 1.18561085855E+03 1.65714158077E+01 
2.00000000000E+01 2.05000000000E+01 2.10000000000E+01 9.73683204424E+02 1.18905606408E+01 9.84450684409E+02 9.40933548602E+00 9.83999641154E+02 1.68393451000E+01 9.66460484615E+02 8.92253981702E+00 9.88834848985E+02 1.25650411329E+01 9.70221471667E+02 1.64897515880E+01 9.76892113431E+02 1.21030986695E+01 
2.10000000000E+01 2.15000000000E+01 2.20000000000E+01 9.93646841612E+02 1.17107904514E+01 9.69100702254E+02 9.19519476147E+00 1.00780011444E+03 1.55631659381E+01 9.63299728194E+02 8.71306982029E+00 9.92487254192E+02 1.23483238038E+01 1.02248944099E+03 1.62727356715E+01 9.70758531604E+02 1.12222059492E+01 
2.20000000000E+01 2.25000000000E+01 2.30000000000E+01 8.27291790071E+02 1.29968374922E+01 8.49700505061E+02 9.79304687380E+00 8.27355464276E+02 1.66170497947E+01 8.24045841894E+02 9.71401369143E+00 8.51071103623E+02 1.30915878991E+01 8.13848902504E+02 1.80510918805E+01 8.27476705121E+02 1.19715550948E+01 
2.30000000000E+01 2.35000000000E+01 2.40000000000E+01 8.54434897391E+02 1.55926643805E+01 8.39738057044E+02 1.22325124935E+01 8.60760544070E+02 2.00142157953E+01 8.31176265799E+02 1.16321090313E+01 8.57177822299E+02 1.64873717929E+01 8.72259612096E+02 2.16697121106E+01 8.39818382912E+02 1.44095540440E+01 
2.40000000000E+01 2.45000000000E+01 2.50000000000E+01 7.45154017796E+02 1.34609633386E+01 7.53139044753E+02 1.03287720507E+01 7.32579835720E+02 1.81030162802E+01 7.33835732118E+02 9.99443264821E+00 7.59730536146E+02 1.39516081132E+01 7.41456231485E+02 1.88968079175E+01 7.31472128957E+02 1.29013790554E+01 
2.50000000000E+01 2.55000000000E+01 2.60000000000E+01 7.33417125378E+02 1.07865589088E+01 7.46316215910E+02 8.36105654239E+00 7.45098278100E+02 1.50495918504E+01 7.15084199548E+02 7.95400852625E+00 7.67204002754E+02 1.13165831436E+01 7.46135991040E+02 1.51796754081E+01 7.25182724026E+02 1.06931378236E+01 
2.60000000000E+01 2.65000000000E+01 2.70000000000E+01 5.43281923504E+02 9.86236851267E+00 5.62555092667E+02 7.83988224287E+00 4.93099352803E+02 1.28432343355E+01 5.61593309950E+02 7.36977790834E+00 5.42315070620E+02 1.04599773431E+01 4.99256009742E+02 1.36998920285E+01 5.28803883130E+02 9.24556340661E+00 
2.70000000000E+01 2.75000000000E+01 2.80000000000E+01 6.22369011996E+02 7.97681712555E+00 6.26246903650E+02 6.00660140206E+00 5.99918937421E+02 1.05849278575E+01 6.14059834029E+02 5.98054259210E+00 6.32117947168E+02 8.00627089650E+00 6.19137264151E+02 1.10550586784E+01 5.94060949303E+02 7.78369001376E+00 
2.80000000000E+01 2.85000000000E+01 2.90000000000E+01 6.51234324324E+02 8.84178422504E+00 6.25618437126E+02 6.79639801896E+00 6.67768439033E+02 1.15840665585E+01 6.23242820643E+02 6.61870254611E+00 6.48723190701E+02 9.15627637760E+00 6.82732273138E+02 1.22705975298E+01 6.38438345233E+02 8.37433450432E+00 
2.90000000000E+01 2.95000000000E+01 3.00000000000E+01 6.04974034561E+02 9.20808665098E+00 5.95100042328E+02 7.12531291697E+00 6.27248977904E+02 1.21870572875E+01 5.79919352957E+02 6.84116204636E+00 6.15385570845E+02 9.56846515227E+00 6.28637729789E+02 1.28433979417E+01 6.00243831280E+02 8.74207787265E+00 
3.00000000000E+01 3.05000000000E+01 3.10000000000E+01 5.35847086408E+02 8.05664841385E+00 5.34650340233E+02 6.17033807900E+00 5.41148612239E+02 1.09108848636E+01 5.27140956542E+02 6.02631035381E+00 5.45831967755E+02 8.28118993383E+00 5.47708680872E+02 1.11710526896E+01 5.25342468553E+02 7.85996164559E+00 
3.10000000000E+01 3.15000000000E+01 3.20000000000E+01 5.38991264452E+02 7.11407815308E+00 5.26992902524E+02 5.56111020049E+00 5.61126128371E+02 9.24590152802E+00 5.18815099401E+02 5.32955776671E+00 5.47910309465E+02 7.44480976815E+00 5.61202598509E+02 9.85391759423E+00 5.35795390775E+02 6.66626776803E+00 
3.20000000000E+01 3.25000000000E+01 3.30000000000E+01 4.63247042587E+02 7.06958857114E+00 4.74792774368E+02 5.82848313398E+00 4.78745552759E+02 9.71368343966E+00 4.48219124115E+02 5.31264309971E+00 4.88006797918E+02 7.79830127148E+00 4.74129904134E+02 9.66453537467E+00 4.65293456484E+02 7.00748255643E+00 
3.30000000000E+01 3.35000000000E+01 3.40000000000E+01 4.97413704751E+02 8.23768367740E+00 4.72934499220E+02 5.74287344130E+00 5.13136812750E+02 1.07620032350E+01 4.75712904451E+02 6.17347226498E+00 4.85359152576E+02 7.60395269032E+00 5.15944429839E+02 1.13694581503E+01 4.89790929401E+02 7.76227940335E+00 
3.40000000000E+01 3.45000000000E+01 3.50000000000E+01 4.11990951742E+02 1.45940909314E+01 4.24876122107E+02 1.13767889226E+01 4.11247081686E+02 1.89471918302E+01 4.04488093320E+02 1.08048320355E+01 4.33216917030E+02 1.53577303042E+01 4.12585260497E+02 2.04560559755E+01 4.05752185120E+02 1.35265579768E+01 
3.50000000000E+01 3.55000000000E+01 3.60000000000E+01 4.05741738308E+02 6.19634014172E+00 4.02617170780E+02 5.02773133768E+00 4.03411807201E+02 8.06393544117E+00 3.97612610117E+02 4.63878581653E+00 4.07892708852E+02 6.71361829361E+00 4.12455578981E+02 8.59444027652E+00 3.97609365525E+02 5.81650946068E+00 
3.60000000000E+01 3.65000000000E+01 3.70000000000E+01 3.59612356532E+02 5.44204787096E+00 3.58778829288E+02 4.16676125014E+00 3.63496776089E+02 7.24839158710E+00 3.57144550956E+02 4.16127759102E+00 3.60624831350E+02 5.56195905337E+00 3.53814541929E+02 7.55324662103E+00 3.63003509732E+02 5.24059430472E+00 
3.70000000000E+01 3.75000000000E+01 3.80000000000E+01 3.91900728927E+02 5.67534492443E+00 3.78569514603E+02 4.36837973230E+00 4.18840314974E+02 7.68794711193E+00 3.72323658171E+02 4.25218495929E+00 3.97211643572E+02 5.82248986331E+00 4.12850890334E+02 7.83155350168E+00 3.94159310894E+02 5.56001012466E+00 
3.80000000000E+01 3.85000000000E+01 3.90000000000E+01 3.13531299788E+02 7.08024599254E+00 3.22480653896E+02 5.47284747516E+00 3.00830935312E+02 8.78406682269E+00 3.15605865375E+02 5.28036358566E+00 3.23211727404E+02 7.30759934500E+00 3.00898305027E+02 9.82104553309E+00 3.02040507892E+02 6.89174811273E+00 
3.90000000000E+01 3.95000000000E+01 4.00000000000E+01 3.81822051262E+02 7.51165542329E+00 3.76553918312E+02 6.74742230739E+00 3.95292233773E+02 9.81564386749E+00 3.59944855753E+02 5.61955002697E+00 4.00888817919E+02 9.04192743689E+00 4.08198887319E+02 1.04371163109E+01 3.70849233416E+02 7.07406747407E+00 
4.00000000000E+01 4.05000000000E+01 4.10000000000E+01 2.97316014247E+02 5.43048981175E+00 3.01537235345E+02 3.79879557851E+00 3.00829652392E+02 6.99424823643E+00 2.97573311236E+02 3.60997015341E+00 2.97121903581E+02 5.57322702663E+00 2.95295173871E+02 7.46301735885E+00 3.03350854243E+02 4.92903751741E+00 
4.10000000000E+01 4.15000000000E+01 4.20000000000E+01 3.42564458778E+02 6.75527246787E+00 3.31422584246E+02 5.38806565471E+00 3.45647061770E+02 8.53747681706E+00 3.24255302408E+02 5.05052500901E+00 3.43143945843E+02 7.18449376722E+00 3.61733620538E+02 9.37823760302E+00 3.31432679808E+02 6.16695298656E+00 
4.20000000000E+01 4.25000000000E+01 4.30000000000E+01 2.19606149418E+02 7.48415688123E+00 2.30085008160E+02 5.85488329836E+00 2.07289713572E+02 9.70079570287E+00 2.29601576510E+02 5.59511493010E+00 2.21271026572E+02 7.83529970481E+00 2.00634468674E+02 1.03936402937E+01 2.21362070062E+02 7.00884541099E+00 
4.30000000000E+01 4.35000000000E+01 4.40000000000E+01 1.97510405042E+02 6.79402205651E+00 2.10326366168E+02 5.27729883210E+00 1.84212537906E+02 9.13673928719E+00 2.09026952239E+02 5.08752052041E+00 1.92937647352E+02 7.08663554725E+00 1.70220982369E+02 9.48350981083E+00 2.01563238281E+02 6.72882319131E+00 
4.40000000000E+01 4.45000000000E+01 4.50000000000E+01 2.76141432867E+02 5.21508759777E+00 2.65928811284E+02 4.06428579776E+00 2.83953443800E+02 6.49444402786E+00 2.64336184215E+02 3.86291706947E+00 2.75611870333E+02 5.48593697809E+00 2.89464104822E+02 7.31017146933E+00 2.72184876313E+02 4.68006306993E+00 
4.50000000000E+01 4.55000000000E+01 4.60000000000E+01 2.13010358160E+02 4.54856538945E+00 2.12272980888E+02 3.49237288659E+00 2.05332145396E+02 6.38725865511E+00 2.14860493451E+02 3.41823823329E+00 2.07701455042E+02 4.68045952650E+00 2.04963599879E+02 6.33818974220E+00 2.10896661999E+02 4.58014890454E+00 
4.60000000000E+01 4.65000000000E+01 4.70000000000E+01 2.27856543943E+02 4.96229653240E+00 2.28045887816E+02 3.80599299324E+00 2.02216036515E+02 7.87776962320E+00 2.09812125811E+02 4.30966035751E+00 2.29618003231E+02 5.10956326683E+00 2.23527913029E+02 6.90875559625E+00 2.10604020108E+02 5.64840867322E+00 
4.70000000000E+01 4.75000000000E+01 4.80000000000E+01 2.11794774339E+02 9.44500732941E+00 2.15443890692E+02 6.76113132520E+00 2.16880507142E+02 1.34676096748E+01 2.10428103984E+02 6.80598356582E+00 2.17375141593E+02 9.38763936477E+00 2.08814124701E+02 1.35776098553E+01 2.14139767872E+02 9.35051258556E+00 
4.80000000000E+01 4.85000000000E+01 4.90000000000E+01 1.38730653562E+02 1.95293131839E+01 1.51151695725E+02 1.51975752416E+01 1.26984859720E+02 2.56174722969E+01 1.52259314463E+02 1.43878392746E+01 1.35569692154E+02 2.06182606552E+01 1.13152192732E+02 2.74612058629E+01 1.48600705751E+02 1.82067392022E+01 
4.90000000000E+01 4.95000000000E+01 5.00000000000E+01 2.33638608486E+02 4.29237981260E+00 2.25237910605E+02 3.33632192280E+00 2.45528741334E+02 5.72433616024E+00 2.21224729240E+02 3.20469439232E+00 2.38664082644E+02 4.45585097320E+00 2.46910936821E+02 5.99988673651E+00 2.30739716932E+02 4.11103545926E+00 
5.00000000000E+01 5.05000000000E+01 5.10000000000E+01 2.06902499403E+02 3.50729972634E+00 2.02408938458E+02 2.68518647847E+00 2.10353737071E+02 4.70183766600E+00 1.99376232837E+02 2.58660418749E+00 2.10592978748E+02 3.60981578431E+00 2.16454993255E+02 4.83590639068E+00 2.01360158455E+02 3.39692233522E+00 
5.10000000000E+01 5.15000000000E+01 5.20000000000E+01 1.82902315295E+02 3.76117398955E+00 1.75723823871E+02 2.98153032571E+00 1.82230998823E+02 5.24468696336E+00 1.77325323678E+02 2.85948068196E+00 1.79327595347E+02 3.94389152351E+00 1.84576435421E+02 5.35523451393E+00 1.78131367565E+02 3.77198069252E+00 
5.20000000000E+01 5.25000000000E+01 5.30000000000E+01 1.95711068762E+02 3.94515832459E+00 1.97744964856E+02 2.78203286297E+00 2.00564748125E+02 5.30673111471E+00 1.87440112472E+02 2.93612225066E+00 2.09095479110E+02 3.71146774861E+00 2.04904109684E+02 5.47770766127E+00 1.93143889727E+02 3.82935706591E+00 
5.30000000000E+01 5.35000000000E+01 5.40000000000E+01 1.52164691501E+02 3.34234050685E+00 1.56542519540E+02 2.57461027998E+00 1.45575444006E+02 4.57057319844E+00 1.53519139936E+02 2.50476448384E+00 1.54511457377E+02 3.43402730662E+00 1.46110001595E+02 4.64079658159E+00 1.51613848935E+02 3.29356213567E+00 
5.40000000000E+01 5.45000000000E+01 5.50000000000E+01 1.71333776121E+02 2.74998629319E+00 1.66927208033E+02 2.12348479508E+00 1.80357496852E+02 3.90224843105E+00 1.65686424452E+02 2.08146520964E+00 1.72696886701E+02 2.80863887248E+00 1.75743013403E+02 3.76354165272E+00 1.73114620192E+02 2.72118563253E+00 
5.50000000000E+01 5.55000000000E+01 5.60000000000E+01 1.62195446320E+02 2.94197375207E+00 1.57439060903E+02 2.27852337576E+00 1.79777705070E+02 3.97775917391E+00 1.56922892264E+02 2.20819833295E+00 1.63050686882E+02 3.03210166095E+00 1.67094651158E+02 4.07271433749E+00 1.70604957520E+02 2.86655504604E+00 
5.60000000000E+01 5.65000000000E+01 5.70000000000E+01 1.57564464540E+02 3.07168372874E+00 1.53228901665E+02 2.41996791942E+00 1.59937216025E+02 4.14815981191E+00 1.52423235842E+02 2.32519029935E+00 1.60473212637E+02 3.10020456278E+00 1.60986479723E+02 4.23924135531E+00 1.52837248648E+02 3.03608181624E+00 
5.70000000000E+01 5.75000000000E+01 5.80000000000E+01 1.18368602019E+02 4.90665752946E+00 1.24245776026E+02 3.75631556521E+00 1.01853710877E+02 6.61374711109E+00 1.22368800130E+02 3.67805319122E+00 1.19694147963E+02 5.01366092135E+00 1.04118056159E+02 6.76110882058E+00 1.13381400442E+02 4.76139984685E+00 
5.80000000000E+01 5.85000000000E+01 5.90000000000E+01 1.31431954397E+02 2.84905467731E+00 1.24904147433E+02 2.08523095711E+00 1.28060699590E+02 3.79989105809E+00 1.30463868399E+02 2.13425565447E+00 1.23968597299E+02 2.77879928935E+00 1.32261583459E+02 3.93460185119E+00 1.28873029445E+02 2.73713966860E+00 
5.90000000000E+01 5.95000000000E+01 6.00000000000E+01 1.29985002832E+02 2.54194763198E+00 1.27046828572E+02 1.94403245803E+00 1.34302994598E+02 3.36126269239E+00 1.26744502331E+02 1.86957795789E+00 1.30247293767E+02 2.60327582520E+00 1.28786747056E+02 3.54922484280E+00 1.33482447833E+02 2.43540840892E+00 
6.00000000000E+01 6.05000000000E+01 6.10000000000E+01 1.14544369411E+02 2.45791045177E+00 1.16267421229E+02 1.83980460920E+00 1.15523301440E+02 3.43142019647E+00 1.16684240627E+02 1.84540488152E+00 1.14617753167E+02 2.48185061999E+00 1.10376357658E+02 3.41949677927E+00 1.16564060014E+02 2.46840585120E+00 
6.10000000000E+01 6.15000000000E+01 6.20000000000E+01 1.13138218065E+02 2.91475896634E+00 1.14661379826E+02 2.31267330422E+00 1.06125016446E+02 3.87944340260E+00 1.13210494111E+02 2.21138885769E+00 1.15472875932E+02 3.06510132435E+00 1.12152923685E+02 4.02945431625E+00 1.10448657256E+02 2.85819393314E+00 
6.20000000000E+01 6.25000000000E+01 6.30000000000E+01 1.26227273167E+02 2.94152887723E+00 1.20735961544E+02 2.23323516183E+00 1.33305232192E+02 3.93297596166E+00 1.20997201622E+02 2.16439682726E+00 1.23413529235E+02 3.00207639215E+00 1.31988616104E+02 4.04976267562E+00 1.26346543352E+02 2.85751795337E+00 
6.30000000000E+01 6.35000000000E+01 6.40000000000E+01 1.26771895034E+02 2.25535607159E+00 1.19962244450E+02 1.74101379300E+00 1.22147325184E+02 3.00144795668E+00 1.20186878337E+02 1.71016228369E+00 1.25655841414E+02 2.31007370701E+00 1.33704450104E+02 3.10133782449E+00 1.18039348675E+02 2.18318428944E+00 
6.40000000000E+01 6.45000000000E+01 6.50000000000E+01 1.16442375945E+02 2.10156245236E+00 1.16063775524E+02 1.55467077429E+00 1.23550419673E+02 3.03307721102E+00 1.12981957839E+02 1.57308709854E+00 1.19887155449E+02 2.08009076591E+00 1.20482701230E+02 2.89658864873E+00 1.18109218426E+02 2.20050927287E+00 
6.50000000000E+01 6.55000000000E+01 6.60000000000E+01 9.86679007924E+01 2.50065941880E+00 9.77883929045E+01 1.90614658872E+00 9.24807867604E+01 3.48787618546E+00 9.81001916329E+01 1.87160280836E+00 9.79060422083E+01 2.54759832382E+00 8.85592665125E+01 3.34125777448E+00 9.34067475167E+01 2.47511831330E+00 
6.60000000000E+01 6.65000000000E+01 6.70000000000E+01 1.09317938384E+02 2.68515666220E+00 1.04289589325E+02 1.97027384077E+00 1.20062856980E+02 3.79292675470E+00 1.04058407113E+02 2.00401358339E+00 1.09807677957E+02 2.63616069368E+00 1.10811373685E+02 3.61164128565E+00 1.12827061998E+02 2.73574506691E+00 
6.70000000000E+01 6.75000000000E+01 6.80000000000E+01 9.85717053590E+01 2.05122033979E+00 9.71547230455E+01 1.56280015489E+00 1.04595319150E+02 2.77929196973E+00 9.50448632298E+01 1.54557680447E+00 1.00817296862E+02 2.07606486718E+00 1.02753148164E+02 2.82379600869E+00 9.90232849611E+01 2.02173869273E+00 
6.80000000000E+01 6.85000000000E+01 6.90000000000E+01 8.01162565624E+01 1.87190209189E+00 8.17172887488E+01 1.42774654767E+00 8.14621380516E+01 2.48829904317E+00 8.21198236463E+01 1.41509498069E+00 7.92894598156E+01 1.88363349162E+00 7.79622942015E+01 2.54258191636E+00 8.25480373256E+01 1.87004624720E+00 
6.90000000000E+01 6.95000000000E+01 7.00000000000E+01 9.67469016614E+01 2.22673129868E+00 9.47249104493E+01 1.65614901464E+00 9.88334948949E+01 2.94953910842E+00 9.21746680265E+01 1.67872104664E+00 9.90720877850E+01 2.21077629275E+00 9.90690578484E+01 3.04852804264E+00 9.41724780622E+01 2.15774172481E+00 
7.00000000000E+01 7.05000000000E+01 7.10000000000E+01 7.96057008364E+01 2.17660622404E+00 8.00834769599E+01 1.66801249491E+00 8.16407973936E+01 2.96105241676E+00 7.91362355310E+01 1.63746486330E+00 8.01981484158E+01 2.22022907158E+00 7.72179524132E+01 2.99979659954E+00 8.13029918561E+01 2.14401329252E+00 
7.10000000000E+01 7.15000000000E+01 7.20000000000E+01 8.90042417149E+01 1.74746524291E+00 8.66738567134E+01 1.32148733371E+00 9.13678464967E+01 2.36616327203E+00 8.54134174594E+01 1.31079304809E+00 8.99857881669E+01 1.75372166673E+00 9.30378343510E+01 2.41645299975E+00 8.80968084500E+01 1.69518253466E+00 
7.20000000000E+01 7.25000000000E+01 7.30000000000E+01 7.30298485641E+01 1.82534455195E+00 7.16829646986E+01 1.39556229010E+00 7.63290096414E+01 2.36480590845E+00 7.28246323470E+01 1.36257194897E+00 7.10652919172E+01 1.87028819331E+00 7.12409615789E+01 2.52286920096E+00 7.63954100253E+01 1.71355826755E+00 
7.30000000000E+01 7.35000000000E+01 7.40000000000E+01 8.31724798464E+01 1.94271045932E+00 8.05359724871E+01 1.49212726249E+00 8.88302784857E+01 2.44248025277E+00 7.98322312987E+01 1.45781445749E+00 8.33507506852E+01 1.99057700755E+00 8.60864519027E+01 2.69379614025E+00 8.50173714842E+01 1.76496100291E+00 
7.40000000000E+01 7.45000000000E+01 7.50000000000E+01 8.11298142678E+01 2.11270782378E+00 7.75376579573E+01 1.64034703441E+00 9.49955304658E+01 3.16746790763E+00 7.68948945376E+01 1.62940357185E+00 8.15729415133E+01 2.12623278795E+00 8.45691600393E+01 3.02537146499E+00 8.75862762254E+01 2.28508505204E+00 
7.50000000000E+01 7.55000000000E+01 7.60000000000E+01 7.57611312349E+01 1.84241112264E+00 7.60121007682E+01 1.39988717088E+00 7.66605939446E+01 2.50641737596E+00 7.51507690483E+01 1.38386927014E+00 7.62628664608E+01 1.82236310085E+00 7.66163571037E+01 2.54512602273E+00 7.57891785674E+01 1.81446387189E+00 
7.60000000000E+01 7.65000000000E+01 7.70000000000E+01 6.72201312927E+01 1.68184178460E+00 6.59247221545E+01 1.30145794974E+00 6.42131435762E+01 2.34064397793E+00 6.51335079468E+01 1.29708240685E+00 6.81970288719E+01 1.71093077006E+00 6.69178383543E+01 2.32226381591E+00 6.39578198877E+01 1.70963279852E+00 
7.70000000000E+01 7.75000000000E+01 7.80000000000E+01 7.43559576282E+01 1.90877741251E+00 7.00902746071E+01 1.44716188862E+00 8.50648402509E+01 2.53579514534E+00 7.04454170094E+01 1.42838327506E+00 7.34155468373E+01 1.92752107230E+00 8.29237347294E+01 2.56484048650E+00 7.86617969023E+01 1.83319033586E+00 
7.80000000000E+01 7.85000000000E+01 7.90000000000E+01 5.89185042617E+01 1.54228065601E+00 6.11934943827E+01 1.14510097744E+00 5.20764132086E+01 2.15440889528E+00 5.90991665410E+01 1.16356447770E+00 6.08307883939E+01 1.52702604450E+00 5.68196375925E+01 2.13725449279E+00 5.51582149748E+01 1.56076521708E+00 
7.90000000000E+01 7.95000000000E+01 8.00000000000E+01 5.86557961931E+01 1.80912414431E+00 5.82071166580E+01 1.42274764959E+00 5.57589006022E+01 2.10266318718E+00 5.77773929870E+01 1.38813629816E+00 5.92222105301E+01 1.84994703084E+00 5.52660605407E+01 2.20093529109E+00 5.75273412649E+01 1.61823310477E+00 
8.00000000000E+01 8.05000000000E+01 8.10000000000E+01 6.39182545218E+01 1.79970838748E+00 6.27052598587E+01 1.41647116660E+00 6.34451421733E+01 2.38208851324E+00 6.25186330558E+01 1.37904927026E+00 6.39632006492E+01 1.85353786710E+00 6.41540046074E+01 2.45899617243E+00 6.30646193552E+01 1.74333329642E+00 
8.10000000000E+01 8.15000000000E+01 8.20000000000E+01 4.18750487742E+01 1.65924368440E+00 4.46692261008E+01 1.25782284561E+00 4.18525046723E+01 2.19988834132E+00 4.49466309042E+01 1.26288980117E+00 4.30436392386E+01 1.69054680809E+00 3.82144237027E+01 2.33053087269E+00 4.56462548859E+01 1.59232336576E+00 
8.20000000000E+01 8.25000000000E+01 8.30000000000E+01 6.21363348363E+01 1.31746115925E+00 5.90605731412E+01 9.87407509031E-01 6.39772176938E+01 1.81035938698E+00 5.89647518779E+01 1.00682289056E+00 6.02286443276E+01 1.26245229646E+00 6.53593899525E+01 1.80139134055E+00 6.12694752560E+01 1.31668306167E+00 
8.30000000000E+01 8.35000000000E+01 8.40000000000E+01 5.66500448154E+01 1.77937387579E+00 5.46828914916E+01 9.76792622243E-01 5.68537434243E+01 1.61504115049E+00 5.56852477548E+01 1.32543494008E+00 5.58981873410E+01 1.26408069279E+00 5.95504999928E+01 2.50655557683E+00 5.62801053394E+01 1.16088218932E+00 
8.40000000000E+01 8.45000000000E+01 8.50000000000E+01 5.55434379437E+01 1.62124670249E+00 5.31052992802E+01 1.22158676383E+00 6.05149571731E+01 2.22239568543E+00 5.29173893596E+01 1.20280798391E+00 5.56921701673E+01 1.64763232125E+00 5.75664604756E+01 2.25718416429E+00 5.63594731012E+01 1.56850288471E+00 
8.50000000000E+01 8.55000000000E+01 8.60000000000E+01 4.41002524005E+01 1.39953177692E+00 4.38185669760E+01 1.08061649928E+00 4.68310350614E+01 1.74018532707E+00 4.50652617996E+01 1.04244429479E+00 4.22995374345E+01 1.49576737594E+00 4.13281076262E+01 1.96008020428E+00 4.78731769133E+01 1.26491187791E+00 
8.60000000000E+01 8.65000000000E+01 8.70000000000E+01 6.13107265938E+01 1.18503415434E+00 5.63099410378E+01 9.10851117860E-01 6.65492421498E+01 1.60549300920E+00 5.65078590734E+01 8.99245543420E-01 6.10716786709E+01 1.20068753257E+00 6.78465726781E+01 1.62700702835E+00 6.05677497278E+01 1.16899745596E+00 
8.70000000000E+01 8.75000000000E+01 8.80000000000E+01 4.15978488017E+01 1.19175251962E+00 4.29334947379E+01 9.18872541092E-01 3.93793486237E+01 1.61264386748E+00 4.18066482768E+01 9.09336279132E-01 4.32273179417E+01 1.20420210573E+00 4.00005881172E+01 1.61787786595E+00 4.07554861140E+01 1.17546187606E+00 
8.80000000000E+01 8.85000000000E+01 8.90000000000E+01 5.34713746264E+01 1.62754206640E+00 5.01058658442E+01 1.23575362769E+00 5.97356739684E+01 2.29068976979E+00 5.06187109894E+01 1.23046335897E+00 5.26035546933E+01 1.44289476991E+00 5.56372738870E+01 1.93952439469E+00 5.22701712823E+01 1.55455260707E+00 
8.90000000000E+01 8.95000000000E+01 9.00000000000E+01 4.58971070275E+01 1.54232292982E+00 4.41068156847E+01 1.16214824045E+00 5.22795689217E+01 1.98674510678E+00 4.42533021031E+01 1.16595242732E+00 4.47392711726E+01 1.52195681644E+00 5.15250330239E+01 1.97876693521E+00 4.44356649670E+01 1.51052212253E+00 
9.00000000000E+01 9.05000000000E+01 9.10000000000E+01 3.26088801348E+01 1.13078686206E+00 3.52031400781E+01 8.45898690500E-01 3.31696697227E+01 1.53018370671E+00 3.36027058203E+01 8.49209980346E-01 3.47227240137E+01 1.09640901635E+00 3.00334093571E+01 1.58561544489E+00 3.23955529927E+01 1.19623887101E+00 
9.10000000000E+01 9.15000000000E+01 9.20000000000E+01 4.71109906603E+01 1.36472993433E+00 4.41898569961E+01 1.02506110133E+00 4.93459055572E+01 1.86723975930E+00 4.44251533832E+01 1.02090897710E+00 4.68620780786E+01 1.36961585598E+00 5.23047671030E+01 1.98840736378E+00 4.61921723704E+01 1.33370591219E+00 
9.20000000000E+01 9.25000000000E+01 9.30000000000E+01 2.97858657337E+01 2.00860634478E+00 3.02630091168E+01 1.45241506306E+00 2.65833481786E+01 2.81532304470E+00 3.23885331200E+01 1.43706617394E+00 2.69214509038E+01 2.03435428536E+00 2.49656962853E+01 2.91605439389E+00 3.07694127557E+01 1.93939134842E+00 
9.30000000000E+01 9.35000000000E+01 9.40000000000E+01 4.79285808115E+01 1.94714703688E+00 3.93521029169E+01 7.57585618765E-01 4.27651198138E+01 1.32502666972E+00 3.91511195345E+01 7.35108836602E-01 4.82135202294E+01 1.97935625324E+00 5.49430054033E+01 2.80903180172E+00 4.07915566078E+01 9.68250742288E-01 
9.40000000000E+01 9.45000000000E+01 9.50000000000E+01 2.85016550526E+01 1.43724005052E+00 2.97668382467E+01 1.07211626967E+00 2.61908811804E+01 2.00454617018E+00 2.99119852812E+01 1.07758612983E+00 2.79260967439E+01 1.42415003521E+00 2.48605149209E+01 1.97777910244E+00 2.92910726581E+01 1.44611140198E+00 
9.50000000000E+01 9.55000000000E+01 9.60000000000E+01 3.12682956076E+01 1.02559676618E+00 3.18853980043E+01 7.50482070833E-01 3.37022204978E+01 1.35113050559E+00 3.13553171529E+01 7.78921899956E-01 3.11841533322E+01 9.89873875308E-01 3.00642887054E+01 1.40843047322E+00 3.37509449631E+01 9.89432203053E-01 
9.60000000000E+01 9.65000000000E+01 9.70000000000E+01 3.05047639697E+01 9.94895252271E-01 3.08540067145E+01 7.85037192790E-01 3.56422713611E+01 1.25500406754E+00 3.07446381158E+01 7.23221951022E-01 3.09079560747E+01 1.03449706157E+00 3.45206060488E+01 1.24141343063E+00 3.10619252336E+01 1.02108778117E+00 
9.70000000000E+01 9.75000000000E+01 9.80000000000E+01 3.13753703170E+01 9.78125830774E-01 3.41241071774E+01 7.72701078041E-01 2.92398886973E+01 1.43047833944E+00 3.12632130036E+01 7.39208498913E-01 3.35251338424E+01 1.03065054200E+00 2.96931309658E+01 1.34348482442E+00 3.16811059150E+01 1.01360355456E+00 
9.80000000000E+01 9.85000000000E+01 9.90000000000E+01 3.64692545648E+01 9.49196877177E-01 3.36740014001E+01 7.20344427103E-01 3.73449789701E+01 1.33994914485E+00 3.35262860106E+01 7.20868671765E-01 3.57384066788E+01 9.60129834223E-01 3.84701740449E+01 1.31218832551E+00 3.60346617832E+01 9.74403850093E-01 
9.90000000000E+01 9.95000000000E+01 1.00000000000E+02 2.79116244867E+01 9.72694407073E-01 2.85771195159E+01 7.37849896007E-01 2.65788916733E+01 1.34045861628E+00 2.83896951673E+01 7.40735994478E-01 2.81507451545E+01 9.69059891385E-01 2.62208879270E+01 1.33393135097E+00 2.80289876306E+01 9.78769625546E-01 
#nx: 3
