#labels: ptz__0__0p25_lower[1] ptz__0__0p25_center[2] ptz__0__0p25_upper[3] tot_scale01[4] tot_scale01_Err[5] tot_scale02[6] tot_scale02_Err[7] tot_scale03[8] tot_scale03_Err[9] tot_scale04[10] tot_scale04_Err[11] tot_scale05[12] tot_scale05_Err[13] tot_scale06[14] tot_scale06_Err[15] tot_scale07[16] tot_scale07_Err[17]
#neval: 862076175097
#overflow:lower center upper 1.49825491052E+03 4.65877828597E+00 1.48510409042E+03 3.43957389018E+00 1.48835163832E+03 6.40708265169E+00 1.48058257828E+03 3.45529083200E+00 1.50419893933E+03 4.62467785205E+00 1.48784276914E+03 6.50697596921E+00 1.49893780129E+03 4.58990864686E+00 
0.00000000000E+00 5.00000000000E-01 1.00000000000E+00 0.00000000000E+00 0.00000000000E+00 0.00000000000E+00 0.00000000000E+00 0.00000000000E+00 0.00000000000E+00 0.00000000000E+00 0.00000000000E+00 0.00000000000E+00 0.00000000000E+00 0.00000000000E+00 0.00000000000E+00 0.00000000000E+00 0.00000000000E+00 
1.00000000000E+00 1.50000000000E+00 2.00000000000E+00 -1.08414687757E+04 3.63720656792E+02 -8.07949240573E+03 2.94346482708E+02 -1.26741402102E+04 4.56277553695E+02 -5.92287801679E+03 2.68901725617E+02 -1.33291644442E+04 3.96574025880E+02 -1.57838696128E+04 5.07941554655E+02 -8.12796630228E+03 3.26720411796E+02 
2.00000000000E+00 2.50000000000E+00 3.00000000000E+00 1.21044200022E+03 1.58032443752E+02 2.68938198954E+03 1.30025376092E+02 -1.47193588866E+02 1.97008639066E+02 3.48670322577E+03 1.17058443475E+02 1.61170098105E+02 1.76346151830E+02 -1.84460747924E+03 2.25902763256E+02 2.27612015000E+03 1.41299496798E+02 
3.00000000000E+00 3.50000000000E+00 4.00000000000E+00 5.08009202568E+03 1.11510744196E+02 5.89931722612E+03 8.98197270367E+01 4.40737122593E+03 1.39990864860E+02 5.98917701840E+03 8.30098450209E+01 4.85637835588E+03 1.20496114200E+02 3.99046664451E+03 1.55016143047E+02 5.31029725649E+03 1.00526255332E+02 
4.00000000000E+00 4.50000000000E+00 5.00000000000E+00 5.18131240356E+03 7.56338910593E+01 5.70462274510E+03 6.14314075885E+01 4.76772065524E+03 9.40563632891E+01 5.65723078551E+03 5.61262265399E+01 5.12070859045E+03 8.25845029942E+01 4.56790786094E+03 1.05800462327E+02 5.26018300460E+03 6.71981022175E+01 
5.00000000000E+00 5.50000000000E+00 6.00000000000E+00 4.39129960197E+03 7.33737389853E+01 4.85868274132E+03 5.91684917913E+01 3.96863689938E+03 9.09115006415E+01 4.80809883755E+03 5.43563313728E+01 4.33621819604E+03 7.93711844346E+01 3.77708406106E+03 1.02860141072E+02 4.46928117115E+03 6.47919125898E+01 
6.00000000000E+00 6.50000000000E+00 7.00000000000E+00 3.90590117754E+03 8.19488268069E+01 4.21936357766E+03 6.57470838672E+01 3.52473493341E+03 1.05304848291E+02 4.18565363735E+03 6.09433585703E+01 3.84270638800E+03 8.81849548381E+01 3.45312390201E+03 1.14400612722E+02 3.88530274216E+03 7.55375116641E+01 
7.00000000000E+00 7.50000000000E+00 8.00000000000E+00 3.86380713332E+03 7.13626888371E+01 4.02933437743E+03 5.81904330845E+01 3.74554717420E+03 8.82806226282E+01 3.98374236777E+03 5.30034749310E+01 3.86091165380E+03 7.82538342417E+01 3.66320716841E+03 9.96949082575E+01 3.85833725101E+03 6.33598106123E+01 
8.00000000000E+00 8.50000000000E+00 9.00000000000E+00 3.75950445746E+03 4.97867844963E+01 3.84197639224E+03 3.99409607363E+01 3.71172622775E+03 5.84242509758E+01 3.77523374930E+03 3.70571704519E+01 3.76680321526E+03 5.35339799369E+01 3.69040452187E+03 6.93341737677E+01 3.70556041842E+03 4.20875178503E+01 
9.00000000000E+00 9.50000000000E+00 1.00000000000E+01 2.94251019616E+03 3.22502228468E+01 3.02746716034E+03 2.69176390229E+01 2.76464539872E+03 4.04860800958E+01 3.01926132383E+03 2.42343125059E+01 2.86952390008E+03 3.60704808335E+01 2.76606833454E+03 4.46915330875E+01 2.89506707940E+03 2.91762174574E+01 
1.00000000000E+01 1.05000000000E+01 1.10000000000E+01 2.73366414289E+03 3.31331763053E+01 2.87442865138E+03 2.62882360553E+01 2.66041159012E+03 4.07950738873E+01 2.77128454826E+03 2.46736507708E+01 2.79809445586E+03 3.52266541882E+01 2.62936191218E+03 4.61774412123E+01 2.72408356359E+03 2.93870087662E+01 
1.10000000000E+01 1.15000000000E+01 1.20000000000E+01 2.55768395601E+03 3.99715401904E+01 2.61230741490E+03 3.24981155585E+01 2.46957940351E+03 4.94097238239E+01 2.57572069048E+03 2.97549197635E+01 2.56507328013E+03 4.36522446541E+01 2.49632230392E+03 5.56397359481E+01 2.49287103834E+03 3.55487991086E+01 
1.20000000000E+01 1.25000000000E+01 1.30000000000E+01 2.30270039825E+03 2.73787138103E+01 2.36106783655E+03 2.19357528554E+01 2.17700863818E+03 3.58452759973E+01 2.30678743279E+03 2.03999996656E+01 2.33434979341E+03 2.94034943559E+01 2.26121854180E+03 3.80493290818E+01 2.21127436912E+03 2.57644752131E+01 
1.30000000000E+01 1.35000000000E+01 1.40000000000E+01 2.19402134785E+03 2.39627489577E+01 2.22876160077E+03 1.92490535565E+01 2.15259418769E+03 2.99152593524E+01 2.18525842250E+03 1.78365462967E+01 2.21890940324E+03 2.58429239954E+01 2.18694478346E+03 3.34116866222E+01 2.14767819591E+03 2.14957032998E+01 
1.40000000000E+01 1.45000000000E+01 1.50000000000E+01 1.68303600312E+03 4.35843024877E+01 1.73544651097E+03 3.40613634934E+01 1.73066100588E+03 3.50785745213E+01 1.72644272383E+03 3.24618965092E+01 1.68405308731E+03 4.54340908425E+01 1.56434177123E+03 6.05365952379E+01 1.80062665863E+03 2.53642868365E+01 
1.50000000000E+01 1.55000000000E+01 1.60000000000E+01 1.73073126738E+03 2.47247789379E+01 1.73672732052E+03 1.98089033422E+01 1.64002486478E+03 3.22846153768E+01 1.73536673664E+03 1.82265730667E+01 1.68840830874E+03 2.70205544107E+01 1.69549711643E+03 3.44495657418E+01 1.69384427800E+03 2.28879528738E+01 
1.60000000000E+01 1.65000000000E+01 1.70000000000E+01 1.61952051805E+03 1.83548695719E+01 1.66096832089E+03 1.47227480570E+01 1.58300558723E+03 2.32374305055E+01 1.62211644333E+03 1.36882804235E+01 1.64702420132E+03 1.97102118574E+01 1.59046929503E+03 2.55097368874E+01 1.59567964206E+03 1.67439043240E+01 
1.70000000000E+01 1.75000000000E+01 1.80000000000E+01 1.44067204746E+03 2.28459392130E+01 1.47971535258E+03 1.70750951434E+01 1.39805332066E+03 2.90021895604E+01 1.43680914790E+03 1.71508482333E+01 1.46303551969E+03 2.28253538304E+01 1.40781607647E+03 3.18672486922E+01 1.42019728272E+03 2.08580638723E+01 
1.80000000000E+01 1.85000000000E+01 1.90000000000E+01 1.29486764217E+03 1.41226994907E+01 1.31675821657E+03 1.19435297012E+01 1.24593648429E+03 1.82279563081E+01 1.30776274714E+03 1.06178963324E+01 1.27603836637E+03 1.59588310940E+01 1.22159262290E+03 1.97998769341E+01 1.27759177247E+03 1.31919469865E+01 
1.90000000000E+01 1.95000000000E+01 2.00000000000E+01 1.36227715965E+03 1.58908119956E+01 1.37648429355E+03 1.29045923304E+01 1.37966053239E+03 2.09602701422E+01 1.33653693004E+03 1.18594189197E+01 1.39305156879E+03 1.72774971208E+01 1.37355039045E+03 2.20882072389E+01 1.35073227724E+03 1.50354098100E+01 
2.00000000000E+01 2.05000000000E+01 2.10000000000E+01 1.17016482851E+03 1.54331890044E+01 1.18698951154E+03 1.21997980271E+01 1.14141430419E+03 2.08992808979E+01 1.17057592743E+03 1.15974279639E+01 1.17245869598E+03 1.63788741738E+01 1.15316539285E+03 2.14986271659E+01 1.14427105110E+03 1.49860945176E+01 
2.10000000000E+01 2.15000000000E+01 2.20000000000E+01 1.23100867228E+03 1.46302830773E+01 1.23130150133E+03 1.15980679314E+01 1.26956898464E+03 1.87030066923E+01 1.20437885485E+03 1.10381428537E+01 1.26288445278E+03 1.55598038992E+01 1.28308548539E+03 1.96852785866E+01 1.21998625879E+03 1.34549698009E+01 
2.20000000000E+01 2.25000000000E+01 2.30000000000E+01 8.10278508699E+02 3.81189775394E+01 8.77653683544E+02 2.96590960172E+01 7.12624369381E+02 4.98037956980E+01 8.61305706046E+02 2.82690719898E+01 7.97728886882E+02 3.98053269894E+01 6.90280610168E+02 5.29886700574E+01 7.97417768924E+02 3.56412075367E+01 
2.30000000000E+01 2.35000000000E+01 2.40000000000E+01 9.72511575563E+02 1.16326290576E+01 9.80046295892E+02 9.40254878967E+00 9.56223066694E+02 1.49436021527E+01 9.59325535938E+02 8.78430074930E+00 9.77573484502E+02 1.25580065002E+01 9.50967426408E+02 1.63370629386E+01 9.48367098320E+02 1.08540775805E+01 
2.40000000000E+01 2.45000000000E+01 2.50000000000E+01 9.29455131836E+02 1.96203024077E+01 9.67115237752E+02 1.28207065735E+01 9.31102533976E+02 2.53354939806E+01 9.08054757218E+02 1.45576248457E+01 9.87185524152E+02 1.71681320469E+01 9.31629982725E+02 2.73048091695E+01 9.17211588558E+02 1.82007288335E+01 
2.50000000000E+01 2.55000000000E+01 2.60000000000E+01 7.51543178202E+02 1.30664371961E+01 7.82212714974E+02 1.01129836884E+01 7.07721756310E+02 1.69008239079E+01 7.85405341947E+02 9.67594841370E+00 7.52775931054E+02 1.35435187978E+01 7.38730136692E+02 1.75546426681E+01 7.35129202180E+02 1.22978779460E+01 
2.60000000000E+01 2.65000000000E+01 2.70000000000E+01 8.91221361440E+02 1.21965940580E+01 8.79606063367E+02 9.50812199277E+00 9.17236974992E+02 1.62225151219E+01 8.59858620411E+02 8.94915040024E+00 9.08373231551E+02 1.29660139327E+01 9.16331487841E+02 1.72526480774E+01 8.76659076367E+02 1.14355450106E+01 
2.70000000000E+01 2.75000000000E+01 2.80000000000E+01 7.54899305206E+02 1.19926031696E+01 7.65425012186E+02 9.42147944112E+00 7.05707593054E+02 1.56994216531E+01 7.49319120693E+02 8.82410968531E+00 7.71736827650E+02 1.27391454300E+01 7.48785048460E+02 1.68810427375E+01 7.13080011028E+02 1.11575362182E+01 
2.80000000000E+01 2.85000000000E+01 2.90000000000E+01 8.30720820420E+02 9.73425859606E+00 8.13826369868E+02 7.69812924824E+00 8.72702953451E+02 1.25285263505E+01 7.92279017300E+02 7.26554874084E+00 8.50608376815E+02 1.03040793697E+01 8.81751809256E+02 1.35185966669E+01 8.22683369602E+02 9.07180346743E+00 
2.90000000000E+01 2.95000000000E+01 3.00000000000E+01 6.82400612790E+02 9.17447501069E+00 6.79496901254E+02 7.17868582079E+00 6.64333596633E+02 1.16851395214E+01 6.65738620564E+02 6.80794666199E+00 6.86893511245E+02 9.60123893081E+00 6.80712584798E+02 1.27837299650E+01 6.58811922974E+02 8.40705358129E+00 
3.00000000000E+01 3.05000000000E+01 3.10000000000E+01 6.94726509072E+02 9.89859569219E+00 6.79182071408E+02 7.66748830240E+00 7.10749923365E+02 1.31107832078E+01 6.73701273921E+02 7.39364943751E+00 6.92868727443E+02 1.03209134029E+01 7.29967797016E+02 1.36635179284E+01 6.88556701594E+02 9.41699350121E+00 
3.10000000000E+01 3.15000000000E+01 3.20000000000E+01 6.87561152159E+02 1.25174277975E+01 6.62762742921E+02 9.68338162967E+00 7.21225907487E+02 1.58661081197E+01 6.60527416392E+02 9.30524752351E+00 6.80675386495E+02 1.30227568794E+01 7.21811698981E+02 1.74820271105E+01 6.80311475997E+02 1.13530057774E+01 
3.20000000000E+01 3.25000000000E+01 3.30000000000E+01 5.47733579633E+02 7.81005156043E+00 5.56062493237E+02 6.08651324729E+00 5.49809800977E+02 9.91659035051E+00 5.49197859190E+02 5.81866665565E+00 5.56424602317E+02 8.09570743066E+00 5.39940074159E+02 1.08542839889E+01 5.48467558747E+02 7.12664153263E+00 
3.30000000000E+01 3.35000000000E+01 3.40000000000E+01 5.53826797821E+02 6.47771755434E+00 5.46490794029E+02 5.37800120184E+00 5.51006752787E+02 8.44741618622E+00 5.42467453034E+02 4.85175862997E+00 5.54013143460E+02 7.18656207289E+00 5.60234415343E+02 8.96687234718E+00 5.45150779690E+02 6.08071685111E+00 
3.40000000000E+01 3.45000000000E+01 3.50000000000E+01 5.08761668394E+02 7.48697320867E+00 5.12496274499E+02 5.92162510328E+00 5.07763991900E+02 9.65220824457E+00 5.01499294034E+02 5.61305630381E+00 5.17508529152E+02 7.89418872340E+00 5.08580819586E+02 1.03986167579E+01 5.05103286359E+02 6.99544342879E+00 
3.50000000000E+01 3.55000000000E+01 3.60000000000E+01 4.74562940049E+02 6.90193410248E+00 4.80945832806E+02 5.54453677376E+00 4.69752266025E+02 8.94355293655E+00 4.69145706128E+02 5.18627736781E+00 4.82407599536E+02 7.38768269014E+00 4.69815031931E+02 9.56021034543E+00 4.69137644139E+02 6.45136881735E+00 
3.60000000000E+01 3.65000000000E+01 3.70000000000E+01 4.65298214193E+02 6.20253289161E+00 4.66803229840E+02 4.81957194253E+00 4.69072489060E+02 7.85925097082E+00 4.57066781763E+02 4.66650899340E+00 4.72650759274E+02 6.44578289641E+00 4.58301410334E+02 8.55742104221E+00 4.65566571789E+02 5.71305893565E+00 
3.70000000000E+01 3.75000000000E+01 3.80000000000E+01 4.50378660389E+02 7.47531178170E+00 4.48988636040E+02 5.91981860905E+00 4.47557251820E+02 9.55514446961E+00 4.40348909994E+02 5.58459309152E+00 4.56761456180E+02 7.89167526794E+00 4.60255177457E+02 1.01830149981E+01 4.44390663077E+02 6.87456279798E+00 
3.80000000000E+01 3.85000000000E+01 3.90000000000E+01 4.83649273114E+02 5.16129985987E+00 4.72171067043E+02 4.08645194894E+00 5.01948119263E+02 6.81794477518E+00 4.61895086265E+02 3.87331676208E+00 4.90581981635E+02 5.42862033991E+00 5.09295928707E+02 7.13250991361E+00 4.74224611133E+02 4.92063365225E+00 
3.90000000000E+01 3.95000000000E+01 4.00000000000E+01 4.25915045960E+02 5.61274297534E+00 4.09341732967E+02 4.48632220996E+00 4.21432722741E+02 7.55255565513E+00 4.12699156198E+02 4.19909326756E+00 4.17511853246E+02 6.00222668094E+00 4.38410701433E+02 7.77601887319E+00 4.09426810430E+02 5.44412554275E+00 
4.00000000000E+01 4.05000000000E+01 4.10000000000E+01 3.69735721738E+02 5.44909726564E+00 3.72156207043E+02 4.35603059139E+00 3.63417576687E+02 6.61352488677E+00 3.69807039708E+02 4.15519339181E+00 3.73946938071E+02 5.77184789420E+00 3.72596136717E+02 7.48918012642E+00 3.63093131073E+02 4.81758217075E+00 
4.10000000000E+01 4.15000000000E+01 4.20000000000E+01 3.91439468084E+02 9.15268921701E+00 3.85136403523E+02 7.14198315845E+00 3.99008455568E+02 1.19003434799E+01 3.77326754839E+02 6.81095935826E+00 3.95702642566E+02 9.62171208037E+00 4.04901022023E+02 1.27351396956E+01 3.84775638252E+02 8.53734983802E+00 
4.20000000000E+01 4.25000000000E+01 4.30000000000E+01 3.29580806377E+02 6.67057918083E+00 3.35172915629E+02 5.27440404606E+00 3.03241058405E+02 8.84176695430E+00 3.27117207283E+02 5.02086172429E+00 3.32935525802E+02 7.05301063587E+00 3.14165771504E+02 9.31547542179E+00 3.11589142378E+02 6.35328107635E+00 
4.30000000000E+01 4.35000000000E+01 4.40000000000E+01 3.49942128797E+02 5.46589323853E+00 3.42439962857E+02 4.24254499890E+00 3.63681427996E+02 7.24039621378E+00 3.41207064455E+02 4.05985737902E+00 3.51911615968E+02 5.70562344216E+00 3.60008054882E+02 7.65299681787E+00 3.45909083023E+02 5.11749415354E+00 
4.40000000000E+01 4.45000000000E+01 4.50000000000E+01 2.71304800550E+02 1.12021953371E+01 2.68586060743E+02 8.81823274495E+00 2.63092719247E+02 1.45757464641E+01 2.75778102445E+02 8.31278761985E+00 2.56901636547E+02 1.18756168812E+01 2.59993607718E+02 1.56095125845E+01 2.75211592249E+02 1.04450125532E+01 
4.50000000000E+01 4.55000000000E+01 4.60000000000E+01 3.09587505571E+02 6.51872854554E+00 3.09799321472E+02 5.17180022733E+00 3.08150485498E+02 8.74704621743E+00 3.02090286253E+02 4.73668940964E+00 3.18325946100E+02 7.10117699056E+00 3.12102755694E+02 9.33017195613E+00 3.07531120203E+02 6.08202562762E+00 
4.60000000000E+01 4.65000000000E+01 4.70000000000E+01 3.05387952093E+02 5.74192749291E+00 2.96332813336E+02 4.77450641567E+00 3.20984856204E+02 7.70496159306E+00 2.96149831665E+02 4.13605124680E+00 3.10798805488E+02 6.06651315979E+00 2.88690844913E+02 5.54780093763E+00 3.03274237154E+02 5.45838857981E+00 
4.70000000000E+01 4.75000000000E+01 4.80000000000E+01 2.79775675700E+02 4.19636321132E+00 2.84196222980E+02 3.59980787946E+00 2.87276715151E+02 5.50085715568E+00 2.75753960205E+02 3.27966307619E+00 2.87709513183E+02 4.57892201919E+00 2.74416664187E+02 5.56586746111E+00 2.86327189617E+02 3.99363555583E+00 
4.80000000000E+01 4.85000000000E+01 4.90000000000E+01 2.92430003066E+02 7.22679691994E+00 2.84922272345E+02 5.54313214680E+00 2.97641299816E+02 9.60724761791E+00 2.80480371256E+02 5.37783845515E+00 2.95666290722E+02 7.43451967973E+00 3.03496047022E+02 1.00433678913E+01 2.85780147766E+02 6.91087995250E+00 
4.90000000000E+01 4.95000000000E+01 5.00000000000E+01 2.63261717710E+02 3.78486434668E+00 2.66625117461E+02 2.95132475447E+00 2.68674246794E+02 4.78113245395E+00 2.55782527174E+02 2.83877470180E+00 2.73065350495E+02 3.92922760396E+00 2.68425580052E+02 5.26424117552E+00 2.62167905873E+02 3.43437762768E+00 
5.00000000000E+01 5.05000000000E+01 5.10000000000E+01 2.08554087003E+02 5.59258802380E+00 2.23969695918E+02 4.31344015350E+00 1.92112954144E+02 7.52287738604E+00 2.11811477954E+02 4.08837793953E+00 2.24005630082E+02 5.87224113398E+00 1.96845019003E+02 7.95805736820E+00 2.03072462724E+02 5.28327469423E+00 
5.10000000000E+01 5.15000000000E+01 5.20000000000E+01 2.59653370289E+02 5.43003369327E+00 2.49371349592E+02 4.14318435346E+00 2.71585149607E+02 7.08657516593E+00 2.48466061201E+02 3.96873800199E+00 2.59314655732E+02 5.62751274650E+00 2.74957339151E+02 7.67766127182E+00 2.60621981154E+02 5.11549276998E+00 
5.20000000000E+01 5.25000000000E+01 5.30000000000E+01 2.90843434421E+02 5.75346137076E+00 2.72108050837E+02 4.39213048991E+00 3.29668992041E+02 7.69255883354E+00 2.70605361699E+02 4.28832821416E+00 2.91273590367E+02 5.89286177730E+00 3.19849774418E+02 7.98162590193E+00 2.95005197431E+02 5.42190136809E+00 
5.30000000000E+01 5.35000000000E+01 5.40000000000E+01 2.02373089724E+02 3.15568781752E+00 2.02545115314E+02 2.49981888291E+00 2.00073915503E+02 4.21073247004E+00 1.99591138772E+02 2.40951506472E+00 2.02562196986E+02 3.30629582764E+00 2.01101367350E+02 4.40290511897E+00 2.02785774995E+02 3.00928991459E+00 
5.40000000000E+01 5.45000000000E+01 5.50000000000E+01 2.10568125293E+02 2.74502735352E+00 2.06689276915E+02 2.17833400931E+00 2.17301669867E+02 3.56295737018E+00 2.04082709226E+02 2.07329673281E+00 2.11505738881E+02 2.87478279138E+00 2.12731635724E+02 3.77972654324E+00 2.10093163906E+02 2.57038189410E+00 
5.50000000000E+01 5.55000000000E+01 5.60000000000E+01 1.65533762186E+02 8.34737701077E+00 1.75652399642E+02 6.53980195105E+00 1.62751411594E+02 1.09579326327E+01 1.70543784261E+02 6.20456222882E+00 1.63458158106E+02 8.73299801746E+00 1.52636793861E+02 1.16285334120E+01 1.70645768436E+02 7.85492396889E+00 
5.60000000000E+01 5.65000000000E+01 5.70000000000E+01 2.22806462379E+02 3.44935940607E+00 2.15443478800E+02 2.73265752749E+00 2.41218787569E+02 4.47318059974E+00 2.11477154804E+02 2.58528552768E+00 2.26642461195E+02 3.64213557769E+00 2.37331177951E+02 4.78042199662E+00 2.21915947576E+02 3.22975164839E+00 
5.70000000000E+01 5.75000000000E+01 5.80000000000E+01 1.99779625147E+02 3.51092092672E+00 1.89351109381E+02 2.66231444998E+00 1.97216179904E+02 4.66403679813E+00 1.89801545676E+02 2.61497458565E+00 1.94027028151E+02 3.56128380934E+00 2.05646998634E+02 4.80762501226E+00 1.91141985707E+02 3.39980843393E+00 
5.80000000000E+01 5.85000000000E+01 5.90000000000E+01 1.73840361192E+02 2.93659402604E+00 1.73213574206E+02 2.32482979997E+00 1.76918115926E+02 3.79978610693E+00 1.70808919244E+02 2.24270717172E+00 1.77166898209E+02 3.07021419037E+00 1.74782197016E+02 4.02252757494E+00 1.73728851656E+02 2.75824612607E+00 
5.90000000000E+01 5.95000000000E+01 6.00000000000E+01 1.69718361767E+02 2.78189562278E+00 1.66546713115E+02 2.19386929755E+00 1.72110015934E+02 3.68208389678E+00 1.65285237569E+02 2.10755417713E+00 1.70259945607E+02 2.90302181306E+00 1.74129133641E+02 3.85321370904E+00 1.69468543561E+02 2.66669326973E+00 
6.00000000000E+01 6.05000000000E+01 6.10000000000E+01 1.80807509307E+02 3.26020829198E+00 1.78579682493E+02 2.42931145750E+00 1.79457572152E+02 4.58632792762E+00 1.72859219472E+02 2.37682140259E+00 1.84812628642E+02 3.32207754356E+00 2.00487102636E+02 3.75916153581E+00 1.75846583118E+02 3.20895652092E+00 
6.10000000000E+01 6.15000000000E+01 6.20000000000E+01 1.52710729953E+02 3.47552551578E+00 1.50329321946E+02 2.55121795000E+00 1.52616809122E+02 4.81813497720E+00 1.47466591391E+02 2.55901001522E+00 1.52572585026E+02 3.50835831127E+00 1.51126550012E+02 5.00306444288E+00 1.52168881862E+02 3.33586982721E+00 
6.20000000000E+01 6.25000000000E+01 6.30000000000E+01 1.46199263317E+02 3.42998371487E+00 1.42594737424E+02 2.62654154656E+00 1.52938085698E+02 4.81893069573E+00 1.43066245100E+02 2.59281026430E+00 1.44616115516E+02 3.49071834767E+00 1.47130335154E+02 4.81997806772E+00 1.47647571681E+02 3.43923081971E+00 
6.30000000000E+01 6.35000000000E+01 6.40000000000E+01 1.54018080918E+02 2.47183516189E+00 1.51843684339E+02 1.92824034331E+00 1.57779313172E+02 3.23507674814E+00 1.49089385716E+02 1.85678722504E+00 1.56807838719E+02 2.56073628210E+00 1.57966909877E+02 3.43229408965E+00 1.50269634068E+02 2.34270415279E+00 
6.40000000000E+01 6.45000000000E+01 6.50000000000E+01 1.21465167434E+02 3.20347721982E+00 1.23651454379E+02 2.52314682524E+00 1.14124723724E+02 4.21675359285E+00 1.23147071391E+02 2.39663122280E+00 1.22865075778E+02 3.36654447536E+00 1.16989768459E+02 4.44187465570E+00 1.18175287933E+02 3.03719429614E+00 
6.50000000000E+01 6.55000000000E+01 6.60000000000E+01 1.26217116343E+02 3.06048123582E+00 1.27694301991E+02 2.54689901424E+00 1.26250650085E+02 3.82262705660E+00 1.26272432929E+02 2.40011249414E+00 1.28521078515E+02 3.25295479385E+00 1.24399091132E+02 4.08333048914E+00 1.26447995772E+02 2.86396574899E+00 
6.60000000000E+01 6.65000000000E+01 6.70000000000E+01 1.41360469851E+02 3.15368929254E+00 1.43160624121E+02 2.71588368353E+00 1.52788620990E+02 4.23323220033E+00 1.33127046524E+02 2.31965161199E+00 1.44587623299E+02 3.31745455739E+00 1.52496422217E+02 4.53706049994E+00 1.40571924707E+02 2.95171465770E+00 
6.70000000000E+01 6.75000000000E+01 6.80000000000E+01 1.09675774244E+02 2.47481339898E+00 1.12417349864E+02 1.95311205763E+00 1.06440754300E+02 3.22627693613E+00 1.11306331000E+02 1.86314348688E+00 1.10034781834E+02 2.58767157825E+00 1.02821598360E+02 3.40406445902E+00 1.10303086320E+02 2.35458832634E+00 
6.80000000000E+01 6.85000000000E+01 6.90000000000E+01 1.24675235024E+02 2.24532399632E+00 1.20606845453E+02 1.76931584223E+00 1.31644200188E+02 2.93447849003E+00 1.20646761068E+02 1.70275896692E+00 1.22419851080E+02 2.34494379165E+00 1.28547646894E+02 3.09772055051E+00 1.26953713291E+02 2.10987810248E+00 
6.90000000000E+01 6.95000000000E+01 7.00000000000E+01 8.97153150264E+01 2.03438992029E+00 9.25932614632E+01 1.67955928927E+00 8.68197894639E+01 2.52285362564E+00 9.36615767772E+01 1.54362048907E+00 8.97553957451E+01 2.10579062747E+00 8.15534090430E+01 2.78006682110E+00 9.30675967672E+01 1.84925957146E+00 
7.00000000000E+01 7.05000000000E+01 7.10000000000E+01 1.20191794367E+02 1.82378649259E+00 1.16890804515E+02 1.43456397159E+00 1.24820876204E+02 2.41618886091E+00 1.14244501863E+02 1.37898557998E+00 1.21785396548E+02 1.88480672449E+00 1.25092868311E+02 2.53132590981E+00 1.19516090787E+02 1.74141497236E+00 
7.10000000000E+01 7.15000000000E+01 7.20000000000E+01 1.08306230176E+02 1.90017025693E+00 1.06697103031E+02 1.51229191198E+00 1.08680880086E+02 2.54902772083E+00 1.06299020833E+02 1.42627500176E+00 1.08149871468E+02 2.00953967846E+00 1.08459222078E+02 2.58323943950E+00 1.05184334720E+02 1.84619349835E+00 
7.20000000000E+01 7.25000000000E+01 7.30000000000E+01 5.20596014625E+01 1.01267157168E+01 6.21983520125E+01 8.03898667920E+00 3.98986778433E+01 1.29981000240E+01 6.42782099852E+01 7.51916873155E+00 4.86952798605E+01 1.08263242525E+01 3.18328368480E+01 1.41326350201E+01 5.60502542856E+01 9.31633300248E+00 
7.30000000000E+01 7.35000000000E+01 7.40000000000E+01 1.13280996397E+02 1.84619743036E+00 1.08453627614E+02 1.43697247384E+00 1.21738942585E+02 2.46198078545E+00 1.06945534471E+02 1.38638016151E+00 1.14808859944E+02 1.90777024163E+00 1.20362434696E+02 2.55305093550E+00 1.13095731921E+02 1.76267203710E+00 
7.40000000000E+01 7.45000000000E+01 7.50000000000E+01 8.13755795358E+01 1.81329866446E+00 8.47143309177E+01 1.42129967108E+00 7.63115239457E+01 2.39914884986E+00 8.30354331983E+01 1.36296234573E+00 8.30664842218E+01 1.88818528604E+00 7.41202096073E+01 2.51906227745E+00 8.22170838517E+01 1.69582768224E+00 
7.50000000000E+01 7.55000000000E+01 7.60000000000E+01 1.02184389108E+02 1.80158351584E+00 9.85107777245E+01 1.40253281992E+00 1.08194923130E+02 2.31476168384E+00 9.73884956602E+01 1.36683617462E+00 1.03135303251E+02 1.84039229933E+00 1.04185503783E+02 2.44114506379E+00 1.03906792865E+02 1.68652637827E+00 
7.60000000000E+01 7.65000000000E+01 7.70000000000E+01 1.19896206733E+02 8.80891152136E+00 1.09413479389E+02 6.54241198416E+00 1.26439692746E+02 1.22747124550E+01 1.08315355684E+02 6.54969552733E+00 1.16394248874E+02 8.76739896691E+00 1.31023716716E+02 1.22974207436E+01 1.13814378553E+02 8.80110645478E+00 
7.70000000000E+01 7.75000000000E+01 7.80000000000E+01 8.40185945887E+01 1.61231721264E+00 8.35246746719E+01 1.27545452043E+00 8.19297421123E+01 2.18305125864E+00 8.35110832453E+01 1.21893361333E+00 8.42857154159E+01 1.65624729210E+00 8.32171094360E+01 2.20524155501E+00 8.33116477089E+01 1.59983517009E+00 
7.80000000000E+01 7.85000000000E+01 7.90000000000E+01 8.52900925127E+01 1.51035915401E+00 8.31331262158E+01 1.21273178696E+00 8.73476477024E+01 2.14814006525E+00 8.34709286115E+01 1.14123450771E+00 8.61474889056E+01 1.61872278213E+00 8.88965541692E+01 2.23828187004E+00 8.36626593681E+01 1.45287286937E+00 
7.90000000000E+01 7.95000000000E+01 8.00000000000E+01 8.32617188786E+01 1.59987243552E+00 7.80558937418E+01 1.27162784413E+00 8.97422477695E+01 1.93873862090E+00 8.06204188008E+01 1.18907900387E+00 8.13759952786E+01 1.66401092873E+00 8.57206720021E+01 2.23944786343E+00 8.15198519340E+01 1.52184881609E+00 
8.00000000000E+01 8.05000000000E+01 8.10000000000E+01 7.63064800174E+01 1.62585145168E+00 7.78291630632E+01 1.23051618280E+00 7.62006968300E+01 2.21420952241E+00 7.59757322727E+01 1.22625198501E+00 7.82611636161E+01 1.61993722363E+00 7.67478478557E+01 2.26198399748E+00 7.65525961302E+01 1.60570838517E+00 
8.10000000000E+01 8.15000000000E+01 8.20000000000E+01 8.52284139070E+01 1.82780550516E+00 7.97241712688E+01 1.45957213584E+00 8.93079280191E+01 2.45592482404E+00 8.09992583889E+01 1.37142563484E+00 8.30928378028E+01 1.95590190717E+00 9.04698225739E+01 2.51270032184E+00 8.45405590472E+01 1.77253418956E+00 
8.20000000000E+01 8.25000000000E+01 8.30000000000E+01 6.85822024317E+01 2.74413438578E+00 6.98424364235E+01 2.12985199487E+00 6.94075231937E+01 3.64422640365E+00 6.84698257369E+01 2.02292185140E+00 7.02015943615E+01 2.85404131197E+00 6.85709109141E+01 3.83044783432E+00 7.02555239469E+01 2.60579336811E+00 
8.30000000000E+01 8.35000000000E+01 8.40000000000E+01 5.93059301041E+01 1.46204950405E+00 6.12059514924E+01 1.11300735832E+00 5.42162254742E+01 2.04635514787E+00 6.11333156807E+01 1.09076684702E+00 5.95866641073E+01 1.49418136981E+00 5.51266209890E+01 2.07120695415E+00 5.85200803346E+01 1.45571623066E+00 
8.40000000000E+01 8.45000000000E+01 8.50000000000E+01 7.66276775271E+01 1.56795526674E+00 7.48178493279E+01 1.19040448687E+00 8.06579432083E+01 2.14603926533E+00 7.39689930118E+01 1.20294818718E+00 7.86843568968E+01 1.58990145743E+00 8.09467862894E+01 2.16639939435E+00 7.66154599720E+01 1.53217588632E+00 
8.50000000000E+01 8.55000000000E+01 8.60000000000E+01 6.50871715927E+01 1.31848997168E+00 6.35966479928E+01 1.02428549737E+00 6.94447712914E+01 1.79444682782E+00 6.38394043724E+01 9.79553980693E-01 6.52253248725E+01 1.36094978732E+00 6.65780300425E+01 1.80812581594E+00 6.72040702188E+01 1.30332043311E+00 
8.60000000000E+01 8.65000000000E+01 8.70000000000E+01 6.96334175481E+01 1.40887150628E+00 6.86011800378E+01 1.08097530769E+00 7.47839094748E+01 2.05076766574E+00 6.78518163925E+01 1.05850423816E+00 7.06587027708E+01 1.44277083204E+00 7.29352224131E+01 1.93803050604E+00 7.10688395823E+01 1.48137836776E+00 
8.70000000000E+01 8.75000000000E+01 8.80000000000E+01 7.05642939908E+01 1.53763318107E+00 6.70018112744E+01 1.19021469822E+00 7.37070501289E+01 2.06132962349E+00 6.65314904023E+01 1.14996899362E+00 7.03328681182E+01 1.57918297045E+00 7.52109201836E+01 2.11759082112E+00 6.97912554614E+01 1.49567483145E+00 
8.80000000000E+01 8.85000000000E+01 8.90000000000E+01 6.86012409723E+01 1.86897183099E+00 6.47325204776E+01 1.42720938406E+00 7.35649567212E+01 2.52994128690E+00 6.46777423806E+01 1.41949911739E+00 6.84504697173E+01 1.87334226480E+00 7.07427378723E+01 2.53923730161E+00 6.89617513603E+01 1.84251474777E+00 
8.90000000000E+01 8.95000000000E+01 9.00000000000E+01 4.41098376577E+01 1.78755157456E+00 4.51876948920E+01 1.41583103809E+00 5.02714321505E+01 2.62768217019E+00 4.50881410051E+01 1.37533677809E+00 4.31233879205E+01 1.86414281947E+00 3.97140211534E+01 2.45819763472E+00 5.06386006822E+01 1.90994917575E+00 
9.00000000000E+01 9.05000000000E+01 9.10000000000E+01 5.23909530159E+01 1.80280883312E+00 5.40500482104E+01 1.40589445159E+00 5.84200010833E+01 1.96128300434E+00 5.27453386416E+01 1.37089681204E+00 5.54578612257E+01 1.88501348268E+00 5.12381588052E+01 2.51517461177E+00 5.71709277114E+01 1.41349378908E+00 
9.10000000000E+01 9.15000000000E+01 9.20000000000E+01 5.57925982535E+01 1.25833099732E+00 5.49338738919E+01 9.70821705078E-01 5.66067822843E+01 1.66930927169E+00 5.45783209689E+01 9.47728169011E-01 5.71561432766E+01 1.27846396404E+00 5.62067299402E+01 1.74988507056E+00 5.44241017863E+01 1.24240714591E+00 
9.20000000000E+01 9.25000000000E+01 9.30000000000E+01 4.35572643455E+01 1.13174579572E+00 4.56657165319E+01 9.54854420653E-01 4.07543310036E+01 1.47630518928E+00 4.37192681729E+01 8.38767762821E-01 4.48910968161E+01 1.27709234725E+00 4.21084640131E+01 1.57505136128E+00 4.15001815417E+01 1.07847962176E+00 
9.30000000000E+01 9.35000000000E+01 9.40000000000E+01 4.85424399032E+01 1.14117690281E+00 4.85062623197E+01 8.77782154502E-01 4.99864301499E+01 1.54630223913E+00 4.77412820095E+01 8.62701970646E-01 4.94956152943E+01 1.16141880297E+00 4.78490680971E+01 1.57677836782E+00 4.93803437277E+01 1.11649882917E+00 
9.40000000000E+01 9.45000000000E+01 9.50000000000E+01 5.41518334633E+01 1.21397555792E+00 5.25157575798E+01 9.14529468635E-01 5.80961415119E+01 1.71578253516E+00 5.22423901038E+01 9.10665917089E-01 5.47479749119E+01 1.22276601260E+00 5.73363606465E+01 1.69637193291E+00 5.49064144136E+01 1.22644845751E+00 
9.50000000000E+01 9.55000000000E+01 9.60000000000E+01 4.51231218381E+01 1.16837541075E+00 4.54489302362E+01 8.75009400109E-01 4.42456810123E+01 1.60756782858E+00 4.48601273394E+01 8.60706291544E-01 4.51739812823E+01 1.16862899925E+00 4.60330552412E+01 1.64614637752E+00 4.37229229191E+01 1.14061931627E+00 
9.60000000000E+01 9.65000000000E+01 9.70000000000E+01 4.36773984412E+01 8.70092279592E-01 4.25789962202E+01 6.90617037364E-01 4.55608983188E+01 1.16160519249E+00 4.20969225861E+01 6.49273289533E-01 4.31108803489E+01 9.07863179993E-01 4.41941393664E+01 1.20927801047E+00 4.43258787956E+01 8.39108315129E-01 
9.70000000000E+01 9.75000000000E+01 9.80000000000E+01 4.56129919799E+01 9.16692054131E-01 4.61787245406E+01 7.10185388561E-01 4.55771648309E+01 1.26452905708E+00 4.48869965221E+01 6.91253653665E-01 4.69851040024E+01 9.39651496120E-01 4.57216104717E+01 1.27152534228E+00 4.56325037148E+01 9.02906174464E-01 
9.80000000000E+01 9.85000000000E+01 9.90000000000E+01 4.34996464139E+01 8.99962554663E-01 4.30570825301E+01 6.93386167681E-01 4.28711118392E+01 1.22827929689E+00 4.18114202584E+01 6.82259201232E-01 4.49534647365E+01 9.04807063888E-01 4.43839667067E+01 1.24567445034E+00 4.22723484720E+01 8.84422388062E-01 
9.90000000000E+01 9.95000000000E+01 1.00000000000E+02 4.36593290123E+01 9.75649291465E-01 4.35431714084E+01 7.53205432809E-01 4.68760887134E+01 1.34087709080E+00 4.21587159256E+01 7.26873908171E-01 4.51430534066E+01 1.00949602620E+00 4.57311049614E+01 1.38800413874E+00 4.44339569814E+01 9.50073824100E-01 
#nx: 3
