#labels: ptz_all_lower[1] ptz_all_center[2] ptz_all_upper[3] tot_scale01[4] tot_scale01_Err[5] tot_scale02[6] tot_scale02_Err[7] tot_scale03[8] tot_scale03_Err[9] tot_scale04[10] tot_scale04_Err[11] tot_scale05[12] tot_scale05_Err[13] tot_scale06[14] tot_scale06_Err[15] tot_scale07[16] tot_scale07_Err[17]
#neval: 862104527401
#overflow:lower center upper 3.05117809619E+04 4.54878754407E+01 3.01015354048E+04 3.31797736355E+01 3.06014727752E+04 6.06890032254E+01 3.00046261718E+04 3.40015806275E+01 3.06266517902E+04 4.42851773810E+01 3.04757752619E+04 6.37713029993E+01 3.06548998289E+04 4.32996559437E+01 
0.00000000000E+00 5.00000000000E-01 1.00000000000E+00 0.00000000000E+00 0.00000000000E+00 0.00000000000E+00 0.00000000000E+00 0.00000000000E+00 0.00000000000E+00 0.00000000000E+00 0.00000000000E+00 0.00000000000E+00 0.00000000000E+00 0.00000000000E+00 0.00000000000E+00 0.00000000000E+00 0.00000000000E+00 
1.00000000000E+00 1.50000000000E+00 2.00000000000E+00 -1.54649530991E+05 2.37051911223E+03 -9.13429077020E+04 1.70899605228E+03 -1.96609095688E+05 3.16202594885E+03 -4.33277032680E+04 1.75297493784E+03 -2.16652543641E+05 2.29149174423E+03 -2.71683264710E+05 3.10607229441E+03 -9.66889098515E+04 2.25147004019E+03 
2.00000000000E+00 2.50000000000E+00 3.00000000000E+00 9.83916257701E+04 1.07790591306E+03 1.39981032082E+05 8.16557906081E+02 6.24982918477E+04 1.44836256111E+03 1.47759015296E+05 8.00999532939E+02 8.47224310418E+04 1.09804348944E+03 3.96230670648E+04 1.50296530515E+03 1.14512678612E+05 1.03688007351E+03 
3.00000000000E+00 3.50000000000E+00 4.00000000000E+00 1.36097004758E+05 9.19507633771E+02 1.59423348279E+05 7.13242937129E+02 1.12406639215E+05 1.22477947930E+03 1.61812693316E+05 6.77623021753E+02 1.29716313740E+05 9.67472702131E+02 1.02666353539E+05 1.29545098259E+03 1.40924377899E+05 8.75937684796E+02 
4.00000000000E+00 4.50000000000E+00 5.00000000000E+00 1.43094784330E+05 6.90078838422E+02 1.55425270971E+05 5.27030136096E+02 1.31489802261E+05 9.25476992603E+02 1.55473413515E+05 5.07431281270E+02 1.40391544461E+05 7.19662902128E+02 1.25708884218E+05 9.64403506681E+02 1.44698923654E+05 6.53697762208E+02 
5.00000000000E+00 5.50000000000E+00 6.00000000000E+00 1.23068532366E+05 5.29931502687E+02 1.32618456004E+05 4.29829523130E+02 1.10536201036E+05 7.30677651456E+02 1.32102366714E+05 3.93646344425E+02 1.21458914209E+05 5.79287832758E+02 1.09123609904E+05 7.51593633620E+02 1.21832329036E+05 5.22971138213E+02 
6.00000000000E+00 6.50000000000E+00 7.00000000000E+00 1.12233535401E+05 4.19604494833E+02 1.18812205327E+05 3.26626474463E+02 1.04235080455E+05 5.48712552720E+02 1.17497427522E+05 3.11950106947E+02 1.11787344191E+05 4.40779311790E+02 1.03565220864E+05 5.87744297114E+02 1.10978646881E+05 3.93835122397E+02 
7.00000000000E+00 7.50000000000E+00 8.00000000000E+00 1.02145689771E+05 3.82855069215E+02 1.06724116057E+05 2.96242386868E+02 9.72780128784E+04 4.98395307676E+02 1.05018630272E+05 2.84481391767E+02 1.02657617122E+05 3.98673794731E+02 9.61707394344E+04 5.44710213698E+02 1.00903063990E+05 3.57254535753E+02 
8.00000000000E+00 8.50000000000E+00 9.00000000000E+00 9.37882441921E+04 3.37848483852E+02 9.67824551190E+04 2.54274456052E+02 9.12222455979E+04 4.31819030593E+02 9.48357389649E+04 2.51071310224E+02 9.45220750951E+04 3.43242088355E+02 9.14025929265E+04 4.67516762416E+02 9.25252445850E+04 3.09937723934E+02 
9.00000000000E+00 9.50000000000E+00 1.00000000000E+01 8.03357642047E+04 3.01081530498E+02 8.32656785171E+04 2.37413024160E+02 7.69625111079E+04 3.86373342366E+02 8.16623365817E+04 2.24124614894E+02 8.13007499705E+04 3.18347516316E+02 7.72321210810E+04 4.19850587137E+02 7.89837381857E+04 2.77356572110E+02 
1.00000000000E+01 1.05000000000E+01 1.10000000000E+01 7.33428359496E+04 2.56158138645E+02 7.51343697453E+04 1.98541899493E+02 7.10478240528E+04 3.31705712244E+02 7.38399387638E+04 1.90438329306E+02 7.39045542939E+04 2.67245059094E+02 7.14757246460E+04 3.57161173824E+02 7.20318534209E+04 2.37931468974E+02 
1.10000000000E+01 1.15000000000E+01 1.20000000000E+01 6.53270036546E+04 2.30816922576E+02 6.72590318395E+04 1.79770734532E+02 6.34946318405E+04 2.96702672504E+02 6.57512435720E+04 1.71623920292E+02 6.62907170547E+04 2.41729863930E+02 6.40427030453E+04 3.30503407497E+02 6.43420028656E+04 2.12971301172E+02 
1.20000000000E+01 1.25000000000E+01 1.30000000000E+01 5.98301695058E+04 2.46436308841E+02 6.10239383862E+04 1.99080865289E+02 5.83316237653E+04 3.17609003183E+02 5.98032141100E+04 1.82892069632E+02 6.05374747148E+04 2.68028527498E+02 5.88541189045E+04 3.43573745492E+02 5.87062203390E+04 2.27489712322E+02 
1.30000000000E+01 1.35000000000E+01 1.40000000000E+01 5.55315786517E+04 2.01042855034E+02 5.59211920423E+04 1.71120999364E+02 5.47288484397E+04 3.02302883407E+02 5.50571403172E+04 1.49941430279E+02 5.58011028548E+04 2.30235697815E+02 5.52347638858E+04 2.80307852379E+02 5.44110626044E+04 2.16788589715E+02 
1.40000000000E+01 1.45000000000E+01 1.50000000000E+01 5.02223552040E+04 2.51111095023E+02 5.07354241191E+04 1.95514273352E+02 4.93783636456E+04 3.32085704476E+02 4.98347364645E+04 1.85992048117E+02 5.07245593675E+04 2.63938832873E+02 4.99209813849E+04 3.51334219105E+02 4.92012609225E+04 2.37346409367E+02 
1.50000000000E+01 1.55000000000E+01 1.60000000000E+01 4.79070209183E+04 2.01267150197E+02 4.79074697948E+04 1.55711956096E+02 4.78841350617E+04 2.59894204667E+02 4.69347229635E+04 1.49394965310E+02 4.86222822247E+04 2.10609222853E+02 4.84138244942E+04 2.82091808330E+02 4.68821474881E+04 1.86213326980E+02 
1.60000000000E+01 1.65000000000E+01 1.70000000000E+01 4.38865617088E+04 1.76630057041E+02 4.34935293324E+04 1.57077169917E+02 4.44398245260E+04 2.43009761000E+02 4.29603122123E+04 1.31249196030E+02 4.39471200315E+04 2.10582119880E+02 4.37395614710E+04 2.31121279152E+02 4.33925775005E+04 1.74248433225E+02 
1.70000000000E+01 1.75000000000E+01 1.80000000000E+01 3.95623815965E+04 1.62276871936E+02 3.98464425687E+04 1.33211104195E+02 3.89409311075E+04 2.18886349877E+02 3.89155349926E+04 1.20463082031E+02 4.03076238308E+04 1.76715238446E+02 4.00780659134E+04 2.29739491962E+02 3.84693813832E+04 1.56892259595E+02 
1.80000000000E+01 1.85000000000E+01 1.90000000000E+01 3.64960831142E+04 1.70217825933E+02 3.63437117537E+04 1.37219164877E+02 3.63136200910E+04 2.20387176935E+02 3.58171157745E+04 1.26098877348E+02 3.67244938611E+04 1.85230861970E+02 3.67866092994E+04 2.38552078347E+02 3.56424115684E+04 1.57941228943E+02 
1.90000000000E+01 1.95000000000E+01 2.00000000000E+01 3.29418547861E+04 1.83390171380E+02 3.32931556008E+04 1.40504343739E+02 3.28206390418E+04 2.41515640939E+02 3.25177150935E+04 1.36338726054E+02 3.36023554708E+04 1.88410853534E+02 3.29391706517E+04 2.55568750273E+02 3.24995038767E+04 1.72458511801E+02 
2.00000000000E+01 2.05000000000E+01 2.10000000000E+01 3.07783573315E+04 1.24330284954E+02 3.08474917077E+04 1.01580925377E+02 3.04798694013E+04 1.61837524272E+02 3.02964635789E+04 9.29664418446E+01 3.11579699036E+04 1.38214570885E+02 3.09701922375E+04 1.73263080703E+02 3.01435722015E+04 1.16094368733E+02 
2.10000000000E+01 2.15000000000E+01 2.20000000000E+01 2.93170013315E+04 1.32510820640E+02 2.92067970051E+04 1.04795964034E+02 2.91913504942E+04 1.71632913476E+02 2.86744494885E+04 9.85029868656E+01 2.96608300187E+04 1.40967377491E+02 2.96882221133E+04 1.84537639580E+02 2.86265675067E+04 1.23222288549E+02 
2.20000000000E+01 2.25000000000E+01 2.30000000000E+01 2.65446501731E+04 1.19176129708E+02 2.64459416128E+04 9.74083986400E+01 2.61994694087E+04 1.48363125881E+02 2.60866394675E+04 8.87387039168E+01 2.67330403385E+04 1.33080753515E+02 2.66147136296E+04 1.66553595430E+02 2.59145289825E+04 1.06644040529E+02 
2.30000000000E+01 2.35000000000E+01 2.40000000000E+01 2.56211069275E+04 1.23210780094E+02 2.54172910403E+04 9.52793648458E+01 2.55228868012E+04 1.60264234848E+02 2.48959873222E+04 9.01643909882E+01 2.60265465609E+04 1.30215062931E+02 2.60633107509E+04 1.72442540689E+02 2.50914341352E+04 1.16252927160E+02 
2.40000000000E+01 2.45000000000E+01 2.50000000000E+01 2.43555999309E+04 1.08734195447E+02 2.38127384361E+04 8.60648634846E+01 2.45972529317E+04 1.45225079622E+02 2.35289828355E+04 8.13479854246E+01 2.43375353664E+04 1.15821400146E+02 2.47578919314E+04 1.48848179788E+02 2.39452506273E+04 1.03619445683E+02 
2.50000000000E+01 2.55000000000E+01 2.60000000000E+01 2.18031129286E+04 1.00427871984E+02 2.18377750497E+04 7.78774445812E+01 2.17661604995E+04 1.17664595037E+02 2.13620866127E+04 7.50783845109E+01 2.21802789429E+04 1.04572924588E+02 2.19309836726E+04 1.40078997152E+02 2.14604755012E+04 8.44548368792E+01 
2.60000000000E+01 2.65000000000E+01 2.70000000000E+01 2.04889767609E+04 1.03610818094E+02 2.05097061901E+04 7.92272028996E+01 2.04275285108E+04 1.41029586587E+02 2.00541612218E+04 7.70100787548E+01 2.08314461136E+04 1.06510944689E+02 2.07010302045E+04 1.43960718509E+02 2.01412154799E+04 1.00315991705E+02 
2.70000000000E+01 2.75000000000E+01 2.80000000000E+01 1.91617911237E+04 8.90712703411E+01 1.91166954377E+04 6.96395825853E+01 1.92282921393E+04 1.19504611550E+02 1.87879291319E+04 6.62438168950E+01 1.94174469503E+04 9.35924473025E+01 1.93170859592E+04 1.24218764790E+02 1.88994240056E+04 8.56937979700E+01 
2.80000000000E+01 2.85000000000E+01 2.90000000000E+01 1.80141478788E+04 8.61926074623E+01 1.80416022307E+04 6.85411529286E+01 1.80422039482E+04 1.11426161206E+02 1.76509404066E+04 6.41188881733E+01 1.83497615204E+04 9.20119912617E+01 1.80897598617E+04 1.20333133483E+02 1.77418097409E+04 7.99082368685E+01 
2.90000000000E+01 2.95000000000E+01 3.00000000000E+01 1.72175605811E+04 8.80447389741E+01 1.70251118421E+04 6.72033441167E+01 1.73072551139E+04 1.20908041321E+02 1.67932783946E+04 6.54498897814E+01 1.73168080280E+04 9.01888176659E+01 1.75212606145E+04 1.22526526424E+02 1.68229322393E+04 8.47765470980E+01 
3.00000000000E+01 3.05000000000E+01 3.10000000000E+01 1.51791026244E+04 1.17696412846E+02 1.53282328078E+04 8.99124969140E+01 1.50727759998E+04 1.57182933755E+02 1.50507205471E+04 8.74021361284E+01 1.53327110861E+04 1.20720018876E+02 1.50151166467E+04 1.63895971426E+02 1.49853861261E+04 1.13854283261E+02 
3.10000000000E+01 3.15000000000E+01 3.20000000000E+01 1.52633734069E+04 7.41333737757E+01 1.51372481662E+04 5.74614088830E+01 1.55317243844E+04 9.65761919290E+01 1.48877824205E+04 5.51122766134E+01 1.55905484291E+04 8.01109217994E+01 1.54907138318E+04 1.03100158670E+02 1.51086497456E+04 6.93570634449E+01 
3.20000000000E+01 3.25000000000E+01 3.30000000000E+01 1.41030188638E+04 8.42035639307E+01 1.40932494819E+04 6.16390420269E+01 1.41193378351E+04 1.12676931771E+02 1.38402545261E+04 6.25567822836E+01 1.42984079037E+04 8.28762510611E+01 1.41666250419E+04 1.10749361008E+02 1.38942428880E+04 8.05612558585E+01 
3.30000000000E+01 3.35000000000E+01 3.40000000000E+01 1.35703128879E+04 1.20164177834E+02 1.33876325093E+04 9.58062984112E+01 1.41820100908E+04 8.95562222632E+01 1.32892108604E+04 8.91963470292E+01 1.36000920810E+04 1.28864984813E+02 1.37165585849E+04 1.67615132279E+02 1.37929949859E+04 6.41513529106E+01 
3.40000000000E+01 3.45000000000E+01 3.50000000000E+01 1.25465724418E+04 6.46978736541E+01 1.24599576078E+04 4.92727950462E+01 1.24288837907E+04 8.54765769956E+01 1.23153231175E+04 4.83236598728E+01 1.26191571609E+04 6.62109542594E+01 1.26537430675E+04 9.05193489753E+01 1.22801263329E+04 6.12400552680E+01 
3.50000000000E+01 3.55000000000E+01 3.60000000000E+01 1.19548657575E+04 6.34135667669E+01 1.18837587710E+04 4.98877350697E+01 1.21083420311E+04 8.78336172491E+01 1.16986939206E+04 4.72151229819E+01 1.20560341048E+04 6.70670342110E+01 1.20500075613E+04 8.80342363955E+01 1.18985674697E+04 6.30992142186E+01 
3.60000000000E+01 3.65000000000E+01 3.70000000000E+01 1.17626501786E+04 6.01928627887E+01 1.15677441870E+04 4.61068401424E+01 1.19895425651E+04 7.93150786374E+01 1.14235055152E+04 4.44887452835E+01 1.18442651678E+04 6.22754308159E+01 1.20213650812E+04 8.44539947980E+01 1.16357493406E+04 5.65119532710E+01 
3.70000000000E+01 3.75000000000E+01 3.80000000000E+01 1.10055324298E+04 7.62600774982E+01 1.09664837672E+04 5.39646611013E+01 1.10983154136E+04 1.01812104118E+02 1.07249388837E+04 5.64880514103E+01 1.12289932314E+04 7.28934600208E+01 1.11654023525E+04 1.06529740368E+02 1.08560122333E+04 7.28270780621E+01 
3.80000000000E+01 3.85000000000E+01 3.90000000000E+01 1.04780596479E+04 5.79640717932E+01 1.03586304525E+04 4.44100994825E+01 1.06925895905E+04 7.80802431235E+01 1.01836651899E+04 4.33315139155E+01 1.05781779329E+04 5.99008088509E+01 1.07095248461E+04 8.14166975427E+01 1.04635527875E+04 5.48565501934E+01 
3.90000000000E+01 3.95000000000E+01 4.00000000000E+01 9.71017814550E+03 6.23532751661E+01 9.70958240918E+03 4.35120845692E+01 9.58584261817E+03 7.84746907965E+01 9.50800824261E+03 4.62918070969E+01 9.86887043688E+03 5.84011000073E+01 9.75659545196E+03 8.65306561238E+01 9.50548501174E+03 5.66038613540E+01 
4.00000000000E+01 4.05000000000E+01 4.10000000000E+01 9.32442401853E+03 5.36060514996E+01 9.23903013855E+03 4.00832588355E+01 9.41180646224E+03 7.22503028981E+01 9.10200896881E+03 3.98646368429E+01 9.42485930691E+03 5.39165949079E+01 9.46670460843E+03 7.47045765930E+01 9.22363430504E+03 5.18020772178E+01 
4.10000000000E+01 4.15000000000E+01 4.20000000000E+01 9.00326293292E+03 5.73006751404E+01 8.93342560930E+03 4.39962463845E+01 9.04390171081E+03 7.78968121729E+01 8.74331411643E+03 4.25944654825E+01 9.18012503725E+03 5.92193570854E+01 9.17630193991E+03 7.85498122103E+01 8.86841683564E+03 5.64696079960E+01 
4.20000000000E+01 4.25000000000E+01 4.30000000000E+01 8.63177282184E+03 4.93140464294E+01 8.53824150366E+03 3.71352234663E+01 8.84950218344E+03 6.66465296669E+01 8.40680128164E+03 3.66346776197E+01 8.74756469701E+03 4.99258558532E+01 8.80568083801E+03 6.86472130200E+01 8.64144077679E+03 4.72726465437E+01 
4.30000000000E+01 4.35000000000E+01 4.40000000000E+01 8.06387411783E+03 5.07107747563E+01 7.96225832269E+03 3.81697512883E+01 8.07697144426E+03 6.84010944122E+01 7.85742860315E+03 3.77149071348E+01 8.13877983374E+03 5.12488602228E+01 8.16711795850E+03 7.04469260597E+01 7.93882222000E+03 4.91692332363E+01 
4.40000000000E+01 4.45000000000E+01 4.50000000000E+01 7.48411609444E+03 4.73912284961E+01 7.41640033204E+03 3.66403701219E+01 7.26794962307E+03 6.83197990379E+01 7.33709657447E+03 3.53104199122E+01 7.51637852962E+03 4.93307972649E+01 7.54479208329E+03 6.59346683957E+01 7.35513554845E+03 4.54452090847E+01 
4.50000000000E+01 4.55000000000E+01 4.60000000000E+01 7.46105278544E+03 4.47775471833E+01 7.34113662924E+03 3.61883834299E+01 7.56703136638E+03 6.01941533241E+01 7.24786808748E+03 3.33581133469E+01 7.59342081130E+03 5.05808184484E+01 7.62199474404E+03 6.24310244574E+01 7.36284352386E+03 4.32049580580E+01 
4.60000000000E+01 4.65000000000E+01 4.70000000000E+01 6.85295487428E+03 6.88001200082E+01 6.78184006343E+03 5.08727913898E+01 6.79442604761E+03 9.23115548784E+01 6.72687359332E+03 5.11639009297E+01 6.88968025850E+03 6.84059179448E+01 6.92434468106E+03 9.60089720125E+01 6.75576917887E+03 6.65400419537E+01 
4.70000000000E+01 4.75000000000E+01 4.80000000000E+01 6.88947608974E+03 3.89111133241E+01 6.77454847592E+03 3.03395359878E+01 7.04119406374E+03 5.22764817694E+01 6.63134722861E+03 3.27032298524E+01 6.91726118375E+03 4.52516519017E+01 7.07592628203E+03 5.40749313561E+01 6.85440498908E+03 3.80800924129E+01 
4.80000000000E+01 4.85000000000E+01 4.90000000000E+01 6.67332448944E+03 7.20589100054E+01 6.55219401857E+03 5.28435188444E+01 6.70239986247E+03 9.57307585791E+01 6.43154993135E+03 5.21611807870E+01 6.76367454724E+03 7.38278585726E+01 6.80942304244E+03 9.83988847334E+01 6.56269051160E+03 7.03099406522E+01 
4.90000000000E+01 4.95000000000E+01 5.00000000000E+01 5.96962136971E+03 6.11690606428E+01 5.94370260154E+03 4.54654289797E+01 5.84532824669E+03 8.63062757368E+01 5.94796158437E+03 3.16727281674E+01 6.06980014817E+03 6.30170038991E+01 5.94310327683E+03 9.00691221433E+01 5.86226739781E+03 5.87858145318E+01 
5.00000000000E+01 5.05000000000E+01 5.10000000000E+01 5.43819675502E+03 4.32967148431E+01 5.47822344244E+03 3.29720369429E+01 5.33975751195E+03 5.72916318014E+01 5.39850693708E+03 3.21674014984E+01 5.45718227862E+03 4.52470735738E+01 5.35819467234E+03 6.02540718043E+01 5.40737166749E+03 4.08143481950E+01 
5.10000000000E+01 5.15000000000E+01 5.20000000000E+01 5.84360404831E+03 3.56273449592E+01 5.67693597085E+03 2.71539464333E+01 6.07793870378E+03 4.67705162509E+01 5.62561762326E+03 2.64887258420E+01 5.86819605095E+03 3.65487261913E+01 6.04733166076E+03 4.98188234140E+01 5.84722514268E+03 3.38607125988E+01 
5.20000000000E+01 5.25000000000E+01 5.30000000000E+01 5.60639741446E+03 4.56530492550E+01 5.29145007196E+03 5.57388440517E+01 5.76046759692E+03 6.26127957624E+01 5.39623387424E+03 3.38341175185E+01 5.42241772761E+03 7.52881616625E+01 5.79744965982E+03 6.39661107071E+01 5.53650341220E+03 4.46971058061E+01 
5.30000000000E+01 5.35000000000E+01 5.40000000000E+01 5.36855888082E+03 8.32881841623E+01 5.19765960092E+03 6.14151006386E+01 5.52815640111E+03 1.15531649870E+02 5.15947392626E+03 6.18063049821E+01 5.41449399173E+03 8.28802806536E+01 5.55409578436E+03 1.16068445543E+02 5.32268302830E+03 8.28471858806E+01 
5.40000000000E+01 5.45000000000E+01 5.50000000000E+01 5.05157812669E+03 4.63613576085E+01 4.92561826770E+03 3.46269111137E+01 5.42018611210E+03 7.94824794892E+01 4.90386822976E+03 3.41693596508E+01 5.05769672032E+03 4.67510016680E+01 5.18642340626E+03 6.46199891649E+01 5.18838964020E+03 5.70475700380E+01 
5.50000000000E+01 5.55000000000E+01 5.60000000000E+01 4.67381685533E+03 3.57444318506E+01 4.59327092650E+03 2.74107639960E+01 4.73162008249E+03 4.74473639250E+01 4.55730763063E+03 2.66129966869E+01 4.69089728281E+03 3.67837738331E+01 4.73357533785E+03 4.97812537996E+01 4.63686918099E+03 3.40808916379E+01 
5.60000000000E+01 5.65000000000E+01 5.70000000000E+01 4.51162094756E+03 2.92011025213E+01 4.46178158382E+03 2.16871851416E+01 4.46749060584E+03 4.04465118979E+01 4.39054506513E+03 2.18028260449E+01 4.57739296917E+03 2.89958698447E+01 4.58267475690E+03 4.04928761810E+01 4.42059491628E+03 2.96195321386E+01 
5.70000000000E+01 5.75000000000E+01 5.80000000000E+01 4.23043647688E+03 2.89070561084E+01 4.20783522112E+03 2.17668965918E+01 4.45184824222E+03 3.99959837474E+01 4.13059436448E+03 2.15668616572E+01 4.30404772667E+03 2.91608823287E+01 4.28002945360E+03 4.01040067091E+01 4.33443697088E+03 2.88426143653E+01 
5.80000000000E+01 5.85000000000E+01 5.90000000000E+01 4.03048712640E+03 2.93025216627E+01 3.99400079733E+03 2.20518098360E+01 4.00387205314E+03 4.06092067846E+01 3.94740922959E+03 2.18198384160E+01 4.06684774911E+03 2.95473671756E+01 4.06203921460E+03 4.07662734811E+01 4.03464151695E+03 2.81021789363E+01 
5.90000000000E+01 5.95000000000E+01 6.00000000000E+01 3.99907899502E+03 3.69915815556E+01 3.92480475472E+03 2.84848521799E+01 4.10551438035E+03 4.90745745135E+01 3.87805656304E+03 2.74485904140E+01 4.04349577617E+03 3.84341802961E+01 4.09460488611E+03 5.16862330867E+01 3.98354771306E+03 3.51375408130E+01 
6.00000000000E+01 6.05000000000E+01 6.10000000000E+01 3.76902380524E+03 2.84392910343E+01 3.68699844688E+03 2.15610832274E+01 3.68516182341E+03 3.45724627739E+01 3.66886060307E+03 1.98435889815E+01 3.75673262842E+03 2.90828704125E+01 3.80644479738E+03 3.98573385130E+01 3.64763618164E+03 2.55455066978E+01 
6.10000000000E+01 6.15000000000E+01 6.20000000000E+01 3.64788613725E+03 2.38018617206E+01 3.55351770476E+03 1.81801675608E+01 3.79229826279E+03 4.09580959141E+01 3.54801049743E+03 1.77401722802E+01 3.63321410099E+03 2.44628637508E+01 3.70815175829E+03 3.33828401548E+01 3.68572299598E+03 2.93193258893E+01 
6.20000000000E+01 6.25000000000E+01 6.30000000000E+01 3.57271360773E+03 2.30747834100E+01 3.46966038413E+03 1.76328111739E+01 3.67919718493E+03 3.32051431294E+01 3.45228942591E+03 1.72730360745E+01 3.58793931305E+03 2.36265843026E+01 3.67883784811E+03 3.21761591247E+01 3.57480908401E+03 2.34843907148E+01 
6.30000000000E+01 6.35000000000E+01 6.40000000000E+01 3.18570542648E+03 2.42824316196E+01 3.14923803530E+03 1.89902301042E+01 3.15708879372E+03 3.31641387133E+01 3.13068363393E+03 1.80969361402E+01 3.18395704347E+03 2.55464749908E+01 3.14090764943E+03 3.38089311922E+01 3.17209661222E+03 2.39414340508E+01 
6.40000000000E+01 6.45000000000E+01 6.50000000000E+01 3.14140153320E+03 4.23848177371E+01 3.11845241202E+03 3.18517711216E+01 3.21094947730E+03 3.54507929552E+01 3.06859554013E+03 3.07565938476E+01 3.18394602878E+03 4.39650786132E+01 3.13070423192E+03 6.03953267704E+01 3.12830324636E+03 4.01770066360E+01 
6.50000000000E+01 6.55000000000E+01 6.60000000000E+01 3.10191029609E+03 3.52901628418E+01 2.99269208330E+03 2.64901088622E+01 3.11778546345E+03 4.71913768577E+01 3.01079394063E+03 2.57173791405E+01 3.07251441879E+03 3.64054658332E+01 3.16687513674E+03 5.02040315132E+01 3.05311004221E+03 3.31970816952E+01 
6.60000000000E+01 6.65000000000E+01 6.70000000000E+01 3.07777009528E+03 2.35891496762E+01 3.00056711223E+03 1.84177648401E+01 3.10747189773E+03 3.28051251512E+01 2.95345772674E+03 1.80686789826E+01 3.12534226385E+03 2.39580486380E+01 3.13125087596E+03 3.36215393454E+01 3.04330051642E+03 2.31150491199E+01 
6.70000000000E+01 6.75000000000E+01 6.80000000000E+01 2.84796538254E+03 2.07383435266E+01 2.80085765455E+03 1.60144587217E+01 2.92695144464E+03 3.04938448519E+01 2.77495743133E+03 1.53452036543E+01 2.87281735502E+03 2.15539692154E+01 2.91142001387E+03 3.11536924601E+01 2.85208438714E+03 2.18494675872E+01 
6.80000000000E+01 6.85000000000E+01 6.90000000000E+01 2.68597221747E+03 1.96029664252E+01 2.65558814925E+03 1.55322786212E+01 2.67578848474E+03 2.65534046165E+01 2.62983400923E+03 1.44919927780E+01 2.71163820520E+03 2.09235498875E+01 2.70987272644E+03 2.62161283293E+01 2.64794849748E+03 1.90175567082E+01 
6.90000000000E+01 6.95000000000E+01 7.00000000000E+01 2.59640415279E+03 2.13392076319E+01 2.54985418316E+03 1.59002284540E+01 2.60790752934E+03 3.03653050237E+01 2.53729946731E+03 1.58508332402E+01 2.61630890322E+03 2.14851565457E+01 2.62861295190E+03 2.98287223070E+01 2.58042860200E+03 2.17187320487E+01 
7.00000000000E+01 7.05000000000E+01 7.10000000000E+01 2.52833608086E+03 2.17084508576E+01 2.46625659551E+03 1.56683944207E+01 2.45440861574E+03 2.77546696322E+01 2.46888922446E+03 1.61971029049E+01 2.50950597957E+03 2.09740166529E+01 2.51906035685E+03 2.88796496325E+01 2.45391572857E+03 1.99778403048E+01 
7.10000000000E+01 7.15000000000E+01 7.20000000000E+01 2.73602085707E+03 2.75960402973E+01 2.55387982574E+03 2.14782001019E+01 2.89805894369E+03 3.72227116563E+01 2.60591096442E+03 2.05344763945E+01 2.68342185928E+03 2.78053816415E+01 2.88332818750E+03 3.84853909650E+01 2.74093134705E+03 2.68929528510E+01 
7.20000000000E+01 7.25000000000E+01 7.30000000000E+01 2.37141777829E+03 2.08119673621E+01 2.32124765570E+03 1.53570969813E+01 2.45350257703E+03 2.81827632070E+01 2.30379795156E+03 1.53022582261E+01 2.38170595978E+03 2.08855668064E+01 2.42972606314E+03 2.91780456565E+01 2.38372034139E+03 2.01024070552E+01 
7.30000000000E+01 7.35000000000E+01 7.40000000000E+01 2.22553022083E+03 1.79969582733E+01 2.19835328043E+03 1.38654196761E+01 2.28352392541E+03 2.51096060411E+01 2.16547459394E+03 1.33150360291E+01 2.24466941758E+03 1.80197887119E+01 2.27988010657E+03 2.60850426049E+01 2.24882556021E+03 1.86097234210E+01 
7.40000000000E+01 7.45000000000E+01 7.50000000000E+01 2.18330360269E+03 1.63178506551E+01 2.16465795533E+03 1.28361290930E+01 2.21453803171E+03 2.27599946516E+01 2.12606454949E+03 1.22977218183E+01 2.22222074822E+03 1.69990123396E+01 2.20952054610E+03 2.27304475147E+01 2.17039331106E+03 1.63661512528E+01 
7.50000000000E+01 7.55000000000E+01 7.60000000000E+01 2.10437561350E+03 1.52528661417E+01 2.06005720527E+03 1.14841190747E+01 2.13143852284E+03 2.09329064370E+01 2.04108983665E+03 1.13848327501E+01 2.11525957745E+03 1.53116427816E+01 2.13888489016E+03 2.11907018302E+01 2.09198712372E+03 1.50793108986E+01 
7.60000000000E+01 7.65000000000E+01 7.70000000000E+01 1.93450933298E+03 2.06405035042E+01 1.92823810313E+03 1.54253164760E+01 1.94614694294E+03 2.74297074397E+01 1.89112369267E+03 1.54049737137E+01 1.95624214174E+03 2.07040631854E+01 1.94225074967E+03 2.87792741925E+01 1.93459625359E+03 1.97839982237E+01 
7.70000000000E+01 7.75000000000E+01 7.80000000000E+01 2.11309096183E+03 2.12213274319E+01 2.03207594876E+03 1.25709677094E+01 2.23652340007E+03 2.94383364142E+01 2.00962938943E+03 1.23021827962E+01 2.13453665931E+03 2.17505505545E+01 2.20380290175E+03 2.99890437468E+01 2.12644898754E+03 2.07157190429E+01 
7.80000000000E+01 7.85000000000E+01 7.90000000000E+01 1.90449479531E+03 1.90590108127E+01 1.83113405808E+03 1.27063052068E+01 1.96192406768E+03 2.52689442031E+01 1.81886677280E+03 1.30954918660E+01 1.92655604967E+03 1.79748946780E+01 1.95327310242E+03 2.66307638892E+01 1.90635130400E+03 1.80262121481E+01 
7.90000000000E+01 7.95000000000E+01 8.00000000000E+01 1.70637959979E+03 1.47363697366E+01 1.70885281910E+03 1.09843406350E+01 1.69276647126E+03 2.10141722180E+01 1.69532292334E+03 1.08518740013E+01 1.71603183739E+03 1.48854195076E+01 1.68635595336E+03 2.05531457424E+01 1.70124690204E+03 1.50559866454E+01 
8.00000000000E+01 8.05000000000E+01 8.10000000000E+01 1.68675683045E+03 1.52170389009E+01 1.65979043371E+03 1.10213736912E+01 1.69882988630E+03 2.02127535024E+01 1.65653787336E+03 1.13915224870E+01 1.68837709248E+03 1.47705604099E+01 1.68350426029E+03 2.10227782401E+01 1.69021663329E+03 1.45009621253E+01 
8.10000000000E+01 8.15000000000E+01 8.20000000000E+01 1.65449773289E+03 1.41211204683E+01 1.63531438097E+03 1.09545926913E+01 1.65953045555E+03 1.93796148417E+01 1.61043546309E+03 1.06261965111E+01 1.67291056386E+03 1.46702750351E+01 1.65174148064E+03 1.96967660659E+01 1.64513818027E+03 1.39588162522E+01 
8.20000000000E+01 8.25000000000E+01 8.30000000000E+01 1.73006791134E+03 1.46085551563E+01 1.66281244612E+03 1.09461925696E+01 1.79937497181E+03 2.00215174847E+01 1.65676999157E+03 1.08659364087E+01 1.73130981822E+03 1.47102585415E+01 1.80056381346E+03 2.03556670425E+01 1.72559361702E+03 1.43240996256E+01 
8.30000000000E+01 8.35000000000E+01 8.40000000000E+01 1.43596623527E+03 1.39156886200E+01 1.45956277878E+03 1.12500237311E+01 1.41257259647E+03 2.03412746630E+01 1.43640392057E+03 1.02696399920E+01 1.49814617623E+03 1.51777709419E+01 1.42829285334E+03 1.97035609399E+01 1.44848995347E+03 1.48666919491E+01 
8.40000000000E+01 8.45000000000E+01 8.50000000000E+01 1.40934165202E+03 1.42569496324E+01 1.39830793187E+03 9.41290277797E+00 1.39839853184E+03 1.96222954517E+01 1.38572499669E+03 1.00021238494E+01 1.39982417835E+03 1.26543272720E+01 1.37025534680E+03 1.87211874829E+01 1.39562419513E+03 1.21149545347E+01 
8.50000000000E+01 8.55000000000E+01 8.60000000000E+01 1.32204694543E+03 1.79228086730E+01 1.29332158289E+03 1.37201831523E+01 1.29193768705E+03 2.54822987498E+01 1.32035662985E+03 1.31297189463E+01 1.31438428284E+03 1.75934121216E+01 1.28556966753E+03 2.53724466857E+01 1.32340413815E+03 1.79809970654E+01 
8.60000000000E+01 8.65000000000E+01 8.70000000000E+01 1.50177180128E+03 1.83396145437E+01 1.45351880562E+03 1.34597384829E+01 1.54332384962E+03 2.58281778366E+01 1.43855841084E+03 1.35423121514E+01 1.51232739054E+03 1.83218902200E+01 1.54962843389E+03 2.59713515262E+01 1.48560928370E+03 1.83192982941E+01 
8.70000000000E+01 8.75000000000E+01 8.80000000000E+01 1.47890005312E+03 1.58808650507E+01 1.41766436590E+03 1.17481321700E+01 1.56473319330E+03 2.17361875214E+01 1.40018149790E+03 1.16911784774E+01 1.48361598436E+03 1.57958416463E+01 1.54922171622E+03 2.21885612965E+01 1.47353158222E+03 1.53983825989E+01 
8.80000000000E+01 8.85000000000E+01 8.90000000000E+01 1.32768585506E+03 1.12642534542E+01 1.29871259356E+03 8.45711531509E+00 1.38587310016E+03 1.55457001694E+01 1.29090236042E+03 8.43287560888E+00 1.33802002371E+03 1.13404049168E+01 1.35501704639E+03 1.57836936990E+01 1.35077181710E+03 1.11297943573E+01 
8.90000000000E+01 8.95000000000E+01 9.00000000000E+01 1.26610140003E+03 1.07211653255E+01 1.22661710752E+03 8.02566038505E+00 1.28110889877E+03 1.49788358239E+01 1.22937603257E+03 7.98885105190E+00 1.25916623712E+03 1.07467426147E+01 1.28308036173E+03 1.50904881460E+01 1.25603496484E+03 1.06798752202E+01 
9.00000000000E+01 9.05000000000E+01 9.10000000000E+01 1.19208870938E+03 1.14073324116E+01 1.19150547594E+03 8.37435219762E+00 1.20920262060E+03 1.61831217726E+01 1.17146626769E+03 8.54244088960E+00 1.21667831568E+03 1.12338978928E+01 1.19314797618E+03 1.59654547704E+01 1.20117536900E+03 1.16496819126E+01 
9.10000000000E+01 9.15000000000E+01 9.20000000000E+01 1.18079043327E+03 2.24632637687E+01 1.19110632679E+03 1.59158041527E+01 1.18094637290E+03 3.11857529998E+01 1.15375516222E+03 1.67662256830E+01 1.18873764653E+03 2.24541744776E+01 1.17712044506E+03 3.12800121560E+01 1.18341623772E+03 2.24462507748E+01 
9.20000000000E+01 9.25000000000E+01 9.30000000000E+01 1.05562001001E+03 1.06344260770E+01 1.03752802437E+03 8.62640842425E+00 1.05752761190E+03 1.47142256696E+01 1.03893229452E+03 8.56856304051E+00 1.03821644721E+03 1.17802361714E+01 1.05851405388E+03 1.45221608473E+01 1.05363689154E+03 1.13809573159E+01 
9.30000000000E+01 9.35000000000E+01 9.40000000000E+01 1.10035357405E+03 1.13016327989E+01 1.07303601814E+03 7.73125847454E+00 1.11016265352E+03 1.57339012618E+01 1.07551117083E+03 8.52296592224E+00 1.10277377646E+03 1.05291065994E+01 1.11208293520E+03 1.57686897632E+01 1.10488928267E+03 1.14582960052E+01 
9.40000000000E+01 9.45000000000E+01 9.50000000000E+01 1.11903081267E+03 1.14681758615E+01 1.08236031033E+03 8.42598669333E+00 1.11874829134E+03 1.45187326572E+01 1.07536144835E+03 8.55327456837E+00 1.12200819835E+03 1.12661289796E+01 1.16131219373E+03 1.59366322911E+01 1.08510166831E+03 1.04605255439E+01 
9.50000000000E+01 9.55000000000E+01 9.60000000000E+01 9.07660612251E+02 1.25077450792E+01 9.25775564624E+02 8.92911233967E+00 8.50897587150E+02 1.80246389390E+01 9.08231278319E+02 9.36877056514E+00 9.26535956740E+02 1.20297804374E+01 8.70859767260E+02 1.76033119863E+01 8.82369949812E+02 1.28773205045E+01 
9.60000000000E+01 9.65000000000E+01 9.70000000000E+01 9.73633180740E+02 1.03841630469E+01 9.39706804350E+02 8.24822978350E+00 9.47885050028E+02 1.64658705918E+01 9.34206157910E+02 8.12778327995E+00 9.78127215788E+02 1.05861325830E+01 9.38166296646E+02 1.57784610540E+01 9.49833950166E+02 1.12316010263E+01 
9.70000000000E+01 9.75000000000E+01 9.80000000000E+01 9.13949744392E+02 9.75296220992E+00 9.03975606248E+02 8.53807378765E+00 8.72589482307E+02 1.58384739584E+01 9.07010136345E+02 7.49483732070E+00 9.28930038463E+02 1.00467834574E+01 9.07221742785E+02 1.35818646898E+01 8.89093023504E+02 1.11304205091E+01 
9.80000000000E+01 9.85000000000E+01 9.90000000000E+01 9.60524996525E+02 9.13318136050E+00 9.39277398131E+02 6.64566136769E+00 9.74870643118E+02 1.30563255138E+01 9.28610201132E+02 6.77430701561E+00 9.70158283708E+02 8.96139833807E+00 9.85250489441E+02 1.27998495699E+01 9.56543864224E+02 9.23150045385E+00 
9.90000000000E+01 9.95000000000E+01 1.00000000000E+02 8.76996697620E+02 1.01708094900E+01 8.61975357135E+02 7.32758085633E+00 8.75293206741E+02 1.40475140231E+01 8.58525397469E+02 7.53968589113E+00 8.77978976580E+02 9.87792066378E+00 8.77164841473E+02 1.44538836457E+01 8.71687607424E+02 1.01065052976E+01 
#nx: 3
