#labels: ptz__-1p0__-0p75_lower[1] ptz__-1p0__-0p75_center[2] ptz__-1p0__-0p75_upper[3] tot_scale01[4] tot_scale01_Err[5] tot_scale02[6] tot_scale02_Err[7] tot_scale03[8] tot_scale03_Err[9] tot_scale04[10] tot_scale04_Err[11] tot_scale05[12] tot_scale05_Err[13] tot_scale06[14] tot_scale06_Err[15] tot_scale07[16] tot_scale07_Err[17]
#neval: 1540618346601
#overflow:lower center upper 1.43963835566E+03 2.61410785610E+00 1.42537732776E+03 1.99948597734E+00 1.42871636105E+03 3.65602607553E+00 1.42038502021E+03 1.96043854762E+00 1.44650772395E+03 2.67336684319E+00 1.43356715451E+03 3.63352483491E+00 1.43840658351E+03 2.63646569936E+00 
0.00000000000E+00 5.00000000000E-01 1.00000000000E+00 0.00000000000E+00 0.00000000000E+00 0.00000000000E+00 0.00000000000E+00 0.00000000000E+00 0.00000000000E+00 0.00000000000E+00 0.00000000000E+00 0.00000000000E+00 0.00000000000E+00 0.00000000000E+00 0.00000000000E+00 0.00000000000E+00 0.00000000000E+00 
1.00000000000E+00 1.50000000000E+00 2.00000000000E+00 -9.06887503517E+03 1.56420475873E+02 -6.69055847725E+03 1.32304579433E+02 -1.11053261290E+04 2.06223031214E+02 -4.70463703356E+03 1.16591075623E+02 -1.17164042782E+04 1.77247536651E+02 -1.37735380963E+04 2.18485788676E+02 -6.90459238583E+03 1.48724536166E+02 
2.00000000000E+00 2.50000000000E+00 3.00000000000E+00 1.89102233014E+03 8.53698920834E+01 3.51588164285E+03 7.08698607944E+01 5.28047200684E+02 1.06838864361E+02 3.95432718698E+03 6.44592531329E+01 1.16186869341E+03 9.15554249662E+01 -4.02393652791E+02 1.20952815179E+02 2.60821978331E+03 7.81702292478E+01 
3.00000000000E+00 3.50000000000E+00 4.00000000000E+00 4.10191037303E+03 5.78968520430E+01 5.03436566054E+03 4.72635646559E+01 3.16650022255E+03 7.27864563114E+01 5.20401537762E+03 4.33778304753E+01 3.76299508034E+03 6.32138592064E+01 2.66369370982E+03 8.02237712318E+01 4.40548453420E+03 5.16022743706E+01 
4.00000000000E+00 4.50000000000E+00 5.00000000000E+00 4.03020177437E+03 5.70459518371E+01 4.69179918021E+03 4.68076250158E+01 3.09691235726E+03 7.76690742865E+01 4.77197401990E+03 4.25117419632E+01 3.81506235448E+03 6.27273767083E+01 2.99886106716E+03 7.93626733256E+01 4.02835535568E+03 5.59566543443E+01 
5.00000000000E+00 5.50000000000E+00 6.00000000000E+00 4.05982844149E+03 4.16781869402E+01 4.50605338347E+03 3.42023871111E+01 3.57744628454E+03 5.22671712358E+01 4.49625616719E+03 3.10958948173E+01 3.96865304814E+03 4.57853203484E+01 3.39768129212E+03 5.79362059109E+01 4.12287663023E+03 3.77029145376E+01 
6.00000000000E+00 6.50000000000E+00 7.00000000000E+00 4.14056935090E+03 2.94435014168E+01 4.32289475107E+03 2.41020397133E+01 3.89356667026E+03 3.71131055731E+01 4.33243720680E+03 2.21066862311E+01 4.04187458127E+03 3.21796303213E+01 3.82807905014E+03 4.09289001562E+01 4.13133932571E+03 2.68477258572E+01 
7.00000000000E+00 7.50000000000E+00 8.00000000000E+00 3.44204965982E+03 3.16291470059E+01 3.71223314424E+03 2.68226985841E+01 3.09019979825E+03 3.89895722536E+01 3.64693133564E+03 2.36211794347E+01 3.46537599429E+03 3.59287858538E+01 3.03580323279E+03 4.49818299001E+01 3.39310650620E+03 2.84243358424E+01 
8.00000000000E+00 8.50000000000E+00 9.00000000000E+00 3.38971913543E+03 3.07550761855E+01 3.51752005827E+03 2.53433884155E+01 3.31340145117E+03 3.89854217042E+01 3.46489166668E+03 2.30631596898E+01 3.42212552946E+03 3.39160858019E+01 3.26992269303E+03 4.27921525254E+01 3.30754159436E+03 2.59181907458E+01 
9.00000000000E+00 9.50000000000E+00 1.00000000000E+01 2.92409281616E+03 1.92057076760E+01 3.04603817613E+03 1.51673608093E+01 2.71307353268E+03 2.71883161264E+01 3.00105474228E+03 1.44136684977E+01 2.92527687596E+03 2.01509460920E+01 2.77891066743E+03 2.61119639298E+01 2.84486065879E+03 1.97570230231E+01 
1.00000000000E+01 1.05000000000E+01 1.10000000000E+01 2.69159589035E+03 2.11221575669E+01 2.78695949365E+03 1.70037298242E+01 2.67003502337E+03 2.26123030164E+01 2.71514003020E+03 1.58117557331E+01 2.69494511758E+03 2.23346621304E+01 2.57024448537E+03 2.87918367747E+01 2.68087032750E+03 1.59448167277E+01 
1.10000000000E+01 1.15000000000E+01 1.20000000000E+01 2.35694606947E+03 1.74327057952E+01 2.45233208603E+03 1.43245361010E+01 2.29123699687E+03 2.21187002081E+01 2.40266701487E+03 1.30677773109E+01 2.37454270514E+03 1.90245004065E+01 2.24983068868E+03 2.41723026172E+01 2.31135753648E+03 1.54492414049E+01 
1.20000000000E+01 1.25000000000E+01 1.30000000000E+01 2.35775339328E+03 1.46680599983E+01 2.37595709466E+03 1.18930610811E+01 2.33794040777E+03 1.87578630562E+01 2.33313062794E+03 1.10214207367E+01 2.37656916329E+03 1.58251997864E+01 2.36178361442E+03 2.02884933900E+01 2.30845921814E+03 1.35742826255E+01 
1.30000000000E+01 1.35000000000E+01 1.40000000000E+01 1.95236719824E+03 1.37874682581E+01 1.99979068207E+03 1.13777462673E+01 1.89190468967E+03 1.71025773330E+01 1.96805448628E+03 1.06057498378E+01 1.95112387353E+03 1.51141152933E+01 1.87632565890E+03 1.90531973710E+01 1.92358385591E+03 1.32751293649E+01 
1.40000000000E+01 1.45000000000E+01 1.50000000000E+01 1.76728645924E+03 1.26956030220E+01 1.81307347269E+03 1.02107978384E+01 1.70088663644E+03 1.59433866861E+01 1.78964587348E+03 9.52959736843E+00 1.77336002776E+03 1.35905353577E+01 1.69727232673E+03 1.75687081100E+01 1.74445166531E+03 1.15292208415E+01 
1.50000000000E+01 1.55000000000E+01 1.60000000000E+01 1.70482749342E+03 1.25914012120E+01 1.72513473863E+03 1.03053413421E+01 1.67353702844E+03 1.62536394027E+01 1.69941960692E+03 9.43724385300E+00 1.71076475879E+03 1.37962110154E+01 1.69338276540E+03 1.75471194433E+01 1.67176176605E+03 1.17347112819E+01 
1.60000000000E+01 1.65000000000E+01 1.70000000000E+01 1.51424747004E+03 1.25410256471E+01 1.55261995852E+03 1.02812204076E+01 1.50419445686E+03 1.58289809321E+01 1.53019475732E+03 9.43874014188E+00 1.52511118280E+03 1.36609595984E+01 1.46554484658E+03 1.73066634832E+01 1.51965755481E+03 1.14642368004E+01 
1.70000000000E+01 1.75000000000E+01 1.80000000000E+01 1.42637789691E+03 1.05501235931E+01 1.46085817424E+03 8.65696131448E+00 1.39977238627E+03 1.28344560384E+01 1.42236200716E+03 7.97401900720E+00 1.45526752787E+03 1.14699807649E+01 1.40899495492E+03 1.44733809221E+01 1.40874764392E+03 9.65994052290E+00 
1.80000000000E+01 1.85000000000E+01 1.90000000000E+01 1.45909274050E+03 9.62461426046E+00 1.45345680071E+03 7.75471233177E+00 1.47904984026E+03 1.27228117379E+01 1.42385132660E+03 7.27041854340E+00 1.47997539630E+03 1.02645292361E+01 1.48406276054E+03 1.32462009498E+01 1.43330869790E+03 9.22278863958E+00 
1.90000000000E+01 1.95000000000E+01 2.00000000000E+01 1.23540583206E+03 8.92587577000E+00 1.25051711090E+03 7.08727021606E+00 1.23897791699E+03 1.03148745814E+01 1.22463557232E+03 6.72047427580E+00 1.25569124013E+03 9.43620354844E+00 1.23753876857E+03 1.21994793639E+01 1.22964196198E+03 7.45732027214E+00 
2.00000000000E+01 2.05000000000E+01 2.10000000000E+01 1.16895032150E+03 9.04201843106E+00 1.19768883009E+03 7.35043709091E+00 1.15677022972E+03 1.14641995170E+01 1.16153151291E+03 6.79375074394E+00 1.20910864782E+03 9.77480841138E+00 1.17202042843E+03 1.24785564821E+01 1.15261422000E+03 8.28824560771E+00 
2.10000000000E+01 2.15000000000E+01 2.20000000000E+01 1.17409001235E+03 7.59436526330E+00 1.16336150578E+03 6.11348698456E+00 1.19821756023E+03 9.77408243337E+00 1.13955075302E+03 5.70198634382E+00 1.19182478275E+03 8.11400820815E+00 1.20656078094E+03 1.04936536274E+01 1.15551728440E+03 7.07636785478E+00 
2.20000000000E+01 2.25000000000E+01 2.30000000000E+01 1.00202731474E+03 8.02636211407E+00 9.93973882645E+02 5.96900239092E+00 9.87699379444E+02 1.01567613936E+01 9.92631081004E+02 6.02801069185E+00 9.89236638596E+02 7.92377945029E+00 9.89105334228E+02 1.10895392846E+01 9.96849723852E+02 6.99240055827E+00 
2.30000000000E+01 2.35000000000E+01 2.40000000000E+01 9.42681578744E+02 6.36281131913E+00 9.53567387303E+02 5.12250347618E+00 9.35030893517E+02 8.27005442988E+00 9.28781072901E+02 4.83766212764E+00 9.60910686339E+02 6.72803891405E+00 9.39041290756E+02 8.79351891851E+00 9.28819368344E+02 5.97422487511E+00 
2.40000000000E+01 2.45000000000E+01 2.50000000000E+01 9.17426157112E+02 6.35683753294E+00 9.19508933479E+02 5.12834153565E+00 9.13390290424E+02 8.11974399024E+00 8.97751631287E+02 4.80266227337E+00 9.30092925197E+02 6.76014700695E+00 9.23694560497E+02 8.74337239490E+00 8.94275208889E+02 5.75443477171E+00 
2.50000000000E+01 2.55000000000E+01 2.60000000000E+01 8.36587199598E+02 6.06458103247E+00 8.34771882175E+02 4.83000830194E+00 8.36305190674E+02 7.82456610929E+00 8.24545421880E+02 4.59055907055E+00 8.39129975654E+02 6.40047058878E+00 8.33650334834E+02 8.38841422038E+00 8.25130785368E+02 5.69910468213E+00 
2.60000000000E+01 2.65000000000E+01 2.70000000000E+01 7.91264981187E+02 5.59157852397E+00 7.91900835143E+02 4.47391805013E+00 7.88295909672E+02 6.83931189210E+00 7.80511311335E+02 4.21984739057E+00 7.98315289545E+02 5.91119451435E+00 7.82268775125E+02 7.71110970173E+00 7.76409672054E+02 5.01263053362E+00 
2.70000000000E+01 2.75000000000E+01 2.80000000000E+01 7.76417091031E+02 5.17972613707E+00 7.79970047061E+02 4.16817001578E+00 7.81547761648E+02 6.54192131181E+00 7.55117205149E+02 3.93974858457E+00 7.98742341237E+02 5.47990035714E+00 7.89275031729E+02 7.07808920807E+00 7.60177409020E+02 4.74189501546E+00 
2.80000000000E+01 2.85000000000E+01 2.90000000000E+01 6.95498274962E+02 4.94708267225E+00 6.91501983939E+02 4.08059896655E+00 6.99858040861E+02 6.36599549399E+00 6.83631852567E+02 3.75251040981E+00 6.97783921145E+02 5.38221653032E+00 6.99042381893E+02 6.77943923162E+00 6.88463481073E+02 4.64031083267E+00 
2.90000000000E+01 2.95000000000E+01 3.00000000000E+01 6.69793804810E+02 5.25948512636E+00 6.74156860236E+02 4.24369974751E+00 6.65883375374E+02 6.61544561034E+00 6.57487590447E+02 3.96238335468E+00 6.83450011726E+02 5.62794243711E+00 6.75685033164E+02 7.24048084395E+00 6.58023618824E+02 4.80280412894E+00 
3.00000000000E+01 3.05000000000E+01 3.10000000000E+01 6.03671226456E+02 4.24755770728E+00 6.08392683219E+02 3.44032428345E+00 5.91705125399E+02 5.46201648999E+00 6.00098872309E+02 3.23198753254E+00 6.05743171747E+02 4.53233699207E+00 5.94828599554E+02 5.82716686476E+00 5.96205691433E+02 3.98983681955E+00 
3.10000000000E+01 3.15000000000E+01 3.20000000000E+01 6.53280310396E+02 5.26932742464E+00 6.36416142936E+02 4.24952043182E+00 6.78709422411E+02 6.74068654409E+00 6.26988981089E+02 3.98652580921E+00 6.63464647112E+02 5.59329013196E+00 6.84301146514E+02 7.24675957192E+00 6.43585505283E+02 4.90079972192E+00 
3.20000000000E+01 3.25000000000E+01 3.30000000000E+01 5.62329232204E+02 4.60909349764E+00 5.57861790836E+02 3.74054975201E+00 5.62564224080E+02 5.99203642985E+00 5.52445037423E+02 3.50229062586E+00 5.66805581221E+02 4.88200528009E+00 5.66272542711E+02 6.32383714627E+00 5.52421683454E+02 4.37543357350E+00 
3.30000000000E+01 3.35000000000E+01 3.40000000000E+01 5.61896129834E+02 4.09939727224E+00 5.54393934529E+02 3.23059727043E+00 5.74827934161E+02 5.40309072217E+00 5.42892803842E+02 3.08912716279E+00 5.71745694874E+02 4.35550085147E+00 5.81431294045E+02 5.66365764414E+00 5.52483929775E+02 3.93054118670E+00 
3.40000000000E+01 3.45000000000E+01 3.50000000000E+01 5.38787697302E+02 4.09747353076E+00 5.33484432395E+02 3.29754216374E+00 5.46822037514E+02 5.39043465781E+00 5.20203820021E+02 3.12177396420E+00 5.48280196837E+02 4.32939006207E+00 5.54024357626E+02 5.65976335099E+00 5.28204695134E+02 3.92749213305E+00 
3.50000000000E+01 3.55000000000E+01 3.60000000000E+01 4.56946184723E+02 4.12855434012E+00 4.58359355745E+02 3.31667670456E+00 4.57721254461E+02 5.26933930176E+00 4.53162172120E+02 3.14942765952E+00 4.62221092287E+02 4.34784489808E+00 4.54913782409E+02 5.61187629759E+00 4.53577220517E+02 3.87377882697E+00 
3.60000000000E+01 3.65000000000E+01 3.70000000000E+01 4.70517772118E+02 4.56918796229E+00 4.71438579605E+02 3.65866438804E+00 4.72020236907E+02 5.86149537076E+00 4.59699207700E+02 3.43465878249E+00 4.82660158703E+02 4.87351427372E+00 4.80340364449E+02 6.29150998980E+00 4.62231121063E+02 4.22741552864E+00 
3.70000000000E+01 3.75000000000E+01 3.80000000000E+01 4.24689050406E+02 3.61247050956E+00 4.28692862298E+02 2.84482446970E+00 4.13725748011E+02 4.76981279027E+00 4.17308307142E+02 2.73793449293E+00 4.33453591675E+02 3.72478141305E+00 4.22861287450E+02 5.01269243432E+00 4.12453819215E+02 3.46560507118E+00 
3.80000000000E+01 3.85000000000E+01 3.90000000000E+01 4.37048952187E+02 3.33185867116E+00 4.21207315395E+02 2.64097332517E+00 4.38635073194E+02 4.25339306759E+00 4.17970892089E+02 2.51226568818E+00 4.34687280311E+02 3.49105892144E+00 4.53651968445E+02 4.56961946359E+00 4.21986455769E+02 3.11372459755E+00 
3.90000000000E+01 3.95000000000E+01 4.00000000000E+01 4.30769342287E+02 3.17101509461E+00 4.21876785002E+02 2.55038569087E+00 4.39877010559E+02 4.07751111983E+00 4.13911036529E+02 2.41354614637E+00 4.36128169952E+02 3.32163359186E+00 4.45512433986E+02 4.39260407218E+00 4.21815066266E+02 3.03856683294E+00 
4.00000000000E+01 4.05000000000E+01 4.10000000000E+01 3.62736919195E+02 3.17951011616E+00 3.64424468199E+02 2.55986777096E+00 3.60658063612E+02 4.16138696417E+00 3.56998548579E+02 2.43019749788E+00 3.70593311225E+02 3.34635921952E+00 3.60507882055E+02 4.36052537959E+00 3.55227112958E+02 3.03562188095E+00 
4.10000000000E+01 4.15000000000E+01 4.20000000000E+01 3.48119206340E+02 3.06805369720E+00 3.47108368526E+02 2.44949071205E+00 3.50903509084E+02 3.85660143990E+00 3.41367694766E+02 2.34486718052E+00 3.51845759549E+02 3.20184848603E+00 3.52162580696E+02 4.19804065180E+00 3.44079175543E+02 2.86845030474E+00 
4.20000000000E+01 4.25000000000E+01 4.30000000000E+01 3.95463799806E+02 3.30313273749E+00 3.83190110679E+02 2.62734603105E+00 4.14893621104E+02 4.30799421925E+00 3.73410288566E+02 2.50743048088E+00 4.05400146458E+02 3.48282508188E+00 4.20532290011E+02 4.54629074267E+00 3.88426910647E+02 3.13249120296E+00 
4.30000000000E+01 4.35000000000E+01 4.40000000000E+01 3.23389412046E+02 2.96455148654E+00 3.22732235496E+02 2.40097053370E+00 3.15292116786E+02 3.91315299463E+00 3.17749811724E+02 2.24216107675E+00 3.26181159830E+02 3.15743239305E+00 3.25226411510E+02 4.07551997581E+00 3.13425086186E+02 2.85209015816E+00 
4.40000000000E+01 4.45000000000E+01 4.50000000000E+01 3.21949552842E+02 2.46058432986E+00 3.19236739064E+02 1.94633758786E+00 3.23032391427E+02 3.18348117035E+00 3.13090002847E+02 1.87567461957E+00 3.28072359119E+02 2.54476315858E+00 3.30648900196E+02 3.35687429314E+00 3.16668877389E+02 2.33816934178E+00 
4.50000000000E+01 4.55000000000E+01 4.60000000000E+01 2.89525431949E+02 2.66062718935E+00 2.88570635330E+02 2.10655234269E+00 2.92302007206E+02 3.54373532425E+00 2.84488217652E+02 2.03894929982E+00 2.93661733500E+02 2.74759038466E+00 2.93944874479E+02 3.61209673959E+00 2.83403023775E+02 2.58452408574E+00 
4.60000000000E+01 4.65000000000E+01 4.70000000000E+01 2.75660981072E+02 2.55682692682E+00 2.72730131109E+02 2.04263107488E+00 2.73402230752E+02 3.40131198379E+00 2.68741271291E+02 1.95108122349E+00 2.77406648421E+02 2.65433742089E+00 2.76936977270E+02 3.45863598634E+00 2.67617547837E+02 2.48063841178E+00 
4.70000000000E+01 4.75000000000E+01 4.80000000000E+01 2.87858534841E+02 2.59275383335E+00 2.85504540058E+02 2.05692948213E+00 2.85815212696E+02 3.24586303896E+00 2.79695948843E+02 1.98488741445E+00 2.94762435665E+02 2.70203041547E+00 2.94362197035E+02 3.55619198251E+00 2.79789123272E+02 2.36860137145E+00 
4.80000000000E+01 4.85000000000E+01 4.90000000000E+01 2.46584534929E+02 2.31752465871E+00 2.43241566116E+02 1.86998262962E+00 2.47007676320E+02 3.17307138941E+00 2.40134890722E+02 1.78918622973E+00 2.47486164171E+02 2.46257189369E+00 2.48594993879E+02 3.15752760215E+00 2.43754017765E+02 2.30404957698E+00 
4.90000000000E+01 4.95000000000E+01 5.00000000000E+01 2.41201174579E+02 2.26071619746E+00 2.41605891865E+02 1.79806044892E+00 2.43481467484E+02 2.93233025421E+00 2.39492908154E+02 1.74526549510E+00 2.43623975858E+02 2.35286733767E+00 2.42790017268E+02 3.04051789673E+00 2.39711356164E+02 2.15665156961E+00 
5.00000000000E+01 5.05000000000E+01 5.10000000000E+01 2.30564153783E+02 2.34056720785E+00 2.32563491153E+02 1.85443621180E+00 2.26825109938E+02 3.18399244283E+00 2.26647910833E+02 1.79009747461E+00 2.35289119784E+02 2.43464798199E+00 2.27437316326E+02 3.18947893280E+00 2.26923252934E+02 2.29686916813E+00 
5.10000000000E+01 5.15000000000E+01 5.20000000000E+01 2.35077259066E+02 2.23087771453E+00 2.28923223017E+02 1.79289365858E+00 2.36944299361E+02 2.94570992062E+00 2.28011805360E+02 1.71107305611E+00 2.32983390782E+02 2.35653638748E+00 2.39430334543E+02 3.01742315322E+00 2.31792757319E+02 2.14066318732E+00 
5.20000000000E+01 5.25000000000E+01 5.30000000000E+01 2.20478820292E+02 2.06817477269E+00 2.18279247887E+02 1.69288778631E+00 2.21352702795E+02 2.75870150629E+00 2.14687940729E+02 1.54779624915E+00 2.22058638581E+02 2.21850019191E+00 2.22377696709E+02 2.80376467526E+00 2.18112751871E+02 2.05134086713E+00 
5.30000000000E+01 5.35000000000E+01 5.40000000000E+01 2.04996789623E+02 2.13098639026E+00 2.05982894617E+02 1.67907887230E+00 2.06086544282E+02 2.75630657880E+00 2.02490693315E+02 1.61772185709E+00 2.09773515033E+02 2.19091805616E+00 2.07949027619E+02 2.91276488572E+00 2.02299179384E+02 2.02168893278E+00 
5.40000000000E+01 5.45000000000E+01 5.50000000000E+01 1.93301465628E+02 2.39564889934E+00 1.92106698356E+02 1.88562587475E+00 1.87355525032E+02 3.26705479395E+00 1.88628534592E+02 1.80952324320E+00 1.94397275854E+02 2.45844511733E+00 1.90596736698E+02 3.47469103919E+00 1.86374817697E+02 2.38588992428E+00 
5.50000000000E+01 5.55000000000E+01 5.60000000000E+01 2.10465085953E+02 5.65011956640E+00 2.03967829525E+02 4.37656210592E+00 2.15542223978E+02 7.32681912203E+00 1.98597851964E+02 4.16812028964E+00 2.14698579969E+02 5.88278219906E+00 2.18778609378E+02 7.74159483758E+00 2.03071935672E+02 5.23539949684E+00 
5.60000000000E+01 5.65000000000E+01 5.70000000000E+01 1.75322377525E+02 2.16339136370E+00 1.77898291195E+02 1.71579813332E+00 1.75933840230E+02 2.80178720630E+00 1.73879710354E+02 1.66458578257E+00 1.80381868641E+02 2.22032798850E+00 1.75750047969E+02 2.90408154425E+00 1.75675808299E+02 2.07929715119E+00 
5.70000000000E+01 5.75000000000E+01 5.80000000000E+01 1.95815844542E+02 1.77652354519E+00 1.90694816458E+02 1.42257049244E+00 2.02936622619E+02 2.31608135196E+00 1.87940615308E+02 1.36976396300E+00 1.99756872056E+02 1.85782237861E+00 2.06464601137E+02 2.41895010711E+00 1.91672375452E+02 1.70260857646E+00 
5.80000000000E+01 5.85000000000E+01 5.90000000000E+01 1.66277584248E+02 2.23283627306E+00 1.64308786202E+02 1.77462624764E+00 1.66128924189E+02 2.89294925984E+00 1.62255510824E+02 1.72325847296E+00 1.66747547036E+02 2.28774724029E+00 1.65335449840E+02 2.97201037903E+00 1.63390531117E+02 2.14836110811E+00 
5.90000000000E+01 5.95000000000E+01 6.00000000000E+01 1.45800338638E+02 2.26080683596E+00 1.48509666351E+02 1.80636750940E+00 1.40884686529E+02 2.94486442441E+00 1.45222964875E+02 1.75838057873E+00 1.47682494583E+02 2.32564710565E+00 1.41070717574E+02 3.04403302165E+00 1.45821222350E+02 2.19373865329E+00 
6.00000000000E+01 6.05000000000E+01 6.10000000000E+01 1.51110142738E+02 1.63807484794E+00 1.48964325325E+02 1.33022415872E+00 1.51367126343E+02 2.16565607324E+00 1.49555262449E+02 1.24389204299E+00 1.49441072755E+02 1.70795225749E+00 1.51250707586E+02 2.23180858026E+00 1.49856310645E+02 1.57542515926E+00 
6.10000000000E+01 6.15000000000E+01 6.20000000000E+01 1.52059347950E+02 1.62367574071E+00 1.52244772874E+02 1.30680943947E+00 1.46641368601E+02 2.06114234302E+00 1.49480570515E+02 1.24751375557E+00 1.54252133577E+02 1.68109031368E+00 1.54926394963E+02 2.22158704362E+00 1.45780726511E+02 1.51612723403E+00 
6.20000000000E+01 6.25000000000E+01 6.30000000000E+01 1.44493024100E+02 1.68360386002E+00 1.40210539978E+02 1.31656626622E+00 1.48375417345E+02 2.20493795159E+00 1.40088873560E+02 1.28380571906E+00 1.42931479721E+02 1.71629965464E+00 1.46386589975E+02 2.29996614892E+00 1.46033901355E+02 1.61921952105E+00 
6.30000000000E+01 6.35000000000E+01 6.40000000000E+01 1.29398972347E+02 1.55382482687E+00 1.32260809180E+02 1.23619227854E+00 1.22926874599E+02 2.03458483747E+00 1.29289261397E+02 1.19946100185E+00 1.32370030344E+02 1.60244170187E+00 1.26474560360E+02 2.10067138879E+00 1.26116572533E+02 1.50171936666E+00 
6.40000000000E+01 6.45000000000E+01 6.50000000000E+01 1.42140554002E+02 1.58409354064E+00 1.35393423069E+02 1.23618518793E+00 1.43985364369E+02 2.10038769772E+00 1.36079913221E+02 1.21026904039E+00 1.40613837005E+02 1.62456034058E+00 1.48357175451E+02 2.16825944529E+00 1.38569581475E+02 1.53387148385E+00 
6.50000000000E+01 6.55000000000E+01 6.60000000000E+01 1.26949987819E+02 1.42700614438E+00 1.24007901493E+02 1.16700273769E+00 1.29386181261E+02 1.90531142887E+00 1.23704245609E+02 1.10351872203E+00 1.26868963891E+02 1.51220176189E+00 1.29900501448E+02 1.94266693958E+00 1.25895780472E+02 1.39367643289E+00 
6.60000000000E+01 6.65000000000E+01 6.70000000000E+01 1.22545039763E+02 1.44876439361E+00 1.25433607653E+02 1.15828764355E+00 1.24972504402E+02 1.85062393117E+00 1.21995945929E+02 1.12443864788E+00 1.27392166261E+02 1.48812883495E+00 1.25184930348E+02 1.92366264777E+00 1.23135395287E+02 1.38500077091E+00 
6.70000000000E+01 6.75000000000E+01 6.80000000000E+01 1.28710992076E+02 1.38830537469E+00 1.24515178716E+02 1.10536879600E+00 1.35343039007E+02 1.86303389636E+00 1.23511404415E+02 1.05918953850E+00 1.27167814168E+02 1.46640079472E+00 1.33184704809E+02 1.90637534285E+00 1.30088816247E+02 1.36405043567E+00 
6.80000000000E+01 6.85000000000E+01 6.90000000000E+01 1.08053917224E+02 1.85674369647E+00 1.08392801362E+02 1.45754679959E+00 1.07183110598E+02 2.39455962318E+00 1.07061629800E+02 1.41279986168E+00 1.08510381577E+02 1.91517274094E+00 1.06172354504E+02 2.53574939245E+00 1.07902898944E+02 1.75458639254E+00 
6.90000000000E+01 6.95000000000E+01 7.00000000000E+01 1.13601252314E+02 1.28859074596E+00 1.12213871768E+02 1.02361023658E+00 1.15255595515E+02 1.72889848252E+00 1.09570069284E+02 9.96040655634E-01 1.16135796274E+02 1.31454907201E+00 1.15507168847E+02 1.72237751813E+00 1.12312735384E+02 1.28736526020E+00 
7.00000000000E+01 7.05000000000E+01 7.10000000000E+01 1.13731989224E+02 1.31214117301E+00 1.11031707631E+02 1.05805065176E+00 1.13593340576E+02 1.73044980470E+00 1.09408615178E+02 1.01613853785E+00 1.15346194146E+02 1.35801499042E+00 1.18098893359E+02 1.76067504476E+00 1.10567563875E+02 1.27912523705E+00 
7.10000000000E+01 7.15000000000E+01 7.20000000000E+01 1.01213822780E+02 1.31527153817E+00 9.94193423444E+01 1.03244361819E+00 1.03050387390E+02 1.72411554870E+00 9.90710128475E+01 1.01183220797E+00 1.01183072022E+02 1.33771247362E+00 1.00904715593E+02 1.78142092908E+00 1.00851844087E+02 1.27265601580E+00 
7.20000000000E+01 7.25000000000E+01 7.30000000000E+01 1.05323717960E+02 1.31825463478E+00 1.04042380032E+02 1.03640003179E+00 1.09820004944E+02 1.73493937315E+00 1.02372949761E+02 1.01235516693E+00 1.08153270084E+02 1.32068833421E+00 1.09861963380E+02 1.80449840676E+00 1.05705564024E+02 1.27794626684E+00 
7.30000000000E+01 7.35000000000E+01 7.40000000000E+01 9.27398120785E+01 1.40237699101E+00 9.27897035593E+01 1.13753831787E+00 9.10055814875E+01 1.86379558735E+00 9.09176170175E+01 1.10613495216E+00 9.38320766764E+01 1.43836796761E+00 9.26302995506E+01 1.86569676790E+00 9.10535196631E+01 1.39585395412E+00 
7.40000000000E+01 7.45000000000E+01 7.50000000000E+01 8.80516488365E+01 1.08731916811E+00 8.91209235509E+01 8.54467375267E-01 8.67095175725E+01 1.46589210566E+00 8.68458997295E+01 8.02200196509E-01 9.02165462079E+01 1.11437890769E+00 8.75761314638E+01 1.48877319483E+00 8.74158303086E+01 1.06894811420E+00 
7.50000000000E+01 7.55000000000E+01 7.60000000000E+01 9.73917082979E+01 1.05740823469E+00 9.36193112688E+01 8.30195982921E-01 1.00143783394E+02 1.41022691564E+00 9.29032618140E+01 8.01214796899E-01 9.73717165738E+01 1.09089886368E+00 1.02342100645E+02 1.44782041409E+00 9.66483382084E+01 1.02147030955E+00 
7.60000000000E+01 7.65000000000E+01 7.70000000000E+01 8.24494700526E+01 1.03717140646E+00 8.24817460201E+01 8.16477234090E-01 8.05962906417E+01 1.40631074272E+00 8.08023696954E+01 8.00119653304E-01 8.41631860885E+01 1.05663955744E+00 8.01085279893E+01 1.45220631811E+00 8.07005529232E+01 1.03156160253E+00 
7.70000000000E+01 7.75000000000E+01 7.80000000000E+01 8.54054057866E+01 1.15604455938E+00 8.38938595131E+01 8.92894052207E-01 8.68243958790E+01 1.51876518864E+00 8.26081725927E+01 8.92349864225E-01 8.68175320336E+01 1.14296836835E+00 8.86487580815E+01 1.55485858317E+00 8.49722804776E+01 1.12830343829E+00 
7.80000000000E+01 7.85000000000E+01 7.90000000000E+01 8.32476203758E+01 1.09144792667E+00 8.27231972152E+01 8.13937882374E-01 8.48121407942E+01 1.48506162976E+00 8.03413746899E+01 8.43075091988E-01 8.44626811058E+01 1.12092418273E+00 8.51117346478E+01 1.46317548658E+00 8.35073984884E+01 1.09632921514E+00 
7.90000000000E+01 7.95000000000E+01 8.00000000000E+01 8.02554255647E+01 1.01059114856E+00 7.87872041729E+01 7.92963046906E-01 7.80004024501E+01 1.36508913498E+00 7.82015759151E+01 7.94859206820E-01 8.07803535986E+01 1.03085212783E+00 8.04854441597E+01 1.36816489847E+00 7.78835305098E+01 9.94658932587E-01 
8.00000000000E+01 8.05000000000E+01 8.10000000000E+01 7.30010904582E+01 1.14781713815E+00 7.22259652938E+01 8.49430053253E-01 7.33711709900E+01 1.49797531405E+00 7.04241285787E+01 8.39736044654E-01 7.26120160261E+01 1.09520043151E+00 7.22826313100E+01 1.53723831184E+00 7.34791072018E+01 1.11595040487E+00 
8.10000000000E+01 8.15000000000E+01 8.20000000000E+01 7.38384851837E+01 1.07356310149E+00 7.11855674888E+01 8.46166729516E-01 7.64732679134E+01 1.49145520362E+00 7.00431791672E+01 8.21770451532E-01 7.29871756371E+01 1.09650424876E+00 7.53019919310E+01 1.44276727313E+00 7.26188221366E+01 1.11880329475E+00 
8.20000000000E+01 8.25000000000E+01 8.30000000000E+01 7.45361827599E+01 9.05696528142E-01 7.32004345212E+01 7.09927530198E-01 7.53486885467E+01 1.21207156078E+00 7.26817712355E+01 6.99060900537E-01 7.62929546209E+01 9.25562554312E-01 7.87108492473E+01 1.26615084299E+00 7.33242878539E+01 8.89139650309E-01 
8.30000000000E+01 8.35000000000E+01 8.40000000000E+01 6.06216162274E+01 9.22716228546E-01 6.25222884453E+01 7.00863808790E-01 6.08556234741E+01 1.26595831264E+00 6.08004017143E+01 6.85927616321E-01 6.24897929820E+01 9.06557643934E-01 5.92744839756E+01 1.24736978262E+00 6.13032847761E+01 9.31856466524E-01 
8.40000000000E+01 8.45000000000E+01 8.50000000000E+01 5.75140813329E+01 9.27959789952E-01 6.18603110162E+01 6.96544361570E-01 5.32344672966E+01 1.24011156659E+00 5.88916433833E+01 7.02602294683E-01 6.14486822509E+01 9.10790033100E-01 5.35717399594E+01 1.27959875538E+00 5.67250075407E+01 9.06648668360E-01 
8.50000000000E+01 8.55000000000E+01 8.60000000000E+01 2.23483467761E+01 9.85017801967E+00 2.91554434468E+01 7.95759508231E+00 9.80726858203E+00 1.24924877893E+01 2.97917366131E+01 7.68306794305E+00 2.04675836233E+01 1.02015762731E+01 7.49018687878E+00 1.30632634748E+01 2.26268108131E+01 9.41415978622E+00 
8.60000000000E+01 8.65000000000E+01 8.70000000000E+01 1.02343854068E+02 9.84123353624E+00 9.41987603213E+01 7.95221008968E+00 7.26679126913E+01 1.02591635936E+00 9.21756236859E+01 7.67889425765E+00 1.04914972978E+02 1.01922664613E+01 7.26801920428E+01 1.03085065554E+00 6.81131670742E+01 7.48724152046E-01 
8.70000000000E+01 8.75000000000E+01 8.80000000000E+01 6.21644096222E+01 8.18381692930E-01 6.04274900036E+01 6.37003504024E-01 6.35521905876E+01 1.08247617372E+00 6.03579467428E+01 6.22171882765E-01 6.15114232662E+01 8.25727577168E-01 6.34690847518E+01 1.10276701667E+00 6.16101659528E+01 8.01509566550E-01 
8.80000000000E+01 8.85000000000E+01 8.90000000000E+01 5.71881714966E+01 7.84165366321E-01 5.52806439723E+01 6.21968621378E-01 5.72343257312E+01 1.03001365473E+00 5.49843318363E+01 6.03512038929E-01 5.68545515481E+01 8.08198782887E-01 5.85797530203E+01 1.04546826347E+00 5.60006624918E+01 7.63674476833E-01 
8.90000000000E+01 8.95000000000E+01 9.00000000000E+01 5.16587049210E+01 7.89472397200E-01 5.10649996493E+01 6.10481700310E-01 4.80643550894E+01 1.01239434380E+00 5.05664091276E+01 5.90159197248E-01 5.07181374644E+01 7.95112598582E-01 4.75399455735E+01 1.02970784985E+00 5.03666436673E+01 7.51104028366E-01 
9.00000000000E+01 9.05000000000E+01 9.10000000000E+01 5.18424189155E+01 8.01198370870E-01 5.00838968260E+01 7.42091466016E-01 5.45230594912E+01 1.07467585261E+00 5.02875605461E+01 6.35388259950E-01 5.11347150854E+01 8.45338747328E-01 5.17719036331E+01 9.78280516627E-01 5.41415462617E+01 7.98457278811E-01 
9.10000000000E+01 9.15000000000E+01 9.20000000000E+01 5.68432596613E+01 9.11607362793E-01 5.57707602100E+01 7.19603861856E-01 5.66597071503E+01 1.22258279712E+00 5.46690850575E+01 7.09177880223E-01 5.81585760190E+01 9.23590758374E-01 5.78019432816E+01 1.24536115259E+00 5.46565358800E+01 9.11505280641E-01 
9.20000000000E+01 9.25000000000E+01 9.30000000000E+01 4.91775958320E+01 7.70303176692E-01 4.74817454551E+01 6.01317659602E-01 5.01248696560E+01 1.00358535852E+00 4.71454237974E+01 5.96883472787E-01 4.86230524608E+01 7.71591346677E-01 4.99734188893E+01 1.03386843346E+00 4.84422020302E+01 7.49234991864E-01 
9.30000000000E+01 9.35000000000E+01 9.40000000000E+01 4.16639186112E+01 6.69162654101E-01 4.24495994513E+01 5.24708772182E-01 3.82603792076E+01 8.73635710162E-01 4.22339015531E+01 5.13090760342E-01 4.24137482042E+01 6.78972475976E-01 3.97106005334E+01 9.05342095784E-01 4.05452224100E+01 6.54386940080E-01 
9.40000000000E+01 9.45000000000E+01 9.50000000000E+01 4.72233313266E+01 6.81446031135E-01 4.55129878486E+01 5.40061936755E-01 4.79148596467E+01 9.03661732342E-01 4.57789273240E+01 5.28078839436E-01 4.71274726408E+01 6.99669374517E-01 4.85806106724E+01 9.10194650001E-01 4.61077334227E+01 6.66293386152E-01 
9.50000000000E+01 9.55000000000E+01 9.60000000000E+01 4.34605857366E+01 6.82256796274E-01 4.31611239744E+01 5.30726663912E-01 4.30678748276E+01 8.89489888942E-01 4.29052588739E+01 5.29852332819E-01 4.40960009351E+01 6.83926479635E-01 4.21476668256E+01 9.08237749349E-01 4.34861221599E+01 6.59186851286E-01 
9.60000000000E+01 9.65000000000E+01 9.70000000000E+01 4.59562520518E+01 6.96920003920E-01 4.45265292833E+01 5.32637478849E-01 4.92471156519E+01 8.41986407708E-01 4.46429762307E+01 5.31953414766E-01 4.60608439678E+01 6.89945962312E-01 4.72991624781E+01 9.18413388807E-01 4.73794440220E+01 6.21422544356E-01 
9.70000000000E+01 9.75000000000E+01 9.80000000000E+01 3.89790980763E+01 7.47938450223E-01 4.03266011804E+01 6.11912996521E-01 4.35019552712E+01 8.84406033734E-01 3.96360764313E+01 5.86778450878E-01 4.01494824973E+01 7.79747005013E-01 3.95606892750E+01 1.04601419081E+00 4.31857814061E+01 6.53404847066E-01 
9.80000000000E+01 9.85000000000E+01 9.90000000000E+01 3.99228255555E+01 7.60727844851E-01 3.88593098905E+01 6.22189275029E-01 3.83208654908E+01 1.01506109474E+00 3.82424276055E+01 6.06564138268E-01 3.94017522163E+01 7.96609201304E-01 4.03196375431E+01 1.02346287937E+00 3.86174968926E+01 7.56093629718E-01 
9.90000000000E+01 9.95000000000E+01 1.00000000000E+02 4.32034541552E+01 5.95366017097E-01 4.06852541059E+01 4.54796732171E-01 4.49986945370E+01 7.98684802584E-01 4.11554046838E+01 4.59710735622E-01 4.29895293414E+01 5.98094360877E-01 4.54513346728E+01 8.09457886902E-01 4.32684558080E+01 5.84767966986E-01 
#nx: 3
