#labels: ptz__-5p0__-4p0_lower[1] ptz__-5p0__-4p0_center[2] ptz__-5p0__-4p0_upper[3] tot_scale01[4] tot_scale01_Err[5] tot_scale02[6] tot_scale02_Err[7] tot_scale03[8] tot_scale03_Err[9] tot_scale04[10] tot_scale04_Err[11] tot_scale05[12] tot_scale05_Err[13] tot_scale06[14] tot_scale06_Err[15] tot_scale07[16] tot_scale07_Err[17]
#neval: 862104527401
#overflow:lower center upper 3.83905440544E+00 3.67894128895E-02 3.65076008048E+00 2.76043664697E-02 4.03143779638E+00 5.11911793841E-02 3.73393110394E+00 2.94988366807E-02 3.85063745494E+00 3.20276798736E-02 3.97538336564E+00 4.48393197256E-02 3.95006731158E+00 4.17933252545E-02 
0.00000000000E+00 5.00000000000E-01 1.00000000000E+00 0.00000000000E+00 0.00000000000E+00 0.00000000000E+00 0.00000000000E+00 0.00000000000E+00 0.00000000000E+00 0.00000000000E+00 0.00000000000E+00 0.00000000000E+00 0.00000000000E+00 0.00000000000E+00 0.00000000000E+00 0.00000000000E+00 0.00000000000E+00 
1.00000000000E+00 1.50000000000E+00 2.00000000000E+00 1.63373199099E+03 1.04590121739E+02 2.91010017577E+03 7.81581342695E+01 -2.85280832985E+02 1.51872343650E+02 2.91673843482E+03 7.81377934304E+01 1.48007634761E+03 1.04559983102E+02 -8.90959126204E+01 1.45302513394E+02 1.23280465282E+03 1.12025624614E+02 
2.00000000000E+00 2.50000000000E+00 3.00000000000E+00 3.00995881833E+03 6.87391124121E+01 3.51202568273E+03 5.34361487692E+01 2.49601264098E+03 9.50741549634E+01 3.38975319285E+03 5.13009532020E+01 3.11526594512E+03 7.16712621434E+01 2.54301800033E+03 9.89336882624E+01 2.97043023771E+03 6.82410817976E+01 
3.00000000000E+00 3.50000000000E+00 4.00000000000E+00 2.94166973056E+03 4.92925034388E+01 3.07084473163E+03 3.65819155478E+01 2.78642834504E+03 6.73703200419E+01 3.00411417453E+03 3.67484702903E+01 2.98428466947E+03 4.90307699216E+01 2.82102919795E+03 6.86404555565E+01 2.85686885877E+03 4.83197615714E+01 
4.00000000000E+00 4.50000000000E+00 5.00000000000E+00 2.20132332542E+03 3.24932649814E+01 2.29266171811E+03 2.46037075158E+01 2.09577257677E+03 5.08368856761E+01 2.24276953960E+03 2.43956708798E+01 2.22080169934E+03 3.28432387766E+01 2.06903551423E+03 4.51840598655E+01 2.18570592609E+03 3.65086978428E+01 
5.00000000000E+00 5.50000000000E+00 6.00000000000E+00 1.77066690046E+03 3.75187608261E+01 1.82968383340E+03 2.98290486825E+01 1.66291167495E+03 5.13420304617E+01 1.80674556850E+03 2.76634366733E+01 1.78104651668E+03 3.99143786707E+01 1.69622962040E+03 5.24023845251E+01 1.72455127886E+03 3.68070399150E+01 
6.00000000000E+00 6.50000000000E+00 7.00000000000E+00 1.57125222546E+03 2.17283815318E+01 1.61749735933E+03 1.66198853439E+01 1.51571118791E+03 3.06987118294E+01 1.55604221980E+03 1.62009756957E+01 1.63049000616E+03 2.21214724343E+01 1.55422682730E+03 3.07207839197E+01 1.50925926050E+03 2.19930312666E+01 
7.00000000000E+00 7.50000000000E+00 8.00000000000E+00 1.32791777441E+03 2.08657689195E+01 1.33903967773E+03 1.65907691038E+01 1.31803093441E+03 3.02751902529E+01 1.30260054773E+03 1.55928687148E+01 1.35866823166E+03 2.21892184368E+01 1.34129608582E+03 2.89801448480E+01 1.31096149318E+03 2.18322974221E+01 
8.00000000000E+00 8.50000000000E+00 9.00000000000E+00 1.34300687901E+03 1.76822284645E+01 1.28483901250E+03 1.33805426345E+01 1.40868314742E+03 2.40692618716E+01 1.26175423611E+03 1.32102923816E+01 1.36232633635E+03 1.79102946805E+01 1.44570326154E+03 2.45826112918E+01 1.30648411654E+03 1.72940119417E+01 
9.00000000000E+00 9.50000000000E+00 1.00000000000E+01 9.45781398396E+02 2.43561389002E+01 9.55664835375E+02 1.86071595070E+01 9.13279522284E+02 3.27336605217E+01 9.29621810869E+02 1.81567803827E+01 9.71406616691E+02 2.49825826034E+01 9.52768549135E+02 3.38256443625E+01 9.13295618753E+02 2.35411670536E+01 
1.00000000000E+01 1.05000000000E+01 1.10000000000E+01 8.95952806494E+02 1.32173023568E+01 8.70214980057E+02 9.92765167365E+00 9.06575163575E+02 1.87688365372E+01 8.60338336101E+02 9.87167873374E+00 9.04912776924E+02 1.32739739591E+01 9.34340293564E+02 1.83773396556E+01 8.69516047666E+02 1.35010752905E+01 
1.10000000000E+01 1.15000000000E+01 1.20000000000E+01 8.17601441318E+02 1.09244501901E+01 7.77738929081E+02 7.77189158272E+00 8.61966254649E+02 1.47550298942E+01 7.76570263124E+02 7.96392034811E+00 8.15648570372E+02 1.02884181614E+01 8.65462149085E+02 1.51754078063E+01 8.09539666329E+02 1.06287666367E+01 
1.20000000000E+01 1.25000000000E+01 1.30000000000E+01 5.90017287820E+02 1.09276220774E+01 5.97641209052E+02 8.12341268702E+00 5.67589089903E+02 1.52387205368E+01 5.82898474210E+02 8.18357214588E+00 5.93793804237E+02 1.05964895488E+01 5.68189597181E+02 1.48186176030E+01 5.84799355536E+02 1.03648698487E+01 
1.30000000000E+01 1.35000000000E+01 1.40000000000E+01 6.82948680156E+02 9.80269657047E+00 6.37635773423E+02 7.27772395861E+00 7.46943911432E+02 1.27177276674E+01 6.35247241828E+02 7.35499698598E+00 6.84468310143E+02 9.67941191569E+00 7.42569389713E+02 1.35714277158E+01 6.82772862504E+02 9.18698516660E+00 
1.40000000000E+01 1.45000000000E+01 1.50000000000E+01 4.46856173002E+02 7.07605813045E+00 4.46636818165E+02 5.50780020722E+00 4.45406307007E+02 1.01649276563E+01 4.41635938561E+02 5.35332064383E+00 4.51195163458E+02 7.07622324129E+00 4.45619180000E+02 9.62677082971E+00 4.43859679189E+02 7.42289583042E+00 
1.50000000000E+01 1.55000000000E+01 1.60000000000E+01 4.31616185506E+02 7.38100862748E+00 4.22741537648E+02 5.47879056349E+00 4.26639330478E+02 1.03592895320E+01 4.20260862767E+02 5.52046500507E+00 4.31370617233E+02 7.33140717196E+00 4.32682694500E+02 1.02772008600E+01 4.22712665040E+02 7.45573754556E+00 
1.60000000000E+01 1.65000000000E+01 1.70000000000E+01 4.04134804555E+02 5.48253351323E+00 3.98606953671E+02 4.03775453315E+00 4.07592072137E+02 7.48711621292E+00 3.85042788690E+02 4.11082077971E+00 4.18721440227E+02 5.34272503937E+00 4.20896174779E+02 7.56325013327E+00 3.90290361069E+02 5.43635038904E+00 
1.70000000000E+01 1.75000000000E+01 1.80000000000E+01 3.56188131535E+02 5.54463337264E+00 3.47163691436E+02 4.17935106861E+00 3.67636114617E+02 7.83270850503E+00 3.41781324390E+02 4.18668007981E+00 3.59755360343E+02 5.51948113114E+00 3.70163678687E+02 7.64608976636E+00 3.52629766260E+02 5.68022166723E+00 
1.80000000000E+01 1.85000000000E+01 1.90000000000E+01 2.90134927677E+02 6.55043635860E+00 2.96809182029E+02 5.13148048060E+00 2.98433466475E+02 9.49940510321E+00 2.86418103701E+02 4.89456128954E+00 2.99950178131E+02 6.89859156725E+00 2.87393434925E+02 9.07838861140E+00 2.95486058974E+02 6.84469761131E+00 
1.90000000000E+01 1.95000000000E+01 2.00000000000E+01 2.49469456340E+02 6.66825625064E+00 2.69003239430E+02 4.47604940931E+00 2.34797524411E+02 9.36742773609E+00 2.48873781748E+02 4.97188955736E+00 2.75528411791E+02 5.99644105968E+00 2.42802415888E+02 9.30550652858E+00 2.42642870608E+02 6.71165201937E+00 
2.00000000000E+01 2.05000000000E+01 2.10000000000E+01 2.41536198251E+02 5.48513999336E+00 2.37333978414E+02 4.03326395218E+00 2.28269307398E+02 8.17857497550E+00 2.40459475065E+02 4.02324814475E+00 2.50289259069E+02 5.20645914448E+00 2.42497805417E+02 7.62501702737E+00 2.30254916073E+02 5.82652400025E+00 
2.10000000000E+01 2.15000000000E+01 2.20000000000E+01 2.35263942236E+02 4.45074419259E+00 2.26812030936E+02 3.37604156242E+00 2.44973288706E+02 6.34791244141E+00 2.28448863499E+02 3.33720956400E+00 2.33080553440E+02 4.49896385642E+00 2.27638885030E+02 5.72517256520E+00 2.37516862395E+02 4.55554204084E+00 
2.20000000000E+01 2.25000000000E+01 2.30000000000E+01 2.01665312319E+02 5.60945450221E+00 2.08533166912E+02 2.70231866336E+00 2.00845530702E+02 6.70023473975E+00 1.96110069800E+02 4.19148156622E+00 2.15308265144E+02 3.59547058493E+00 2.05049638412E+02 7.79366610333E+00 1.97659946598E+02 4.84935416222E+00 
2.30000000000E+01 2.35000000000E+01 2.40000000000E+01 2.00527787247E+02 6.27299463726E+00 1.86787404265E+02 4.47173575640E+00 1.99478963138E+02 8.90066480370E+00 1.92527751637E+02 4.69079848738E+00 1.95603588176E+02 5.93251173465E+00 2.07476637596E+02 8.70528042679E+00 1.94155413591E+02 6.41294023664E+00 
2.40000000000E+01 2.45000000000E+01 2.50000000000E+01 1.50350145769E+02 4.07752494259E+00 1.50053796874E+02 3.03111109454E+00 1.52974373435E+02 5.70684686877E+00 1.48990996480E+02 3.07359929083E+00 1.50564898351E+02 4.01796807358E+00 1.47598885772E+02 5.62368812580E+00 1.53927528516E+02 4.12678180842E+00 
2.50000000000E+01 2.55000000000E+01 2.60000000000E+01 1.67368776061E+02 4.91108747584E+00 1.59718581860E+02 3.59408414849E+00 1.59031550766E+02 5.61661379648E+00 1.60010335756E+02 3.67813104932E+00 1.67650649131E+02 4.79090977637E+00 1.73581422997E+02 6.80833030572E+00 1.56385219405E+02 4.05966101828E+00 
2.60000000000E+01 2.65000000000E+01 2.70000000000E+01 1.52478717871E+02 2.72661731127E+00 1.47316124674E+02 1.94739265727E+00 1.60781385603E+02 3.98958379320E+00 1.46401044182E+02 1.98078665106E+00 1.53219090308E+02 2.67911735850E+00 1.61429393759E+02 3.77926132295E+00 1.54090136548E+02 2.77688000653E+00 
2.70000000000E+01 2.75000000000E+01 2.80000000000E+01 1.33602639995E+02 2.61831819456E+00 1.28565072639E+02 2.05331855419E+00 1.38884430887E+02 3.89720921523E+00 1.27034598927E+02 2.11277329578E+00 1.32695628878E+02 2.70139543037E+00 1.36715727975E+02 3.57908981378E+00 1.33954138418E+02 2.69143193956E+00 
2.80000000000E+01 2.85000000000E+01 2.90000000000E+01 1.36897009867E+02 3.02869321461E+00 1.29654541526E+02 2.21450091276E+00 1.38397029530E+02 3.71907285653E+00 1.27454844698E+02 2.29160267457E+00 1.38961305188E+02 2.92842366916E+00 1.47445652233E+02 4.17416021418E+00 1.30268564771E+02 2.70984196560E+00 
2.90000000000E+01 2.95000000000E+01 3.00000000000E+01 9.27495546630E+01 2.12916793906E+00 9.40037283346E+01 1.61129043930E+00 9.07100296460E+01 3.19438746289E+00 9.14707135356E+01 1.63355054909E+00 9.43841582517E+01 2.10754786140E+00 9.18726471534E+01 2.89656659172E+00 9.21372146096E+01 2.33453153949E+00 
3.00000000000E+01 3.05000000000E+01 3.10000000000E+01 9.82261406014E+01 2.80997446608E+00 1.00518484319E+02 2.07706966581E+00 9.69507879923E+01 3.93415481177E+00 9.62957704362E+01 2.11177688707E+00 1.03772669411E+02 2.75902303767E+00 9.78853628525E+01 3.88458585142E+00 9.74264567947E+01 2.84173242146E+00 
3.10000000000E+01 3.15000000000E+01 3.20000000000E+01 1.09880590056E+02 2.29507018109E+00 1.02121302780E+02 1.65479188269E+00 1.18539428019E+02 3.36839560904E+00 1.01154581411E+02 1.73403860672E+00 1.10707909731E+02 2.21246423277E+00 1.17067942477E+02 3.27143392711E+00 1.08871026838E+02 2.43575690918E+00 
3.20000000000E+01 3.25000000000E+01 3.30000000000E+01 9.46097557582E+01 2.16027805559E+00 8.80566035669E+01 1.59978042990E+00 1.00840365891E+02 3.03245638190E+00 8.84997740707E+01 1.63923339489E+00 9.45651222500E+01 2.10336308366E+00 1.01672861001E+02 2.98318300304E+00 9.38708682924E+01 2.20054947409E+00 
3.30000000000E+01 3.35000000000E+01 3.40000000000E+01 8.50602556747E+01 1.83724124611E+00 8.17329398132E+01 1.47071773817E+00 8.97059008612E+01 2.57181759709E+00 8.03469681586E+01 1.40024457520E+00 8.63417625235E+01 1.92951103888E+00 9.02926376679E+01 2.50128221518E+00 8.59816544868E+01 1.86928936908E+00 
3.40000000000E+01 3.45000000000E+01 3.50000000000E+01 6.25992847837E+01 2.17561590916E+00 6.51453013692E+01 1.60950289037E+00 5.73838275940E+01 3.08910601410E+00 6.30484420424E+01 1.62833176924E+00 6.50906697105E+01 2.14536542157E+00 5.97410433494E+01 3.03255187828E+00 6.10097082599E+01 2.22015175980E+00 
3.50000000000E+01 3.55000000000E+01 3.60000000000E+01 7.42170314049E+01 1.69712621055E+00 6.96010874655E+01 1.27700167902E+00 7.97363928929E+01 2.38281653037E+00 6.89994756436E+01 1.29269391617E+00 7.48879495760E+01 1.67272495641E+00 8.04056443618E+01 2.31962551597E+00 7.38815714742E+01 1.73937730834E+00 
3.60000000000E+01 3.65000000000E+01 3.70000000000E+01 6.94311755739E+01 2.24324973344E+00 6.48225950188E+01 1.63203043836E+00 6.70444321770E+01 3.09052198107E+00 6.50206754899E+01 1.68924610698E+00 6.72896442637E+01 2.18149747469E+00 7.47743192424E+01 3.09657678822E+00 6.41905444037E+01 2.23451245692E+00 
3.70000000000E+01 3.75000000000E+01 3.80000000000E+01 5.14143465345E+01 1.79084001401E+00 5.02596915028E+01 1.27654994140E+00 5.80564549668E+01 2.59155236540E+00 5.04523580419E+01 1.34159000894E+00 5.11491965719E+01 1.70398362702E+00 5.10094456001E+01 2.49886914183E+00 5.64930670905E+01 2.05882721718E+00 
3.80000000000E+01 3.85000000000E+01 3.90000000000E+01 6.09398819440E+01 1.53375690577E+00 4.92754179676E+01 1.73814048645E+00 6.59526447796E+01 2.18615519227E+00 5.68938873037E+01 1.15040997465E+00 5.04954920823E+01 2.43325953149E+00 6.56755579761E+01 2.13815280408E+00 6.10628626792E+01 1.56808409843E+00 
3.90000000000E+01 3.95000000000E+01 4.00000000000E+01 3.50488802115E+01 1.51156734441E+00 3.82726072585E+01 1.09545992276E+00 2.80826827228E+01 2.17313824307E+00 3.65791331841E+01 1.10946341613E+00 3.81676263211E+01 1.41922898486E+00 3.22573957918E+01 2.12341998367E+00 3.31405780113E+01 1.56420914153E+00 
4.00000000000E+01 4.05000000000E+01 4.10000000000E+01 4.42275225575E+01 1.22186502932E+00 4.08549725906E+01 9.03189241899E-01 4.85872840077E+01 1.73694601262E+00 4.14528206286E+01 9.22787025197E-01 4.25153715373E+01 1.19699024288E+00 4.62380246522E+01 1.68442751955E+00 4.57416501129E+01 1.26285993936E+00 
4.10000000000E+01 4.15000000000E+01 4.20000000000E+01 2.90277202830E+01 1.22830250028E+00 3.28367867396E+01 8.59483275437E-01 2.28933450316E+01 1.71188971027E+00 3.21705545980E+01 8.79185746766E-01 3.26131614349E+01 1.12305050462E+00 2.64037768058E+01 1.68432731448E+00 2.73545239559E+01 1.24317177770E+00 
4.20000000000E+01 4.25000000000E+01 4.30000000000E+01 3.22417073408E+01 1.08761389644E+00 3.21053777676E+01 7.95118774560E-01 3.39929896117E+01 1.54768524337E+00 3.17133178573E+01 8.35448887697E-01 3.38912843861E+01 1.01304117443E+00 3.23696845084E+01 1.48010962308E+00 3.36244589910E+01 1.13965636941E+00 
4.30000000000E+01 4.35000000000E+01 4.40000000000E+01 3.64187851939E+01 8.83924836744E-01 3.55937572340E+01 6.69043167095E-01 3.73580935078E+01 1.33486626649E+00 3.47263354627E+01 6.84757816656E-01 3.72728169866E+01 8.68055686816E-01 3.80612820594E+01 1.19485623615E+00 3.58113305223E+01 9.89472326037E-01 
4.40000000000E+01 4.45000000000E+01 4.50000000000E+01 3.11465403488E+01 8.98006978706E-01 2.89010794596E+01 6.51846276378E-01 3.50028468511E+01 1.31385134168E+00 2.96656386373E+01 6.80005206036E-01 3.00951429509E+01 8.58654379882E-01 3.24421501215E+01 1.23993848721E+00 3.29244287667E+01 9.48929030097E-01 
4.50000000000E+01 4.55000000000E+01 4.60000000000E+01 3.16675513375E+01 8.79693895299E-01 2.94831753414E+01 6.23125234942E-01 3.32633281717E+01 1.32114774935E+00 3.04306541019E+01 6.66819333264E-01 3.03814165650E+01 8.22795303113E-01 3.24039905592E+01 1.21966650158E+00 3.15265514543E+01 9.29090549300E-01 
4.60000000000E+01 4.65000000000E+01 4.70000000000E+01 2.49092726724E+01 8.37252375644E-01 2.56767190945E+01 6.24205576311E-01 2.40679411325E+01 1.19680399989E+00 2.40960606794E+01 6.41363563938E-01 2.66029744184E+01 8.05563963222E-01 2.51509053512E+01 1.14176954973E+00 2.41532600590E+01 8.74767447105E-01 
4.70000000000E+01 4.75000000000E+01 4.80000000000E+01 2.27942955067E+01 1.03220102465E+00 2.25989074208E+01 7.80043758800E-01 2.20354867317E+01 1.43467085672E+00 2.25447986002E+01 7.87125119591E-01 2.28065240593E+01 1.02026222915E+00 2.23249008274E+01 1.41110152625E+00 2.27892588862E+01 1.04733124705E+00 
4.80000000000E+01 4.85000000000E+01 4.90000000000E+01 2.32856610915E+01 8.93738479997E-01 2.21075624049E+01 6.74320250433E-01 1.98358814271E+01 1.15214256365E+00 2.24158534104E+01 6.85131451175E-01 2.29093236805E+01 8.77521682019E-01 2.38795658688E+01 1.21594210398E+00 2.22397193076E+01 9.20690062049E-01 
4.90000000000E+01 4.95000000000E+01 5.00000000000E+01 2.28690566274E+01 6.17988757632E-01 2.07698573919E+01 4.54447578782E-01 2.35935523803E+01 8.72345443796E-01 2.07978754187E+01 4.62558203994E-01 2.18915280094E+01 5.78894553510E-01 2.50646630004E+01 8.25841627381E-01 2.18848302184E+01 6.58004374305E-01 
5.00000000000E+01 5.05000000000E+01 5.10000000000E+01 1.98471378238E+01 6.23912633177E-01 1.96693175005E+01 4.62897974804E-01 2.09765892537E+01 8.46742324785E-01 1.93600664185E+01 4.74567064663E-01 2.02115457082E+01 6.05861904182E-01 1.95794708889E+01 8.63334838649E-01 2.00880196487E+01 6.60582873479E-01 
5.10000000000E+01 5.15000000000E+01 5.20000000000E+01 1.91472826924E+01 6.39509334259E-01 1.79310981726E+01 4.74394927942E-01 2.02628816249E+01 9.73173150706E-01 1.82547538210E+01 4.89858218658E-01 1.88707469871E+01 6.17472560004E-01 2.01517402910E+01 8.71552071985E-01 1.94711940123E+01 7.12985153338E-01 
5.20000000000E+01 5.25000000000E+01 5.30000000000E+01 1.61189421981E+01 6.10806159340E-01 1.53398751804E+01 4.54619436937E-01 1.56763732746E+01 8.63698703400E-01 1.54330840082E+01 4.73169876446E-01 1.61359970702E+01 5.98956722438E-01 1.70775453789E+01 8.36093411849E-01 1.62150749655E+01 6.78563508494E-01 
5.30000000000E+01 5.35000000000E+01 5.40000000000E+01 1.44216253316E+01 5.10476440315E-01 1.41161496801E+01 3.84543691899E-01 1.26047736886E+01 7.08321053220E-01 1.39322133326E+01 3.87404852318E-01 1.46142063782E+01 5.07506957052E-01 1.39147389838E+01 7.13786628251E-01 1.33853993117E+01 5.12086952828E-01 
5.40000000000E+01 5.45000000000E+01 5.50000000000E+01 1.33265079618E+01 4.36109001127E-01 1.29150154636E+01 3.32941654624E-01 1.21976090612E+01 6.70866311994E-01 1.28681477877E+01 3.42029693007E-01 1.31989719573E+01 4.23629601567E-01 1.34393838373E+01 5.87443183821E-01 1.25519429560E+01 4.87403690391E-01 
5.50000000000E+01 5.55000000000E+01 5.60000000000E+01 2.05943587637E+01 8.62783622597E-01 1.68378098543E+01 5.34753699103E-01 2.39490656579E+01 1.24508973596E+00 1.83985997911E+01 6.49282667770E-01 1.85063716519E+01 7.05102358417E-01 2.34779245045E+01 1.19296675160E+00 2.09865606364E+01 8.99541957670E-01 
5.60000000000E+01 5.65000000000E+01 5.70000000000E+01 9.32273077102E+00 4.42012448451E-01 9.63943927577E+00 3.35111322324E-01 8.47462064433E+00 6.43315910394E-01 9.60654732156E+00 3.45237320611E-01 9.63769456919E+00 4.21318059079E-01 8.52620673483E+00 5.92981306717E-01 9.36547924985E+00 4.76077890635E-01 
5.70000000000E+01 5.75000000000E+01 5.80000000000E+01 1.28401105285E+01 4.43370607796E-01 1.18138420893E+01 2.90655613835E-01 1.54820792113E+01 6.78833402253E-01 1.16400461282E+01 3.28492979408E-01 1.26065648033E+01 3.99768922669E-01 1.41511388438E+01 5.90834714485E-01 1.29009883859E+01 4.81631368965E-01 
5.80000000000E+01 5.85000000000E+01 5.90000000000E+01 5.38981549900E+00 4.22263048827E-01 6.21055324860E+00 3.10789902520E-01 3.82505087194E+00 6.18352118230E-01 6.09818388663E+00 3.22632033504E-01 5.67531922249E+00 4.02136805148E-01 4.09838335834E+00 5.77567784274E-01 5.22614773047E+00 4.49829467453E-01 
5.90000000000E+01 5.95000000000E+01 6.00000000000E+01 1.00503993239E+01 3.73627651012E-01 1.07080005210E+01 2.16937623096E-01 1.00410287983E+01 5.60399316932E-01 9.68153481706E+00 2.89671369818E-01 1.14718523388E+01 2.68044522819E-01 1.02894525635E+01 5.03933605428E-01 9.91617509349E+00 4.13162683166E-01 
6.00000000000E+01 6.05000000000E+01 6.10000000000E+01 8.44589555423E+00 3.60982188248E-01 7.97053237493E+00 2.66594298781E-01 8.03581628277E+00 5.47607169916E-01 8.08430516541E+00 2.80559998988E-01 8.30873821585E+00 3.36409114894E-01 8.48710474566E+00 4.85951186888E-01 8.13127200411E+00 4.02001512519E-01 
6.10000000000E+01 6.15000000000E+01 6.20000000000E+01 7.13191294366E+00 2.78502570451E-01 6.99939129113E+00 2.21658039986E-01 7.13808922961E+00 4.21481066514E-01 7.12587580499E+00 2.21676674711E-01 6.92772572704E+00 2.73245477072E-01 6.74380350427E+00 3.73683006099E-01 7.50793187022E+00 3.06489623133E-01 
6.20000000000E+01 6.25000000000E+01 6.30000000000E+01 1.17692285014E+01 3.27686932058E-01 1.04727962958E+01 2.44222466694E-01 1.34813541428E+01 4.69221488905E-01 1.05226227918E+01 2.52646597272E-01 1.17375539919E+01 3.14927204321E-01 1.34182139597E+01 4.45220774690E-01 1.18777735540E+01 3.43582007621E-01 
6.30000000000E+01 6.35000000000E+01 6.40000000000E+01 3.98927352937E+00 2.95645236901E-01 4.53463456599E+00 2.23427578719E-01 3.20728740595E+00 4.28928890260E-01 4.40631902997E+00 2.27714657112E-01 4.18018619204E+00 2.90492528324E-01 3.08656025516E+00 4.00986941739E-01 4.08572166658E+00 3.16298057333E-01 
6.40000000000E+01 6.45000000000E+01 6.50000000000E+01 6.96395650204E+00 2.32739684430E-01 6.79751640307E+00 1.72374236045E-01 7.37394413359E+00 3.57608011251E-01 6.55644325769E+00 1.80500322934E-01 7.23780826360E+00 2.21444382268E-01 7.45099503072E+00 3.36086611354E-01 6.83420340211E+00 2.65973274975E-01 
6.50000000000E+01 6.55000000000E+01 6.60000000000E+01 5.78739425261E+00 2.75828763107E-01 5.71668908691E+00 2.02356359774E-01 5.07388565682E+00 4.17253738617E-01 5.69386036101E+00 2.11351343039E-01 5.85233820088E+00 2.62405639578E-01 5.67959994290E+00 3.77779545324E-01 5.36762108617E+00 3.02730877190E-01 
6.60000000000E+01 6.65000000000E+01 6.70000000000E+01 5.74983655138E+00 2.75282314269E-01 5.52835206738E+00 2.04698245090E-01 5.85053937253E+00 4.00839787213E-01 5.59058885891E+00 2.07207559237E-01 5.69778430359E+00 2.67655032763E-01 5.78376695922E+00 3.76344198390E-01 5.89311010844E+00 2.84137576198E-01 
6.70000000000E+01 6.75000000000E+01 6.80000000000E+01 4.10979391600E+00 1.91680332830E-01 4.18997028352E+00 1.75481741607E-01 3.59386073731E+00 3.49642724384E-01 4.24275733968E+00 1.79082161006E-01 4.23345482669E+00 2.30289148063E-01 4.16144812059E+00 3.22222395891E-01 3.94339300228E+00 2.54891219778E-01 
6.80000000000E+01 6.85000000000E+01 6.90000000000E+01 5.41932347620E+00 1.77250519491E-01 4.77272787367E+00 1.32977391694E-01 5.92065003684E+00 2.66564517010E-01 4.90953819077E+00 1.39591174283E-01 5.14747536605E+00 1.71310333648E-01 5.95312585098E+00 2.46148408151E-01 5.37579224840E+00 1.94076748775E-01 
6.90000000000E+01 6.95000000000E+01 7.00000000000E+01 1.20261311681E+00 6.78932744419E-01 1.56683822899E+00 5.33412941612E-01 6.97969779233E-01 8.79534827646E-01 1.61253891261E+00 5.53553278842E-01 1.20687181194E+00 6.53390788322E-01 5.87994807789E-01 8.53709597073E-01 1.31397821815E+00 6.98741445563E-01 
7.00000000000E+01 7.05000000000E+01 7.10000000000E+01 4.27083409965E+00 1.79285244123E-01 4.17945539446E+00 1.34293639932E-01 4.55902648814E+00 2.58020602813E-01 4.18405050014E+00 1.40474377487E-01 4.39305649638E+00 1.71551310930E-01 4.36889077950E+00 2.40214394719E-01 4.43186515382E+00 1.91614005524E-01 
7.10000000000E+01 7.15000000000E+01 7.20000000000E+01 2.41681692712E+00 3.80901264514E-01 2.75612425221E+00 2.74676188624E-01 2.18021293699E+00 5.48199568562E-01 2.73171720797E+00 2.85811133998E-01 2.47512804319E+00 3.65533506196E-01 1.78256669935E+00 5.27041613096E-01 2.73339986263E+00 3.96033195071E-01 
7.20000000000E+01 7.25000000000E+01 7.30000000000E+01 3.58621047591E+00 1.34680630422E-01 3.58173136965E+00 1.04033988100E-01 3.73055691090E+00 1.95999430571E-01 3.62743946317E+00 1.08226174448E-01 3.80853681330E+00 1.32073831200E-01 3.76382335387E+00 1.81700432699E-01 3.68323045926E+00 1.46623218799E-01 
7.30000000000E+01 7.35000000000E+01 7.40000000000E+01 2.14255821136E+00 1.66974593286E-01 2.06756000388E+00 9.79227687502E-02 1.48088244974E+00 2.27404235423E-01 2.18628921711E+00 1.11365005398E-01 2.05270275587E+00 1.61929363282E-01 1.87470501843E+00 2.37316103978E-01 1.91943091591E+00 1.62474554345E-01 
7.40000000000E+01 7.45000000000E+01 7.50000000000E+01 4.17509558322E+00 1.59173332170E-01 3.74181651231E+00 1.18557167976E-01 4.71280319825E+00 2.34386015587E-01 3.77881932416E+00 1.24227893050E-01 4.14256698488E+00 1.57085523351E-01 4.61387975732E+00 2.20283268709E-01 4.23595759977E+00 1.69050797326E-01 
7.50000000000E+01 7.55000000000E+01 7.60000000000E+01 2.14039556938E+00 1.27243661356E-01 2.24212664174E+00 1.00937813357E-01 2.04880854990E+00 1.81045780908E-01 2.25778058401E+00 1.04523007965E-01 2.27153100318E+00 1.27862038129E-01 2.13164957033E+00 1.75659926428E-01 2.15228777619E+00 1.34745609479E-01 
7.60000000000E+01 7.65000000000E+01 7.70000000000E+01 2.01803571339E+00 1.21973801850E-01 1.97237988855E+00 9.45307939236E-02 1.92308511264E+00 1.85349427854E-01 1.91263984155E+00 9.68207787228E-02 1.94591131054E+00 1.20365515855E-01 2.08380628270E+00 1.66902492327E-01 2.02803557086E+00 1.35905618652E-01 
7.70000000000E+01 7.75000000000E+01 7.80000000000E+01 3.68557588247E+00 1.28837376177E-01 3.32245684535E+00 9.83616624764E-02 4.19153241085E+00 1.83462154226E-01 3.36160024064E+00 1.00486096877E-01 3.61626220806E+00 1.25051860616E-01 4.13110184461E+00 1.72702696126E-01 3.90092174235E+00 1.39874560368E-01 
7.80000000000E+01 7.85000000000E+01 7.90000000000E+01 1.91564245746E+00 1.35701504561E-01 1.77735247732E+00 1.01435228942E-01 1.99001779333E+00 1.96054424685E-01 1.83484615539E+00 1.05140276683E-01 1.85095289090E+00 1.30493276868E-01 2.01031368306E+00 1.81711998979E-01 1.91854028895E+00 1.45017108345E-01 
7.90000000000E+01 7.95000000000E+01 8.00000000000E+01 2.28756744231E+00 1.24875506864E-01 2.05006284829E+00 9.24210218423E-02 2.15839274620E+00 1.78263582769E-01 2.12517248523E+00 9.60532827056E-02 2.37301123371E+00 1.18205448956E-01 2.53685240547E+00 1.64019955799E-01 2.09774403547E+00 1.35050388655E-01 
8.00000000000E+01 8.05000000000E+01 8.10000000000E+01 1.24216584279E+00 8.86606127009E-02 1.10033417284E+00 7.84144509781E-02 9.65953228976E-01 1.38948838790E-01 1.28926383234E+00 6.92580196372E-02 1.01374635560E+00 1.01392854616E-01 1.20571727223E+00 1.18462625216E-01 1.15774948241E+00 1.02737851077E-01 
8.10000000000E+01 8.15000000000E+01 8.20000000000E+01 2.00980225239E+00 8.60430192548E-02 1.77150827767E+00 5.86585552215E-02 2.09438401478E+00 1.32412002059E-01 1.90418670098E+00 6.52904753677E-02 1.87085060715E+00 7.50070186076E-02 2.12616646485E+00 1.18466744248E-01 2.00631213295E+00 9.54320522740E-02 
8.20000000000E+01 8.25000000000E+01 8.30000000000E+01 1.65425389399E+00 8.06910631548E-02 1.60863167056E+00 5.83399636296E-02 1.77955457007E+00 1.23337788975E-01 1.55338430018E+00 6.23833311334E-02 1.73608787146E+00 7.40483992044E-02 1.77493830311E+00 1.11892669614E-01 1.66978522036E+00 8.92410304530E-02 
8.30000000000E+01 8.35000000000E+01 8.40000000000E+01 1.22542528038E+00 6.37093070383E-02 1.16228677348E+00 4.74938174092E-02 1.22651929887E+00 9.53600993600E-02 1.20879436349E+00 5.05127339729E-02 1.17224763479E+00 5.98296728785E-02 1.20770996589E+00 8.74689588250E-02 1.25189275027E+00 6.92190065971E-02 
8.40000000000E+01 8.45000000000E+01 8.50000000000E+01 -5.02537733627E-01 4.94500423671E-01 4.12123237711E-02 3.46061334128E-01 -1.16438772788E+00 7.35858807781E-01 -4.43334779889E-02 3.66657893902E-01 -4.57752433008E-01 4.64862864932E-01 -1.26126620693E+00 6.91141093698E-01 -4.13971078073E-01 5.26467740144E-01 
8.50000000000E+01 8.55000000000E+01 8.60000000000E+01 7.68406317685E-01 7.96309557653E-02 8.17576668552E-01 5.67040326378E-02 7.05077787609E-01 1.21948011595E-01 8.11895681831E-01 6.21327353564E-02 7.83432363942E-01 7.25060152577E-02 6.67147164773E-01 1.06424657995E-01 7.71585832669E-01 9.01707281945E-02 
8.60000000000E+01 8.65000000000E+01 8.70000000000E+01 1.26458425710E+00 6.24132052935E-02 1.20868018512E+00 4.66911982718E-02 1.10660158898E+00 7.94861845018E-02 1.20470504028E+00 4.90702346416E-02 1.46542208770E+00 7.32843223572E-02 1.14555028505E+00 7.41508451008E-02 1.25694704784E+00 6.77758702621E-02 
8.70000000000E+01 8.75000000000E+01 8.80000000000E+01 1.02658409852E+00 6.73151926362E-02 1.04691773740E+00 4.87627474800E-02 9.07150685051E-01 1.00266205269E-01 1.02863172773E+00 5.23315688673E-02 1.06094972444E+00 6.23363956777E-02 9.75229940024E-01 9.06146719475E-02 9.85625055313E-01 7.39526277562E-02 
8.80000000000E+01 8.85000000000E+01 8.90000000000E+01 9.47499526619E-01 3.90103308516E-02 8.84533788764E-01 3.41890184561E-02 1.06005152345E+00 5.50554209160E-02 9.09172532217E-01 3.16075585862E-02 9.39566284464E-01 4.29097597454E-02 9.83793061977E-01 5.07066778913E-02 1.01820337148E+00 4.18654616250E-02 
8.90000000000E+01 8.95000000000E+01 9.00000000000E+01 5.87334806442E-01 5.07765691417E-02 6.59160668952E-01 3.55064726676E-02 4.69205108593E-01 7.36224683511E-02 6.34835425314E-01 3.98972054928E-02 6.45529713148E-01 4.46537247905E-02 5.03830255045E-01 6.80044155948E-02 5.57219297123E-01 5.47095182347E-02 
9.00000000000E+01 9.05000000000E+01 9.10000000000E+01 8.31817291334E-01 4.81210673213E-02 8.06056291060E-01 3.72154488402E-02 8.53422021395E-01 6.80434282452E-02 7.98303116026E-01 3.82490980398E-02 8.67930184203E-01 4.71721362642E-02 8.66425275777E-01 6.32081225008E-02 8.42755714065E-01 5.13204602233E-02 
9.10000000000E+01 9.15000000000E+01 9.20000000000E+01 6.27752565961E-01 5.40111858170E-02 6.05522957603E-01 4.25935665755E-02 6.91770134488E-01 6.84603611915E-02 6.26245182420E-01 4.29938380475E-02 6.26298473494E-01 5.31523120547E-02 6.20736640233E-01 7.08610699775E-02 6.88946162025E-01 5.18869556667E-02 
9.20000000000E+01 9.25000000000E+01 9.30000000000E+01 7.22332964395E-01 4.44514213665E-02 6.30271881836E-01 3.42128058076E-02 8.46605060623E-01 6.37598009454E-02 6.78611302646E-01 3.49111429365E-02 6.58138421585E-01 4.33135305460E-02 7.66345082831E-01 5.92116011332E-02 7.89563421027E-01 4.73672129315E-02 
9.30000000000E+01 9.35000000000E+01 9.40000000000E+01 6.65100152877E-01 3.99981437871E-02 6.75295535854E-01 3.43292147282E-02 6.29533356605E-01 5.44761533270E-02 6.81758883433E-01 3.29726449955E-02 6.94679110586E-01 4.06696174937E-02 6.47905429867E-01 5.11734230902E-02 6.32553543063E-01 4.12483100098E-02 
9.40000000000E+01 9.45000000000E+01 9.50000000000E+01 4.03343560521E-01 4.12745249010E-02 3.92156811596E-01 3.37289536908E-02 4.21709145062E-01 5.95358985414E-02 4.27229813155E-01 3.33459489579E-02 3.73382103699E-01 4.11621949560E-02 3.65430600390E-01 5.40720381576E-02 4.64720476830E-01 4.41427071338E-02 
9.50000000000E+01 9.55000000000E+01 9.60000000000E+01 6.33637033732E-01 4.26750347773E-02 5.70606310897E-01 2.99337506707E-02 7.37154894117E-01 6.23192721313E-02 5.65319113658E-01 3.24505135881E-02 6.25961266037E-01 3.87930384808E-02 7.09211096324E-01 5.82440680660E-02 6.57821758756E-01 4.53877898220E-02 
9.60000000000E+01 9.65000000000E+01 9.70000000000E+01 5.98007366293E-01 3.78697634372E-02 5.26331652219E-01 2.82111585112E-02 6.13213495087E-01 5.59471793257E-02 5.59030303469E-01 2.96368277087E-02 5.51777746169E-01 3.61009447649E-02 5.90451273133E-01 5.19690794126E-02 6.03658621239E-01 4.06382507055E-02 
9.70000000000E+01 9.75000000000E+01 9.80000000000E+01 1.73015123709E-01 2.92720059542E-02 2.30681442906E-01 2.10449310286E-02 7.07088402524E-02 4.34096282349E-02 2.09311871697E-01 2.33416799941E-02 2.07468174701E-01 2.70253983789E-02 1.16504741968E-01 3.88203546966E-02 1.43540102127E-01 3.29048473269E-02 
9.80000000000E+01 9.85000000000E+01 9.90000000000E+01 7.95710095085E-01 3.36802141303E-02 6.05678260521E-01 2.21756556172E-02 9.84527683346E-01 5.02313107003E-02 6.99396397989E-01 2.72661721736E-02 6.79790759816E-01 2.65410754086E-02 9.23480148448E-01 4.33352880633E-02 8.47855696091E-01 3.87473165164E-02 
9.90000000000E+01 9.95000000000E+01 1.00000000000E+02 5.18384872410E-02 3.54113487122E-02 1.60242227723E-01 2.43976307098E-02 -6.09692127801E-02 5.21586161505E-02 7.98952320102E-02 2.84285472751E-02 9.74904117142E-02 3.13091415392E-02 -1.99262102095E-02 4.70639199213E-02 1.67272992252E-02 3.94798376072E-02 
#nx: 3
