#labels: ptz__-0p25__0_lower[1] ptz__-0p25__0_center[2] ptz__-0p25__0_upper[3] tot_scale01[4] tot_scale01_Err[5] tot_scale02[6] tot_scale02_Err[7] tot_scale03[8] tot_scale03_Err[9] tot_scale04[10] tot_scale04_Err[11] tot_scale05[12] tot_scale05_Err[13] tot_scale06[14] tot_scale06_Err[15] tot_scale07[16] tot_scale07_Err[17]
#neval: 862076175097
#overflow:lower center upper 1.49205228268E+03 5.17052067213E+00 1.47708011858E+03 3.94090881116E+00 1.48400527423E+03 7.28527382707E+00 1.47403465972E+03 3.83272040586E+00 1.49362792460E+03 5.29373406765E+00 1.48058057165E+03 7.20039238996E+00 1.49505646961E+03 5.23362873891E+00 
0.00000000000E+00 5.00000000000E-01 1.00000000000E+00 0.00000000000E+00 0.00000000000E+00 0.00000000000E+00 0.00000000000E+00 0.00000000000E+00 0.00000000000E+00 0.00000000000E+00 0.00000000000E+00 0.00000000000E+00 0.00000000000E+00 0.00000000000E+00 0.00000000000E+00 0.00000000000E+00 0.00000000000E+00 
1.00000000000E+00 1.50000000000E+00 2.00000000000E+00 -9.91156798259E+03 3.31420237562E+02 -7.37253258636E+03 2.70713513563E+02 -1.13562273392E+04 4.12377069124E+02 -5.35801845930E+03 2.47182448746E+02 -1.24407675321E+04 3.63427945405E+02 -1.44562023946E+04 4.60588609833E+02 -7.40397240367E+03 2.97076968832E+02 
2.00000000000E+00 2.50000000000E+00 3.00000000000E+00 2.47724909378E+03 1.40577717618E+02 3.83183926316E+03 1.35037950841E+02 1.44364682766E+03 1.77414867311E+02 4.47490582195E+03 1.05924622645E+02 1.58343630229E+03 1.80081881125E+02 2.78526434756E+02 1.94874890201E+02 3.35377028365E+03 1.28459611252E+02 
3.00000000000E+00 3.50000000000E+00 4.00000000000E+00 5.40444179740E+03 1.00979532105E+02 6.15791624620E+03 8.23347176017E+01 4.83917595846E+03 1.26507379486E+02 6.25563071487E+03 7.48183728574E+01 5.21923110468E+03 1.10663824353E+02 4.38128813909E+03 1.39662068097E+02 5.60018621563E+03 9.06219063777E+01 
4.00000000000E+00 4.50000000000E+00 5.00000000000E+00 2.46078473417E+03 3.70568923753E+02 5.05563582450E+03 9.37201415620E+01 1.30937026264E+03 4.51360382364E+02 3.65780242486E+03 2.74920291687E+02 4.27822458995E+03 1.26018630499E+02 8.18523106401E+02 5.16138234807E+02 2.88401332562E+03 3.22584527857E+02 
5.00000000000E+00 5.50000000000E+00 6.00000000000E+00 4.88569967420E+03 6.89725864878E+01 5.17649664548E+03 5.53971389233E+01 4.67547560598E+03 8.69134245792E+01 5.16747923952E+03 5.10572806617E+01 4.81605682840E+03 7.47759856276E+01 4.51936189836E+03 9.61659348309E+01 4.92196177690E+03 6.20395416595E+01 
6.00000000000E+00 6.50000000000E+00 7.00000000000E+00 4.63777139135E+03 5.93764315015E+01 4.75548856324E+03 4.90894857737E+01 4.43451410671E+03 7.46236895143E+01 4.74223663075E+03 4.42190957301E+01 4.58339485788E+03 6.58918724096E+01 4.44716346586E+03 8.22352449986E+01 4.55439255261E+03 5.35556246898E+01 
7.00000000000E+00 7.50000000000E+00 8.00000000000E+00 4.22609477288E+03 6.62116893362E+01 4.35739123111E+03 5.48134562809E+01 4.14798114580E+03 8.15908857891E+01 4.25313367909E+03 4.92191249695E+01 4.28957599460E+03 7.38432549108E+01 4.22463870740E+03 9.30072400628E+01 4.15242640087E+03 5.85561599099E+01 
8.00000000000E+00 8.50000000000E+00 9.00000000000E+00 3.89351954194E+03 4.65083088986E+01 3.90785755611E+03 3.73164109617E+01 3.74613690317E+03 5.74646412852E+01 3.84934946371E+03 3.42329462134E+01 3.90715766632E+03 5.01002189704E+01 3.85592833682E+03 6.50068628640E+01 3.70828083929E+03 4.20035891021E+01 
9.00000000000E+00 9.50000000000E+00 1.00000000000E+01 2.89554759372E+03 3.80871185389E+01 3.10904777958E+03 3.21083660288E+01 2.81107376921E+03 4.98876493529E+01 2.98700494396E+03 2.87235680624E+01 2.97803252868E+03 4.29387294382E+01 2.79578243422E+03 5.50216007930E+01 2.95117717920E+03 3.56776624827E+01 
1.00000000000E+01 1.05000000000E+01 1.10000000000E+01 2.91249621848E+03 3.96921273003E+01 2.97697709662E+03 3.27107900353E+01 2.92651172587E+03 5.04141280464E+01 2.90042928066E+03 2.98107492304E+01 2.94417457989E+03 4.39530596803E+01 2.87287722570E+03 5.53345902746E+01 2.89720344410E+03 3.12183423753E+01 
1.10000000000E+01 1.15000000000E+01 1.20000000000E+01 2.63561069422E+03 4.07980108107E+01 2.65386510043E+03 3.33702968434E+01 2.53176071536E+03 5.16378731246E+01 2.62575257034E+03 3.04663262012E+01 2.62061886358E+03 4.48521125250E+01 2.57558213854E+03 5.72121699566E+01 2.56111292728E+03 3.68410705132E+01 
1.20000000000E+01 1.25000000000E+01 1.30000000000E+01 2.06796341283E+03 3.06744066867E+01 2.16607365790E+03 2.47549319184E+01 1.93063036797E+03 3.88582259754E+01 2.11843891893E+03 2.31355977313E+01 2.04264778636E+03 3.35716365812E+01 1.89328687145E+03 4.30555493963E+01 2.01662314259E+03 2.82129145797E+01 
1.30000000000E+01 1.35000000000E+01 1.40000000000E+01 2.15428529934E+03 2.42813633759E+01 2.20643478017E+03 1.96112380504E+01 2.09008226533E+03 3.03215602857E+01 2.15019958263E+03 1.81165527649E+01 2.19724130675E+03 2.62125625894E+01 2.12677157371E+03 3.36946477300E+01 2.09804785929E+03 2.18557973552E+01 
1.40000000000E+01 1.45000000000E+01 1.50000000000E+01 2.00259264321E+03 2.80712997141E+01 2.01099695407E+03 2.27794192770E+01 2.00043034352E+03 3.54786344019E+01 1.98507016367E+03 2.09281059908E+01 2.01265707041E+03 3.06338480070E+01 2.00297490447E+03 3.91406047923E+01 1.97665978328E+03 2.54056692752E+01 
1.50000000000E+01 1.55000000000E+01 1.60000000000E+01 1.75467367672E+03 2.29430557817E+01 1.79467412687E+03 1.84644110445E+01 1.72216958813E+03 2.88794157417E+01 1.75418467000E+03 1.70798224265E+01 1.77674057083E+03 2.48011901866E+01 1.72126056857E+03 3.19132919180E+01 1.73083550923E+03 2.07604942257E+01 
1.60000000000E+01 1.65000000000E+01 1.70000000000E+01 1.74917450426E+03 2.93220070806E+01 1.76365062547E+03 2.34186347133E+01 1.77376895962E+03 3.80553029245E+01 1.71306018968E+03 2.18370729477E+01 1.79142146014E+03 3.14407813538E+01 1.76675029728E+03 4.08420698863E+01 1.72646243340E+03 2.73398285247E+01 
1.70000000000E+01 1.75000000000E+01 1.80000000000E+01 1.45148300900E+03 1.60195557762E+01 1.50174313805E+03 1.30511029109E+01 1.40870166074E+03 2.03739348685E+01 1.46326010196E+03 1.19583908679E+01 1.47805840996E+03 1.74489654283E+01 1.40951119466E+03 2.23604770961E+01 1.42979010120E+03 1.46737279156E+01 
1.80000000000E+01 1.85000000000E+01 1.90000000000E+01 1.42897001808E+03 1.60859693184E+01 1.43197335723E+03 1.28583411912E+01 1.41436952350E+03 1.96228325924E+01 1.40556455805E+03 1.20127744884E+01 1.44079934966E+03 1.72555203090E+01 1.43575270906E+03 2.24448094197E+01 1.39376468947E+03 1.45088904230E+01 
1.90000000000E+01 1.95000000000E+01 2.00000000000E+01 1.34067316813E+03 1.53094960175E+01 1.35925068880E+03 1.24746203562E+01 1.33981878593E+03 1.94519645798E+01 1.32944726868E+03 1.14160916530E+01 1.36907934272E+03 1.66953710931E+01 1.34184507893E+03 2.12871248582E+01 1.32284953867E+03 1.39736993882E+01 
2.00000000000E+01 2.05000000000E+01 2.10000000000E+01 1.18476145043E+03 1.31343037522E+01 1.20876441630E+03 1.05498062952E+01 1.18357128005E+03 1.64324573103E+01 1.18395881085E+03 9.73753047935E+00 1.20703114931E+03 1.43263686350E+01 1.17298904701E+03 1.82746635829E+01 1.17200059127E+03 1.17386508318E+01 
2.10000000000E+01 2.15000000000E+01 2.20000000000E+01 1.13451497114E+03 1.55669605329E+01 1.13726223447E+03 1.21590333688E+01 1.23017346571E+03 2.06410132497E+01 1.11750672752E+03 1.15958867461E+01 1.14854824930E+03 1.63114861902E+01 1.13523298566E+03 2.14919575542E+01 1.18543574553E+03 1.49452048577E+01 
2.20000000000E+01 2.25000000000E+01 2.30000000000E+01 1.02453483312E+03 1.18169055317E+01 1.06044773482E+03 9.42745171956E+00 1.03854507693E+03 1.44061391109E+01 1.02800808427E+03 8.86733927669E+00 1.05855593616E+03 1.25572358700E+01 1.00851424725E+03 1.64460149940E+01 1.03072482936E+03 1.05022480966E+01 
2.30000000000E+01 2.35000000000E+01 2.40000000000E+01 1.01568212625E+03 1.18220096648E+01 1.01260496191E+03 9.61400962625E+00 1.01856999195E+03 1.47530876925E+01 9.92989341297E+02 9.02014758543E+00 1.02041629168E+03 1.27559017899E+01 1.01492134883E+03 1.63582596585E+01 9.95276847180E+02 1.08363118003E+01 
2.40000000000E+01 2.45000000000E+01 2.50000000000E+01 1.01400439098E+03 1.14985762146E+01 9.72594135900E+02 8.93809863706E+00 1.00707229781E+03 1.40475439719E+01 9.69399745101E+02 8.32319983833E+00 1.01586534598E+03 1.23215364407E+01 1.03886256682E+03 1.53377472147E+01 9.74400323486E+02 1.06193371878E+01 
2.50000000000E+01 2.55000000000E+01 2.60000000000E+01 7.73599056215E+02 2.93401003212E+01 8.04796945117E+02 2.24805554482E+01 7.35609566793E+02 3.90803615523E+01 7.72571820580E+02 2.15911724317E+01 7.88893689040E+02 3.03148871831E+01 7.41158943181E+02 4.09920526504E+01 7.60731324156E+02 2.79738368351E+01 
2.60000000000E+01 2.65000000000E+01 2.70000000000E+01 8.84147326699E+02 1.05703667471E+01 9.17281424745E+02 1.17072968233E+01 9.35514029754E+02 1.94130552403E+01 8.83221119036E+02 1.07922135324E+01 9.03868304896E+02 1.13375156746E+01 9.08401663761E+02 1.48560675766E+01 8.48678463917E+02 9.54603697448E+00 
2.70000000000E+01 2.75000000000E+01 2.80000000000E+01 7.66530745649E+02 8.64968152284E+00 7.71086398366E+02 7.35058899832E+00 7.79352443741E+02 1.13633010730E+01 7.52830025647E+02 6.49580341219E+00 7.81273968526E+02 9.78576628443E+00 7.72840476713E+02 1.19596489929E+01 7.62720209861E+02 8.18384851448E+00 
2.80000000000E+01 2.85000000000E+01 2.90000000000E+01 7.15687773283E+02 1.00114248947E+01 7.32016746985E+02 7.84411109416E+00 7.39242001716E+02 1.26177064577E+01 7.08866162763E+02 7.48936955014E+00 7.33944933180E+02 1.04680363268E+01 7.19602502161E+02 1.38882261663E+01 7.24246082320E+02 9.09962595030E+00 
2.90000000000E+01 2.95000000000E+01 3.00000000000E+01 7.51262762443E+02 7.79364614818E+00 7.26406434513E+02 6.45825290876E+00 7.46400058535E+02 9.90715469881E+00 7.23318453410E+02 5.83267004225E+00 7.49408414139E+02 8.64164885801E+00 7.58981753248E+02 1.07298634519E+01 7.23142250833E+02 7.26561798062E+00 
3.00000000000E+01 3.05000000000E+01 3.10000000000E+01 8.21812026320E+02 2.62060170990E+01 7.82287393870E+02 2.08274039563E+01 8.74059990823E+02 3.34735592145E+01 7.64686543236E+02 1.94762698094E+01 8.40046262113E+02 2.80343520474E+01 8.92857823870E+02 3.65161415025E+01 8.00653734137E+02 2.40196025076E+01 
3.10000000000E+01 3.15000000000E+01 3.20000000000E+01 6.51927137628E+02 1.27815468787E+01 6.35993206682E+02 1.01174379914E+01 6.52945162043E+02 1.64935377861E+01 6.31828448822E+02 9.52305550264E+00 6.47635076239E+02 1.35798064559E+01 6.72136996258E+02 1.78141551460E+01 6.31268787059E+02 1.19270350134E+01 
3.20000000000E+01 3.25000000000E+01 3.30000000000E+01 5.64341055339E+02 8.20847161569E+00 5.71598300421E+02 6.45555726538E+00 5.74699764353E+02 1.09922773038E+01 5.61900782580E+02 6.14509494284E+00 5.71997927836E+02 8.63289652533E+00 5.63535693123E+02 1.13283098342E+01 5.62999350085E+02 7.84113069632E+00 
3.30000000000E+01 3.35000000000E+01 3.40000000000E+01 5.87915155357E+02 7.61579973825E+00 5.87381151097E+02 6.16417142043E+00 6.11086768854E+02 9.76775716236E+00 5.69650132507E+02 5.71517530699E+00 6.07044885722E+02 8.22687928473E+00 6.11525319949E+02 1.05312259922E+01 5.85392184492E+02 7.06638330868E+00 
3.40000000000E+01 3.45000000000E+01 3.50000000000E+01 5.49198110610E+02 6.96655629162E+00 5.44449757156E+02 5.53888740039E+00 5.46907683426E+02 8.75318013970E+00 5.31861497818E+02 5.24809503525E+00 5.64487497736E+02 7.30082665863E+00 5.67173456895E+02 9.53286427870E+00 5.30939719820E+02 6.31362075482E+00 
3.50000000000E+01 3.55000000000E+01 3.60000000000E+01 4.80482806303E+02 6.40627576991E+00 4.84736034711E+02 5.12148010921E+00 4.94634127846E+02 7.99307825109E+00 4.75754866841E+02 4.81102866138E+00 4.88225891984E+02 6.66759640240E+00 4.78446829543E+02 8.84446156050E+00 4.86311601150E+02 5.80091792197E+00 
3.60000000000E+01 3.65000000000E+01 3.70000000000E+01 4.67815073211E+02 5.48177204733E+00 4.69016788352E+02 4.42455853620E+00 4.42832119053E+02 7.50969640658E+00 4.60637958801E+02 4.14162321609E+00 4.72734612386E+02 5.84415615441E+00 4.64753563520E+02 7.54404507709E+00 4.43331723136E+02 5.42687982477E+00 
3.70000000000E+01 3.75000000000E+01 3.80000000000E+01 5.21804015864E+02 7.74478867230E+00 4.97298373930E+02 6.07616740967E+00 5.47304567994E+02 9.81966244334E+00 4.93701937203E+02 5.78975582241E+00 5.27024157924E+02 8.19757073477E+00 5.55899028229E+02 1.07143045506E+01 5.13723898460E+02 7.02172607453E+00 
3.80000000000E+01 3.85000000000E+01 3.90000000000E+01 4.18203969472E+02 5.71194452337E+00 4.13827945345E+02 4.56212686758E+00 4.16707821478E+02 7.58478329217E+00 4.13027758630E+02 4.30063647820E+00 4.17556652046E+02 5.96287078405E+00 4.23406554807E+02 7.97161833775E+00 4.16798490207E+02 5.47519635119E+00 
3.90000000000E+01 3.95000000000E+01 4.00000000000E+01 4.24585969733E+02 5.53876608301E+00 4.15811202494E+02 4.34895068073E+00 4.24685531200E+02 7.10921842240E+00 4.09919933913E+02 4.19366873525E+00 4.26338899797E+02 5.76649576431E+00 4.30603933230E+02 7.57846582733E+00 4.12845435358E+02 5.15557924442E+00 
4.00000000000E+01 4.05000000000E+01 4.10000000000E+01 4.09280083410E+02 5.06053229869E+00 3.99684076030E+02 4.12217559841E+00 4.13786603047E+02 6.28253178263E+00 3.91201877533E+02 3.82981678540E+00 4.12212116407E+02 5.45065536067E+00 4.23227482336E+02 6.93444494710E+00 4.01361515376E+02 4.51562978599E+00 
4.10000000000E+01 4.15000000000E+01 4.20000000000E+01 4.01657545171E+02 6.73641095515E+00 3.95054882903E+02 5.35882139386E+00 3.72360534236E+02 6.01327309928E+00 3.88058105199E+02 4.99540613045E+00 4.14126396550E+02 7.13349062298E+00 4.17137021624E+02 9.37754505552E+00 3.68845653856E+02 4.36370908889E+00 
4.20000000000E+01 4.25000000000E+01 4.30000000000E+01 3.44146934415E+02 4.66602674379E+00 3.42718139581E+02 3.63384674307E+00 3.37826811937E+02 6.18060201601E+00 3.40697180821E+02 3.53442070843E+00 3.45368305906E+02 4.83116995607E+00 3.47242043168E+02 6.44256902062E+00 3.36911107873E+02 4.41341250465E+00 
4.30000000000E+01 4.35000000000E+01 4.40000000000E+01 3.33493241012E+02 4.75292438402E+00 3.32609408723E+02 3.68499625249E+00 3.31460307703E+02 6.21034014016E+00 3.29276239150E+02 3.55994333117E+00 3.38504633561E+02 4.88138155234E+00 3.33914865105E+02 6.58605167928E+00 3.30149516909E+02 4.47042590063E+00 
4.40000000000E+01 4.45000000000E+01 4.50000000000E+01 3.12777799467E+02 6.12812227316E+00 3.13067262799E+02 5.06577753406E+00 3.30859223737E+02 7.59428434920E+00 3.08957945925E+02 4.57346566500E+00 3.16491441614E+02 6.79235106265E+00 3.10278731385E+02 8.50565143386E+00 3.18925116236E+02 5.59808796402E+00 
4.50000000000E+01 4.55000000000E+01 4.60000000000E+01 2.76893561759E+02 6.57883307141E+00 2.77206580577E+02 5.24861265910E+00 2.69316697448E+02 8.48067502755E+00 2.78068537605E+02 4.90298638626E+00 2.74678111383E+02 7.05475270896E+00 2.66622716032E+02 9.16590771962E+00 2.76728943689E+02 6.10359989910E+00 
4.60000000000E+01 4.65000000000E+01 4.70000000000E+01 2.58490248527E+02 7.37428857246E+00 2.65452849348E+02 5.61786081190E+00 2.36010382280E+02 9.95674595055E+00 2.61487350002E+02 5.49935955173E+00 2.59812388013E+02 7.53152237614E+00 2.48690834175E+02 1.02765023199E+01 2.47083046712E+02 7.09798400237E+00 
4.70000000000E+01 4.75000000000E+01 4.80000000000E+01 2.73028993716E+02 4.50306915738E+00 2.65063318902E+02 3.56470587465E+00 2.59953475751E+02 5.74035612609E+00 2.69755210599E+02 3.40301455415E+00 2.64975175946E+02 4.69657268831E+00 2.72381164951E+02 6.17636308397E+00 2.60933383714E+02 4.19346082260E+00 
4.80000000000E+01 4.85000000000E+01 4.90000000000E+01 2.48029431385E+02 4.46280157707E+00 2.57651270477E+02 3.53336637335E+00 2.48543930113E+02 5.92346562103E+00 2.48345476916E+02 3.38073547841E+00 2.58222391125E+02 4.66554241536E+00 2.40935158682E+02 6.13735933641E+00 2.48424690850E+02 4.29961994535E+00 
4.90000000000E+01 4.95000000000E+01 5.00000000000E+01 2.42081371414E+02 3.98617191131E+00 2.41507020758E+02 3.14985420791E+00 2.42713586772E+02 5.17317573463E+00 2.40152994638E+02 3.00051009945E+00 2.42081131305E+02 4.18187482940E+00 2.41060458450E+02 5.52977689376E+00 2.41344028295E+02 3.77267808884E+00 
5.00000000000E+01 5.05000000000E+01 5.10000000000E+01 2.11317095538E+02 8.98340081548E+00 2.19677031089E+02 6.95112889675E+00 1.92682366408E+02 1.18286038904E+01 2.16141662752E+02 6.69007843674E+00 2.14842353061E+02 9.32806381228E+00 1.99197142931E+02 1.24914423470E+01 2.12793717903E+02 8.55753848721E+00 
5.10000000000E+01 5.15000000000E+01 5.20000000000E+01 2.27603292577E+02 3.25336969757E+00 2.29468451168E+02 2.63516191929E+00 2.24367535431E+02 4.37907919548E+00 2.24427110002E+02 2.45491946944E+00 2.32870369501E+02 3.49040748937E+00 2.25421891778E+02 4.56044407327E+00 2.27287645066E+02 3.10014012791E+00 
5.20000000000E+01 5.25000000000E+01 5.30000000000E+01 2.12161944098E+02 3.53486983194E+00 2.15890020292E+02 2.69461342665E+00 2.17928642471E+02 4.56199217208E+00 2.10828985056E+02 2.58385563710E+00 2.15896871135E+02 3.60562326162E+00 2.19139134800E+02 4.78613055010E+00 2.10113351402E+02 3.39048764273E+00 
5.30000000000E+01 5.35000000000E+01 5.40000000000E+01 2.33555304169E+02 3.24604170621E+00 2.26003816369E+02 2.71192138831E+00 2.45504415508E+02 4.26999747462E+00 2.25416868010E+02 2.55201626821E+00 2.30276217606E+02 3.48256100901E+00 2.39975326008E+02 4.56161586793E+00 2.33917734615E+02 3.07211328582E+00 
5.40000000000E+01 5.45000000000E+01 5.50000000000E+01 2.17441742795E+02 3.18028197099E+00 2.11675342203E+02 2.55261723265E+00 2.22284639490E+02 4.16311818737E+00 2.07653005354E+02 2.39038962488E+00 2.17566220209E+02 3.35038935371E+00 2.25853158226E+02 4.37343225880E+00 2.14464411879E+02 3.04121908851E+00 
5.50000000000E+01 5.55000000000E+01 5.60000000000E+01 1.88480476319E+02 3.85418080719E+00 1.91509867708E+02 3.04283896876E+00 1.82669931376E+02 5.04948641210E+00 1.88155239709E+02 2.89337477156E+00 1.91522709268E+02 4.05790661001E+00 1.91741743281E+02 5.30499243340E+00 1.85713421300E+02 3.62702827565E+00 
5.60000000000E+01 5.65000000000E+01 5.70000000000E+01 1.25422926555E+02 1.77559906515E+01 1.41346020401E+02 1.37170336479E+01 9.56468206419E+01 2.34159638306E+01 1.38649283370E+02 1.32150780914E+01 1.28046377714E+02 1.84306841813E+01 9.98074361818E+01 2.46731586317E+01 1.21256571272E+02 1.68508993169E+01 
5.70000000000E+01 5.75000000000E+01 5.80000000000E+01 1.86743688504E+02 2.61308071563E+00 1.81035910851E+02 2.10783524091E+00 1.97910661885E+02 3.56266466268E+00 1.79641919886E+02 2.04137627310E+00 1.86698579741E+02 2.77491483175E+00 1.97618850734E+02 3.71154094744E+00 1.87344025829E+02 2.57504829933E+00 
5.80000000000E+01 5.85000000000E+01 5.90000000000E+01 1.56234498546E+02 3.11535576866E+00 1.60915681738E+02 2.40183973457E+00 1.53489426608E+02 4.16695629758E+00 1.58794678842E+02 2.32060164549E+00 1.58725110299E+02 3.21909643350E+00 1.48851952037E+02 4.35129645010E+00 1.60249690218E+02 2.95375403939E+00 
5.90000000000E+01 5.95000000000E+01 6.00000000000E+01 1.76973425447E+02 2.54368287894E+00 1.73550859289E+02 2.00154339794E+00 1.79788389803E+02 3.51184056700E+00 1.71530399816E+02 1.91787202071E+00 1.78191850326E+02 2.63116326029E+00 1.82819557169E+02 3.67394336563E+00 1.74774668702E+02 2.52560852599E+00 
6.00000000000E+01 6.05000000000E+01 6.10000000000E+01 1.41399381332E+02 2.85876176521E+00 1.45054312734E+02 2.18187884508E+00 1.55158583685E+02 6.45581534162E+00 1.42428531868E+02 2.12565619777E+00 1.40807958072E+02 2.93410436299E+00 1.36927321634E+02 3.91520350189E+00 1.38676677262E+02 2.76008080505E+00 
6.10000000000E+01 6.15000000000E+01 6.20000000000E+01 1.39888195853E+02 3.54684891942E+00 1.44949055694E+02 2.69334235650E+00 1.41174771527E+02 4.68032993519E+00 1.41237588502E+02 2.65021115656E+00 1.43116059244E+02 3.59588082180E+00 1.36877411270E+02 4.87309184926E+00 1.40615224278E+02 3.40499639182E+00 
6.20000000000E+01 6.25000000000E+01 6.30000000000E+01 1.69335202410E+02 2.99076074695E+00 1.59232568870E+02 2.29064242625E+00 1.78265378696E+02 3.89100630296E+00 1.60090065646E+02 2.24132475164E+00 1.66131162482E+02 3.04321657893E+00 1.77560580963E+02 4.12900142281E+00 1.67083444885E+02 2.81935978484E+00 
6.30000000000E+01 6.35000000000E+01 6.40000000000E+01 1.49498997825E+02 2.51531374357E+00 1.48957650304E+02 2.10013801933E+00 1.54416339046E+02 3.03780562272E+00 1.45588066217E+02 1.91463274316E+00 1.53260750860E+02 2.76073725380E+00 1.50889609266E+02 3.48987274238E+00 1.50993146525E+02 2.21180821327E+00 
6.40000000000E+01 6.45000000000E+01 6.50000000000E+01 6.03150816894E+01 1.24524791791E+01 8.23981857853E+01 9.35722684185E+00 3.67176759233E+01 1.67933748251E+01 8.21624596586E+01 9.08173362124E+00 6.32604458553E+01 1.28830684778E+01 2.58539362535E+01 1.77407807910E+01 6.59187400944E+01 1.17993477787E+01 
6.50000000000E+01 6.55000000000E+01 6.60000000000E+01 1.54204011288E+02 1.01107781146E+01 1.47484356760E+02 7.60948036046E+00 1.73544610608E+02 1.35939603112E+01 1.45065092057E+02 7.26134189955E+00 1.55254775534E+02 1.06068952061E+01 1.65137548500E+02 1.45827223696E+01 1.57017720517E+02 9.43760545454E+00 
6.60000000000E+01 6.65000000000E+01 6.70000000000E+01 1.50040069161E+02 2.98150186192E+00 1.45883765505E+02 2.24424545450E+00 1.53202117502E+02 3.94754497883E+00 1.41142347302E+02 2.22201339124E+00 1.55392314813E+02 3.00790763802E+00 1.58511587430E+02 4.15985752904E+00 1.44680573945E+02 2.82672886305E+00 
6.70000000000E+01 6.75000000000E+01 6.80000000000E+01 1.22142125971E+02 1.98367003010E+00 1.19685424865E+02 1.55977243404E+00 1.21210465662E+02 2.80861038418E+00 1.19624031212E+02 1.50404458852E+00 1.17045654191E+02 2.19903210269E+00 1.16157656857E+02 2.95429703469E+00 1.22770645728E+02 1.87072810391E+00 
6.80000000000E+01 6.85000000000E+01 6.90000000000E+01 1.28782446610E+02 2.20803499310E+00 1.24095643051E+02 1.70955008613E+00 1.25938914378E+02 2.84090609658E+00 1.23719181462E+02 1.65070850675E+00 1.29497073868E+02 2.27243344737E+00 1.34054573362E+02 3.05164978065E+00 1.27713802580E+02 2.16067082941E+00 
6.90000000000E+01 6.95000000000E+01 7.00000000000E+01 9.37879379410E+01 2.02297216723E+00 1.00119452567E+02 1.56046266721E+00 8.14041003596E+01 2.82539307357E+00 9.72747521555E+01 1.51939385857E+00 9.58531542103E+01 2.06490665463E+00 8.30845863111E+01 2.81957141727E+00 8.95817265606E+01 2.03543749744E+00 
7.00000000000E+01 7.05000000000E+01 7.10000000000E+01 1.04104573282E+02 2.98460437423E+00 1.05731869417E+02 1.69862235166E+00 9.68784174331E+01 4.12983915916E+00 1.03063909843E+02 2.19898854297E+00 9.96161450933E+01 2.97755649593E+00 1.02101725122E+02 4.23132826277E+00 1.02037415290E+02 2.91183633079E+00 
7.10000000000E+01 7.15000000000E+01 7.20000000000E+01 1.14119651767E+02 2.55110962816E+00 1.10994347968E+02 1.96526384150E+00 1.14071037678E+02 3.45079902716E+00 1.10032698127E+02 1.85610302660E+00 1.14721829349E+02 2.69656387949E+00 1.18723594210E+02 3.64336217340E+00 1.11508102673E+02 2.42563006667E+00 
7.20000000000E+01 7.25000000000E+01 7.30000000000E+01 9.22964248143E+01 2.40853722042E+00 9.36298160088E+01 1.86719776565E+00 9.31885315048E+01 3.20277699394E+00 9.15794673137E+01 1.82707889419E+00 9.29186077431E+01 2.47627542567E+00 8.94922293091E+01 3.32574315131E+00 9.43551816991E+01 2.31850083173E+00 
7.30000000000E+01 7.35000000000E+01 7.40000000000E+01 1.01007139616E+02 2.19423055277E+00 1.00286917524E+02 1.72094284073E+00 1.03346654450E+02 2.95262515020E+00 9.83046844456E+01 1.64866373902E+00 1.02538204164E+02 2.28540130618E+00 1.02126788655E+02 3.02759946401E+00 1.00682185281E+02 2.13816893826E+00 
7.40000000000E+01 7.45000000000E+01 7.50000000000E+01 9.76518969486E+01 1.65712074451E+00 9.64369751702E+01 1.29042909280E+00 9.44874516037E+01 2.33495507097E+00 9.47710866528E+01 1.24956343417E+00 1.00530612486E+02 1.69477249418E+00 9.75276919450E+01 2.30016676952E+00 9.38248887206E+01 1.68546698738E+00 
7.50000000000E+01 7.55000000000E+01 7.60000000000E+01 7.74508266272E+01 1.96092619648E+00 8.04094758222E+01 1.51392661045E+00 8.62355527433E+01 2.45830810264E+00 8.03812222420E+01 1.50798410289E+00 7.85101117057E+01 2.00937722526E+00 7.25292298911E+01 2.71708090093E+00 8.66561436544E+01 1.79382814272E+00 
7.60000000000E+01 7.65000000000E+01 7.70000000000E+01 6.71237373440E+01 2.03922515421E+00 7.36997337107E+01 1.55318968591E+00 5.24614068201E+01 3.01979587900E+00 7.02828043442E+01 1.52016378416E+00 6.81222573546E+01 2.09692344549E+00 5.87362639736E+01 2.82872650407E+00 6.14016125416E+01 2.18184444354E+00 
7.70000000000E+01 7.75000000000E+01 7.80000000000E+01 9.06481453532E+01 1.44721433876E+00 8.67330827146E+01 1.12541522741E+00 9.77580282805E+01 1.94267583895E+00 8.68421870786E+01 1.08869602785E+00 8.87154095422E+01 1.47840662157E+00 9.47647536375E+01 1.99591569972E+00 9.21063935783E+01 1.41676690740E+00 
7.80000000000E+01 7.85000000000E+01 7.90000000000E+01 8.33293420968E+01 1.53605490954E+00 8.34451887953E+01 1.16990196431E+00 8.56496951372E+01 2.09582960500E+00 8.28457147836E+01 1.16171093015E+00 8.43658013084E+01 1.56047946054E+00 8.28419858870E+01 2.11527443608E+00 8.53129469680E+01 1.52327355309E+00 
7.90000000000E+01 7.95000000000E+01 8.00000000000E+01 7.95272259343E+01 1.59575895175E+00 7.66876462170E+01 1.20774902255E+00 8.20190544472E+01 2.18997799199E+00 7.78711457034E+01 1.19682532352E+00 7.81344705218E+01 1.59415411390E+00 8.09981313740E+01 2.20543271294E+00 7.98989438231E+01 1.58410658426E+00 
8.00000000000E+01 8.05000000000E+01 8.10000000000E+01 7.06037747329E+01 1.31698148400E+00 7.45571789677E+01 1.01149520828E+00 6.78802263370E+01 1.77885103161E+00 7.08001960561E+01 9.95799178165E-01 7.44614676143E+01 1.34877486563E+00 6.97567870273E+01 1.82209734031E+00 6.88395587230E+01 1.28431731557E+00 
8.10000000000E+01 8.15000000000E+01 8.20000000000E+01 7.91197544906E+01 1.42525176735E+00 7.47805968984E+01 1.09685411205E+00 8.25902731577E+01 1.96014949469E+00 7.63592130442E+01 1.09371366079E+00 7.55107734770E+01 1.40529116646E+00 8.07501574586E+01 1.98418316659E+00 8.05012020304E+01 1.39933915533E+00 
8.20000000000E+01 8.25000000000E+01 8.30000000000E+01 9.35198442878E+01 1.82977140036E+00 8.66339659677E+01 1.41076138506E+00 1.00209687636E+02 2.47639467386E+00 8.66151419588E+01 1.38057985418E+00 9.34922148735E+01 1.86861318444E+00 1.02297234627E+02 2.52840892863E+00 9.20400507563E+01 1.78829229509E+00 
8.30000000000E+01 8.35000000000E+01 8.40000000000E+01 6.74905244380E+01 1.53015563789E+00 6.69186227074E+01 1.16829434419E+00 6.97184215778E+01 2.09332701902E+00 6.57093934737E+01 1.14404313260E+00 6.99328557771E+01 1.54504395315E+00 6.85297406023E+01 2.13476926498E+00 6.89727219922E+01 1.49051765361E+00 
8.40000000000E+01 8.45000000000E+01 8.50000000000E+01 5.83912809116E+01 1.45307788305E+00 5.99399240903E+01 1.10553144708E+00 5.62673280087E+01 2.00163166088E+00 6.02679005255E+01 1.07822000954E+00 5.86171729403E+01 1.47000200285E+00 5.49462385498E+01 2.04476818421E+00 5.98077617982E+01 1.42516599166E+00 
8.50000000000E+01 8.55000000000E+01 8.60000000000E+01 6.56327701731E+01 1.67472841501E+00 6.59486964200E+01 1.27206162847E+00 6.73123970018E+01 2.29997437267E+00 6.70734176226E+01 1.09995512428E+00 6.78036164160E+01 1.71169660581E+00 6.71105358249E+01 2.35349986657E+00 6.56076110675E+01 1.63046427337E+00 
8.60000000000E+01 8.65000000000E+01 8.70000000000E+01 5.34593676632E+01 1.84568970135E+00 5.41462013643E+01 1.36349840922E+00 5.30651171372E+01 2.58579050055E+00 5.42779905809E+01 1.36792794073E+00 5.33901766925E+01 1.83445972385E+00 5.05064011328E+01 2.58249383853E+00 5.48143081896E+01 1.84880189296E+00 
8.70000000000E+01 8.75000000000E+01 8.80000000000E+01 7.65268025282E+01 1.48690684194E+00 7.12662543388E+01 1.13795012566E+00 8.35479155346E+01 1.92983328840E+00 7.15415040813E+01 1.11774576284E+00 7.54635435538E+01 1.51243790423E+00 8.23510173783E+01 2.06140850176E+00 7.77343184371E+01 1.38774427469E+00 
8.80000000000E+01 8.85000000000E+01 8.90000000000E+01 5.43660447491E+01 1.09113352174E+00 5.65200631168E+01 9.18436514896E-01 5.55733255832E+01 1.53110224372E+00 5.48314366036E+01 8.41765070389E-01 5.70623858642E+01 1.20974292784E+00 5.44657696996E+01 1.52942353029E+00 5.66480456495E+01 1.12858293111E+00 
8.90000000000E+01 8.95000000000E+01 9.00000000000E+01 4.67939909484E+01 1.09272324774E+00 4.72325174022E+01 8.35229592450E-01 4.51987613085E+01 1.53150017584E+00 4.88934090102E+01 7.95049950814E-01 4.63956586353E+01 1.10397031376E+00 4.50413057048E+01 1.49843573512E+00 4.65394381979E+01 1.06266663815E+00 
9.00000000000E+01 9.05000000000E+01 9.10000000000E+01 4.86806912576E+01 1.06456908261E+00 4.89048215837E+01 8.07210027454E-01 4.81431481589E+01 1.58723697716E+00 4.94928579211E+01 8.05564149498E-01 4.75884101266E+01 1.06986857917E+00 4.56166596838E+01 1.44845705127E+00 4.82092657329E+01 1.12065708466E+00 
9.10000000000E+01 9.15000000000E+01 9.20000000000E+01 5.44478631217E+01 1.17576153197E+00 5.42277025198E+01 9.18602680410E-01 5.54960210733E+01 1.56812216902E+00 5.31505485810E+01 8.97494799283E-01 5.49308809618E+01 1.20233312586E+00 5.31708816737E+01 1.64417973898E+00 5.47100503051E+01 1.14813133246E+00 
9.20000000000E+01 9.25000000000E+01 9.30000000000E+01 5.18605828161E+01 2.07261257112E+00 5.37163412713E+01 1.22900866168E+00 5.08452687692E+01 3.04268887228E+00 5.23462029627E+01 1.19720176437E+00 5.58258718366E+01 1.62698003071E+00 5.31129741006E+01 3.00730555281E+00 5.01371758289E+01 2.09308565322E+00 
9.30000000000E+01 9.35000000000E+01 9.40000000000E+01 5.77557707725E+01 1.61218220195E+00 5.65851955600E+01 1.21005239724E+00 6.02969587536E+01 2.49671619129E+00 5.16608662375E+01 7.47379131523E-01 5.87700225874E+01 1.60354350147E+00 5.33164220656E+01 1.34932156100E+00 5.70591866274E+01 1.68452509677E+00 
9.40000000000E+01 9.45000000000E+01 9.50000000000E+01 5.32196986179E+01 1.04121324787E+00 4.84304030924E+01 1.11003830585E+00 5.35294088811E+01 1.42259008418E+00 5.00066763971E+01 7.85186282932E-01 5.08069202256E+01 1.44524766293E+00 5.69338423723E+01 1.43372591169E+00 5.10322804110E+01 1.03795129930E+00 
9.50000000000E+01 9.55000000000E+01 9.60000000000E+01 4.90160231471E+01 1.10035582452E+00 4.82703463926E+01 8.27260592710E-01 4.96425775369E+01 1.46799075611E+00 4.76652081008E+01 8.30349716700E-01 4.92048293812E+01 1.10753540665E+00 4.85560667450E+01 1.50879624986E+00 4.87418754746E+01 1.05122776156E+00 
9.60000000000E+01 9.65000000000E+01 9.70000000000E+01 5.24668844601E+01 9.72391729907E-01 5.07183053484E+01 7.81621968442E-01 5.63829321022E+01 1.41430736621E+00 5.03728079806E+01 7.63654604168E-01 5.34881102482E+01 1.03913297709E+00 5.45464425678E+01 1.37113643234E+00 5.26636050516E+01 1.00347077368E+00 
9.70000000000E+01 9.75000000000E+01 9.80000000000E+01 4.11241731863E+01 8.99627182133E-01 4.07680679372E+01 6.72717953727E-01 3.39241932034E+01 1.36653275182E+00 4.10258277266E+01 6.76086246723E-01 4.01194880761E+01 8.97742811151E-01 3.77380467753E+01 1.36932043100E+00 3.89229990027E+01 8.96921768963E-01 
9.80000000000E+01 9.85000000000E+01 9.90000000000E+01 4.64590701370E+01 9.96702601749E-01 4.57668715007E+01 8.58705665569E-01 4.86539765864E+01 1.37487885239E+00 4.47289052104E+01 7.64135859585E-01 4.75646519808E+01 1.13033918831E+00 4.87984627850E+01 1.37312327221E+00 4.64477154279E+01 9.95416549916E-01 
9.90000000000E+01 9.95000000000E+01 1.00000000000E+02 3.03756279198E+01 1.06513168603E+00 3.26470302420E+01 8.06397293533E-01 2.63125632748E+01 1.36420018560E+00 3.20818126533E+01 8.00057702750E-01 3.15669914367E+01 1.07720617293E+00 2.67053743601E+01 1.47934312945E+00 2.97961443728E+01 9.83388789393E-01 
#nx: 3
