#labels: ptz__-2p__-1p75_lower[1] ptz__-2p__-1p75_center[2] ptz__-2p__-1p75_upper[3] tot_scale01[4] tot_scale01_Err[5] tot_scale02[6] tot_scale02_Err[7] tot_scale03[8] tot_scale03_Err[9] tot_scale04[10] tot_scale04_Err[11] tot_scale05[12] tot_scale05_Err[13] tot_scale06[14] tot_scale06_Err[15] tot_scale07[16] tot_scale07_Err[17]
#neval: 862104527401
#overflow:lower center upper 1.19945425175E+03 5.34721297242E+00 1.17914317833E+03 3.94768093026E+00 1.20313141469E+03 7.40649913684E+00 1.17730368406E+03 3.98010817016E+00 1.20380319630E+03 5.31704535753E+00 1.20054313780E+03 7.44827950450E+00 1.20426633672E+03 5.32131420874E+00 
0.00000000000E+00 5.00000000000E-01 1.00000000000E+00 0.00000000000E+00 0.00000000000E+00 0.00000000000E+00 0.00000000000E+00 0.00000000000E+00 0.00000000000E+00 0.00000000000E+00 0.00000000000E+00 0.00000000000E+00 0.00000000000E+00 0.00000000000E+00 0.00000000000E+00 0.00000000000E+00 0.00000000000E+00 
1.00000000000E+00 1.50000000000E+00 2.00000000000E+00 -4.82976625328E+03 2.42776380460E+02 -2.56584503671E+03 1.94679548222E+02 -6.34508292450E+03 2.99744977030E+02 -1.32703887643E+03 1.80459640876E+02 -6.34559467312E+03 2.61451783698E+02 -7.92892722947E+03 3.35995675891E+02 -3.25837073112E+03 2.15097388124E+02 
2.00000000000E+00 2.50000000000E+00 3.00000000000E+00 3.60417856413E+03 1.40127116562E+02 4.70929948422E+03 1.13010563614E+02 2.92233679394E+03 1.69370722161E+02 5.12920822092E+03 1.04556623252E+02 2.96473192150E+03 1.51629944216E+02 1.85577133571E+03 1.95666343441E+02 4.37958547199E+03 1.21527375821E+02 
3.00000000000E+00 3.50000000000E+00 4.00000000000E+00 3.94127372313E+03 8.40260669386E+01 4.71717893176E+03 6.77979844524E+01 2.95455200721E+03 1.06540605978E+02 4.86807266861E+03 6.22389771906E+01 3.53600964016E+03 9.06154193551E+01 2.66397751881E+03 1.17101533680E+02 4.08834753912E+03 7.64524408671E+01 
4.00000000000E+00 4.50000000000E+00 5.00000000000E+00 4.18992549304E+03 6.45588484758E+01 4.75160305789E+03 5.21331542573E+01 3.68844314544E+03 8.03824424789E+01 4.72640244932E+03 4.81309148848E+01 4.13391645921E+03 6.99579383577E+01 3.45182282771E+03 8.93609759372E+01 4.28734915144E+03 5.85296822719E+01 
5.00000000000E+00 5.50000000000E+00 6.00000000000E+00 4.55914468779E+03 6.42593825120E+01 4.74872293402E+03 5.04607182337E+01 4.21207370735E+03 8.12693504909E+01 4.73915417076E+03 4.77759825755E+01 4.49979128724E+03 6.76604831015E+01 4.24412103861E+03 8.85774457412E+01 4.43767832273E+03 5.82782208806E+01 
6.00000000000E+00 6.50000000000E+00 7.00000000000E+00 3.47574491386E+03 5.78326480015E+01 3.74751575632E+03 4.70109142502E+01 3.13889465233E+03 7.40511154649E+01 3.71569604050E+03 4.32358683914E+01 3.45339324778E+03 6.31991215107E+01 3.11120989126E+03 8.04486257681E+01 3.46744078078E+03 5.35418310960E+01 
7.00000000000E+00 7.50000000000E+00 8.00000000000E+00 3.05353655227E+03 4.31349485606E+01 3.34902125672E+03 3.74994415515E+01 2.77956807112E+03 5.49063808276E+01 3.25114337742E+03 3.21316117983E+01 3.12673983337E+03 5.03675411613E+01 2.72987060778E+03 6.00553569103E+01 3.04202771164E+03 3.94434073342E+01 
8.00000000000E+00 8.50000000000E+00 9.00000000000E+00 2.99031513023E+03 3.93176626517E+01 3.10922461939E+03 3.13709771418E+01 2.82169131232E+03 4.65929483414E+01 3.06533395228E+03 2.92852899205E+01 2.99635687024E+03 4.21127774282E+01 2.85176231332E+03 5.47507615746E+01 2.93089207314E+03 3.35449301484E+01 
9.00000000000E+00 9.50000000000E+00 1.00000000000E+01 2.46453270575E+03 3.27697738223E+01 2.58178554492E+03 2.62541987094E+01 2.34585465531E+03 4.11624900527E+01 2.54647583202E+03 2.44507004065E+01 2.46536233376E+03 3.52296908924E+01 2.28323232919E+03 4.58151605889E+01 2.47136231833E+03 2.94928356295E+01 
1.00000000000E+01 1.05000000000E+01 1.10000000000E+01 2.45612364233E+03 2.88893875411E+01 2.51270093417E+03 2.31328484634E+01 2.40261153090E+03 3.58202170412E+01 2.48317512087E+03 2.15518387841E+01 2.44801769510E+03 3.10487992859E+01 2.38401436699E+03 4.02410764903E+01 2.43435874878E+03 2.55935918767E+01 
1.10000000000E+01 1.15000000000E+01 1.20000000000E+01 2.30061128703E+03 3.63896268447E+01 2.33280231002E+03 2.91592547698E+01 2.30541099780E+03 4.60617200039E+01 2.28905245723E+03 2.70565189164E+01 2.32615589981E+03 3.92178685417E+01 2.28629474938E+03 5.07334903691E+01 2.27794101580E+03 3.30808264779E+01 
1.20000000000E+01 1.25000000000E+01 1.30000000000E+01 2.06494955485E+03 2.26868837325E+01 2.06114762639E+03 1.74047792594E+01 2.00044809258E+03 2.96736402164E+01 2.04517097376E+03 1.64535492563E+01 2.04121020854E+03 2.32908874289E+01 2.05024092637E+03 3.15406559673E+01 2.00688358925E+03 2.13576564778E+01 
1.30000000000E+01 1.35000000000E+01 1.40000000000E+01 1.88811535256E+03 2.87600072590E+01 1.87770126228E+03 1.96443443075E+01 1.79804143994E+03 3.09442411409E+01 1.87580978662E+03 2.14416004516E+01 1.86296424072E+03 2.63554436133E+01 1.88329234053E+03 3.99801759061E+01 1.80584199422E+03 2.22645743776E+01 
1.40000000000E+01 1.45000000000E+01 1.50000000000E+01 1.66463507963E+03 3.48331408030E+01 1.67679415786E+03 2.58332121710E+01 1.57731950359E+03 4.77332196226E+01 1.66272809058E+03 2.58960389736E+01 1.67182004166E+03 3.52260927719E+01 1.64049431899E+03 4.85637155920E+01 1.60161526756E+03 3.42460474487E+01 
1.50000000000E+01 1.55000000000E+01 1.60000000000E+01 1.51654751217E+03 2.03166256468E+01 1.53927302351E+03 1.60346013988E+01 1.49077970251E+03 2.40213541725E+01 1.50965539252E+03 1.51382922381E+01 1.53381210879E+03 2.15086757468E+01 1.50184473198E+03 2.82644535332E+01 1.49097012177E+03 1.72722885277E+01 
1.60000000000E+01 1.65000000000E+01 1.70000000000E+01 1.66099781082E+03 3.67903331325E+01 1.63201430669E+03 2.87537649045E+01 1.70143455101E+03 4.79633972334E+01 1.59108613461E+03 2.73641834353E+01 1.69107697360E+03 3.86880816313E+01 1.74196727383E+03 5.13215997168E+01 1.60780273691E+03 3.43910061073E+01 
1.70000000000E+01 1.75000000000E+01 1.80000000000E+01 1.30795507986E+03 1.32445848127E+01 1.30832186942E+03 1.05321231301E+01 1.30991354036E+03 1.78000834215E+01 1.29652149858E+03 9.89860956023E+00 1.30712756559E+03 1.40674651826E+01 1.29433016002E+03 1.83838110297E+01 1.28420084327E+03 1.22421446501E+01 
1.80000000000E+01 1.85000000000E+01 1.90000000000E+01 1.36017102479E+03 1.49712247918E+01 1.33215215621E+03 1.18744732397E+01 1.39184841780E+03 1.91741308112E+01 1.30480532845E+03 1.11823358758E+01 1.37902867258E+03 1.59067380020E+01 1.41766028246E+03 2.08110251098E+01 1.32776917045E+03 1.38016488118E+01 
1.90000000000E+01 1.95000000000E+01 2.00000000000E+01 1.16539666640E+03 1.40235763183E+01 1.15947500597E+03 9.50402014490E+00 1.16066563273E+03 1.78505318884E+01 1.13706345146E+03 1.04689657503E+01 1.18006531795E+03 1.27044231571E+01 1.18597868044E+03 1.94866604756E+01 1.13076152803E+03 1.28033992156E+01 
2.00000000000E+01 2.05000000000E+01 2.10000000000E+01 1.13822856970E+03 1.17479436673E+01 1.11624889134E+03 9.29465500551E+00 1.24037884141E+03 1.73600521683E+01 1.09702931451E+03 8.78319364749E+00 1.14870867200E+03 1.23808715717E+01 1.17713842832E+03 1.62548014733E+01 1.16850894489E+03 1.25368697311E+01 
2.10000000000E+01 2.15000000000E+01 2.20000000000E+01 1.00241624947E+03 1.19563432353E+01 9.85931433398E+02 9.86068447824E+00 9.84715405487E+02 1.63782805820E+01 9.78319502784E+02 8.95596491958E+00 9.99189324286E+02 1.31804301906E+01 1.01633952880E+03 1.65793487089E+01 9.69724233890E+02 1.18005464640E+01 
2.20000000000E+01 2.25000000000E+01 2.30000000000E+01 1.01390104848E+03 1.13338089310E+01 9.86295570856E+02 8.74864298023E+00 1.09686331668E+03 1.46512205570E+01 9.72444064005E+02 8.46238320906E+00 1.02106160882E+03 1.17054508691E+01 1.06319037728E+03 1.57597702840E+01 1.03826332596E+03 1.07190403685E+01 
2.30000000000E+01 2.35000000000E+01 2.40000000000E+01 6.62132344321E+02 1.56093357407E+01 7.11598326608E+02 1.17119818813E+01 6.08003040480E+02 2.04434438000E+01 6.98087867026E+02 1.16491966292E+01 6.67530486019E+02 1.56749992227E+01 6.06490849791E+02 2.13731897706E+01 6.64963534245E+02 1.47339179172E+01 
2.40000000000E+01 2.45000000000E+01 2.50000000000E+01 8.42630436313E+02 1.35778884806E+01 8.18146562412E+02 1.07932112201E+01 8.59960006862E+02 1.75033668643E+01 8.13018588277E+02 1.01555201976E+01 8.40087232695E+02 1.44339785767E+01 8.64562293216E+02 1.88466599463E+01 8.28568122673E+02 1.26146501754E+01 
2.50000000000E+01 2.55000000000E+01 2.60000000000E+01 8.97044405253E+02 1.14668771402E+01 8.52907445041E+02 8.97554395736E+00 9.33884436445E+02 1.47924752486E+01 8.37027784322E+02 8.47114000190E+00 9.05606470381E+02 1.20667062514E+01 9.61492286668E+02 1.58865834381E+01 8.67542810917E+02 1.06753842206E+01 
2.60000000000E+01 2.65000000000E+01 2.70000000000E+01 7.48810850103E+02 8.32815192559E+00 7.38215116461E+02 6.53788001769E+00 7.56889963736E+02 1.10124666722E+01 7.24520782203E+02 6.23913173804E+00 7.57314808537E+02 8.70281364086E+00 7.63786025123E+02 1.15712904699E+01 7.29313464910E+02 7.92499171383E+00 
2.70000000000E+01 2.75000000000E+01 2.80000000000E+01 6.98747123655E+02 9.37257999423E+00 6.99541392163E+02 7.22146520660E+00 6.98011022984E+02 1.22614026929E+01 6.79932456939E+02 6.93972888490E+00 7.16870264233E+02 9.75146467602E+00 7.18788197228E+02 1.29654300561E+01 6.78170960539E+02 8.84744681902E+00 
2.80000000000E+01 2.85000000000E+01 2.90000000000E+01 6.16652872237E+02 8.33674525977E+00 6.13014139242E+02 6.60501079156E+00 6.00959652639E+02 1.06215238988E+01 6.03054779194E+02 6.27154827988E+00 6.21461655606E+02 8.77958981787E+00 6.19620724330E+02 1.15148217286E+01 5.97584975645E+02 7.68907464702E+00 
2.90000000000E+01 2.95000000000E+01 3.00000000000E+01 6.02169045062E+02 7.99782011355E+00 5.91875874314E+02 6.34515686511E+00 6.18967838778E+02 1.04486329942E+01 5.83259163362E+02 5.99682513885E+00 6.08358838887E+02 8.45128203599E+00 6.18057154407E+02 1.10818350864E+01 5.95989538789E+02 7.47557985016E+00 
3.00000000000E+01 3.05000000000E+01 3.10000000000E+01 4.64951933358E+02 1.95635388178E+01 4.77603594074E+02 1.56753201755E+01 4.32858705149E+02 2.48050700667E+01 4.73990618880E+02 1.45247936754E+01 4.59149208106E+02 2.11096653082E+01 4.36698311377E+02 2.72096825408E+01 4.59043537225E+02 1.77978220200E+01 
3.10000000000E+01 3.15000000000E+01 3.20000000000E+01 4.85954193963E+02 8.12349635257E+00 4.91720490677E+02 6.45602449650E+00 4.84428226535E+02 1.06739220055E+01 4.86484117983E+02 6.12055183340E+00 4.84338004233E+02 8.58943391944E+00 4.85664110786E+02 1.13772812897E+01 4.85575947273E+02 7.69323821417E+00 
3.20000000000E+01 3.25000000000E+01 3.30000000000E+01 5.10471786169E+02 6.48222065986E+00 5.04633807228E+02 5.17054130580E+00 5.19818969320E+02 8.32100050448E+00 4.96653761888E+02 4.86179540104E+00 5.17762170107E+02 6.89422459756E+00 5.21707501654E+02 8.98975236034E+00 5.06555517000E+02 5.99749689636E+00 
3.30000000000E+01 3.35000000000E+01 3.40000000000E+01 4.44766865776E+02 8.89471111774E+00 4.48407381438E+02 6.98425793978E+00 4.45459015538E+02 1.18563737099E+01 4.41948644566E+02 6.64314401578E+00 4.49232932666E+02 9.35165052394E+00 4.41234979389E+02 1.23338351851E+01 4.46244003796E+02 8.53699334831E+00 
3.40000000000E+01 3.45000000000E+01 3.50000000000E+01 4.36854588406E+02 6.63416818174E+00 4.30999143219E+02 5.42977515944E+00 4.42701539570E+02 9.07636764151E+00 4.28530461053E+02 4.96472287966E+00 4.37927007916E+02 7.25969084614E+00 4.38806214968E+02 9.22974952977E+00 4.35232725025E+02 6.52857589685E+00 
3.50000000000E+01 3.55000000000E+01 3.60000000000E+01 3.95678622220E+02 6.98241812166E+00 3.89588053489E+02 5.49537258872E+00 3.77612888736E+02 9.45661139066E+00 3.85651358569E+02 5.39419478267E+00 3.91836311826E+02 7.29162695094E+00 3.94043363768E+02 1.04368116845E+01 3.78744320689E+02 6.82083850366E+00 
3.60000000000E+01 3.65000000000E+01 3.70000000000E+01 3.65626848477E+02 6.68425592576E+00 3.72084379591E+02 5.25392886311E+00 3.33870882826E+02 8.94234561950E+00 3.65485690514E+02 5.00000196323E+00 3.70785528353E+02 7.04101298876E+00 3.50171098643E+02 9.31327164020E+00 3.46586481217E+02 6.45823538234E+00 
3.70000000000E+01 3.75000000000E+01 3.80000000000E+01 3.68026087567E+02 5.99101714109E+00 3.75292314281E+02 4.74005698730E+00 3.59897492512E+02 7.81046869455E+00 3.63198982700E+02 4.51100374715E+00 3.78282765395E+02 6.26857644306E+00 3.67467115658E+02 8.26379443571E+00 3.69861579926E+02 5.87473020448E+00 
3.80000000000E+01 3.85000000000E+01 3.90000000000E+01 3.44296873815E+02 6.26905934257E+00 3.43346324065E+02 4.92265958626E+00 3.42262030061E+02 8.47304857827E+00 3.43622094050E+02 4.65073338605E+00 3.44590102867E+02 6.57188535765E+00 3.41478793380E+02 8.69344420036E+00 3.39642390793E+02 6.19133826984E+00 
3.90000000000E+01 3.95000000000E+01 4.00000000000E+01 3.96202953994E+02 5.86132023042E+00 3.83161183193E+02 4.50152561688E+00 4.06446621767E+02 7.33811408284E+00 3.78511731675E+02 4.35864415308E+00 4.04490069012E+02 5.99873641894E+00 4.21084694588E+02 8.13719679974E+00 3.81852941678E+02 5.29305878355E+00 
4.00000000000E+01 4.05000000000E+01 4.10000000000E+01 2.82620229704E+02 1.41154594557E+01 2.88432508127E+02 1.09642315114E+01 2.74529342787E+02 1.84929725790E+01 2.88179077615E+02 1.05056208588E+01 2.86721789659E+02 1.47242420971E+01 2.72388253189E+02 1.96314165654E+01 2.79464508753E+02 1.32979263467E+01 
4.10000000000E+01 4.15000000000E+01 4.20000000000E+01 3.29834842517E+02 5.80480774932E+00 3.22688869911E+02 4.46176057182E+00 3.28460681516E+02 7.94477673328E+00 3.17189159679E+02 4.23937243298E+00 3.34112119453E+02 6.11854217610E+00 3.40404601687E+02 8.35173805490E+00 3.14245242438E+02 5.65471970441E+00 
4.20000000000E+01 4.25000000000E+01 4.30000000000E+01 2.88389435620E+02 6.88830354330E+00 2.89674094453E+02 5.29045607130E+00 2.95379217672E+02 9.25285265938E+00 2.85439899718E+02 5.05467190032E+00 2.92238236635E+02 7.21160510049E+00 2.86350087153E+02 9.75652837100E+00 2.91900162515E+02 6.55049091663E+00 
4.30000000000E+01 4.35000000000E+01 4.40000000000E+01 3.11047698834E+02 4.92040641377E+00 3.00983241514E+02 3.49548173625E+00 3.30037844287E+02 6.56132476126E+00 2.94693083301E+02 3.68209111522E+00 3.20068962425E+02 4.57181058944E+00 3.33259629467E+02 6.70736428997E+00 3.10157693063E+02 4.71934273780E+00 
4.40000000000E+01 4.45000000000E+01 4.50000000000E+01 3.03121425448E+02 4.08000041352E+00 2.93499656432E+02 3.16614530454E+00 3.13077155866E+02 5.41024875367E+00 2.88442258061E+02 3.07300227342E+00 3.05947524813E+02 4.22072719988E+00 3.14836787147E+02 5.65711598670E+00 2.98827619367E+02 3.88922162808E+00 
4.50000000000E+01 4.55000000000E+01 4.60000000000E+01 2.03494885919E+02 4.92068613847E+00 2.10216654894E+02 3.80234097342E+00 1.82663861347E+02 6.81495626065E+00 2.11911011204E+02 3.68985641807E+00 2.00223326462E+02 5.08096637233E+00 1.81908548219E+02 6.83538671886E+00 2.04318383357E+02 4.79306259045E+00 
4.60000000000E+01 4.65000000000E+01 4.70000000000E+01 2.60662946763E+02 3.63536181578E+00 2.51750952999E+02 2.91538443975E+00 2.62461599256E+02 4.95290951343E+00 2.50110881639E+02 2.75309777447E+00 2.61084141275E+02 3.87238575499E+00 2.65388183774E+02 5.21395109953E+00 2.51869134150E+02 3.56393286126E+00 
4.70000000000E+01 4.75000000000E+01 4.80000000000E+01 2.36502414306E+02 4.96707127601E+00 2.35453335850E+02 3.83521487847E+00 2.56242294937E+02 4.70949883754E+00 2.41572611825E+02 2.66377120899E+00 2.38855858594E+02 5.19966474783E+00 2.37429180877E+02 7.02199345660E+00 2.48363668335E+02 3.38900383510E+00 
4.80000000000E+01 4.85000000000E+01 4.90000000000E+01 2.11341401529E+02 3.76702449696E+00 2.20726076073E+02 3.93846860261E+00 2.29551070439E+02 6.69832687094E+00 2.21118878713E+02 3.75314093629E+00 2.11565778357E+02 3.93225054250E+00 2.38467963710E+02 7.25511302839E+00 2.04698166777E+02 3.48602346870E+00 
4.90000000000E+01 4.95000000000E+01 5.00000000000E+01 2.18280430730E+02 5.38423474353E+00 2.24105121786E+02 4.20194705289E+00 2.16803244105E+02 7.05118732639E+00 2.16091185540E+02 4.01113372205E+00 2.28442293525E+02 5.66454962737E+00 2.16671702692E+02 7.52358261194E+00 2.17259542331E+02 5.02889647717E+00 
5.00000000000E+01 5.05000000000E+01 5.10000000000E+01 2.10819374521E+02 3.32665268341E+00 1.99238426521E+02 2.85852464921E+00 2.09039006322E+02 4.60153503568E+00 2.00586972174E+02 2.73544715460E+00 2.08047730055E+02 3.46184533228E+00 2.14761547038E+02 4.58945675045E+00 1.99163615201E+02 3.61315854283E+00 
5.10000000000E+01 5.15000000000E+01 5.20000000000E+01 1.89272310992E+02 4.50413516527E+00 1.92714278404E+02 3.59530022745E+00 1.93083942845E+02 5.90065296060E+00 1.84839566395E+02 3.34577271338E+00 1.97166399408E+02 4.84307647484E+00 1.92054323895E+02 6.28216221636E+00 1.88486698689E+02 4.22900172725E+00 
5.20000000000E+01 5.25000000000E+01 5.30000000000E+01 2.08129231205E+02 3.73286850243E+00 2.06314612969E+02 2.99752790529E+00 2.15788052186E+02 4.82448188173E+00 2.00310974860E+02 2.77438796669E+00 2.15273762620E+02 4.01352064673E+00 2.12220231775E+02 5.10719587330E+00 2.10884652824E+02 3.51122872007E+00 
5.30000000000E+01 5.35000000000E+01 5.40000000000E+01 1.64261558737E+02 2.92521435798E+00 1.68097705909E+02 2.33441612586E+00 1.63494181633E+02 3.95722781739E+00 1.62904981713E+02 2.20721859732E+00 1.69119623650E+02 3.07882250444E+00 1.67374920511E+02 4.18886757387E+00 1.62430527429E+02 2.87111209222E+00 
5.40000000000E+01 5.45000000000E+01 5.50000000000E+01 1.68258005368E+02 3.99802562088E+00 1.65673529360E+02 3.14650370973E+00 1.62444083306E+02 5.50126314548E+00 1.64710185865E+02 3.06824360318E+00 1.66582004433E+02 4.08634584538E+00 1.68115502549E+02 5.39579497939E+00 1.63226746444E+02 4.05933208892E+00 
5.50000000000E+01 5.55000000000E+01 5.60000000000E+01 1.60403921985E+02 3.64022276403E+00 1.58406824633E+02 2.90416829046E+00 1.57283276992E+02 4.73769979804E+00 1.58839011130E+02 2.81486009563E+00 1.58218053655E+02 3.75668685976E+00 1.60770831923E+02 4.90636921332E+00 1.58417848691E+02 3.52605373446E+00 
5.60000000000E+01 5.65000000000E+01 5.70000000000E+01 1.65819525427E+02 2.84667180693E+00 1.58872815685E+02 2.29917213835E+00 1.69816878198E+02 4.07525032823E+00 1.60988117786E+02 2.14153929169E+00 1.61742535642E+02 3.05870231336E+00 1.71740425531E+02 3.92479200565E+00 1.66267200419E+02 2.95542803862E+00 
5.70000000000E+01 5.75000000000E+01 5.80000000000E+01 1.48483660576E+02 2.85456957125E+00 1.46910013804E+02 2.23935489986E+00 1.47183620983E+02 3.71021232139E+00 1.43496110461E+02 2.20375168843E+00 1.49227730359E+02 2.90192182344E+00 1.50088123983E+02 3.89171123628E+00 1.44818915089E+02 2.79838759120E+00 
5.80000000000E+01 5.85000000000E+01 5.90000000000E+01 1.26420529723E+02 3.53869228730E+00 1.31454286479E+02 2.76332662490E+00 1.12233228493E+02 4.71581130744E+00 1.30399119616E+02 2.69471937951E+00 1.26819598072E+02 3.63247487711E+00 1.14470801571E+02 4.84355129938E+00 1.21462552597E+02 3.44397323678E+00 
5.90000000000E+01 5.95000000000E+01 6.00000000000E+01 1.51889991239E+02 2.52395928046E+00 1.45177410324E+02 1.95476141036E+00 1.60307964999E+02 3.30302685477E+00 1.44730791447E+02 1.90919499890E+00 1.51389253039E+02 2.58755937754E+00 1.60693281152E+02 3.43860341383E+00 1.49962206600E+02 2.42960053254E+00 
6.00000000000E+01 6.05000000000E+01 6.10000000000E+01 1.44835506023E+02 3.18924750389E+00 1.37304254758E+02 2.46297100263E+00 1.44546506408E+02 4.31328537134E+00 1.38973757140E+02 2.37628816762E+00 1.41488934744E+02 3.29600488809E+00 1.58437684337E+02 4.72724944329E+00 1.39207938243E+02 3.09142265494E+00 
6.10000000000E+01 6.15000000000E+01 6.20000000000E+01 1.30616345452E+02 3.21472961902E+00 1.28198472709E+02 2.49717359876E+00 1.35561278838E+02 4.33162180123E+00 1.24925517602E+02 2.42575727893E+00 1.30783598712E+02 3.31796106512E+00 1.36452696597E+02 4.46986859341E+00 1.30685739134E+02 3.11972151909E+00 
6.20000000000E+01 6.25000000000E+01 6.30000000000E+01 1.21857834455E+02 2.98122468459E+00 1.19587040559E+02 2.02177587525E+00 1.20169167592E+02 4.03814798612E+00 1.20026200568E+02 2.21739601459E+00 1.22183431819E+02 2.72343477473E+00 1.23510781131E+02 4.18348340200E+00 1.20096356535E+02 2.87845622976E+00 
6.30000000000E+01 6.35000000000E+01 6.40000000000E+01 1.29701768717E+02 2.03978744768E+00 1.24897008417E+02 1.55975011240E+00 1.35032354964E+02 2.75200413662E+00 1.24947311646E+02 1.53279274203E+00 1.28214450498E+02 2.08541869710E+00 1.34017648858E+02 2.85562266463E+00 1.29626746783E+02 1.98153639894E+00 
6.40000000000E+01 6.45000000000E+01 6.50000000000E+01 1.05751484672E+02 2.56369441918E+00 1.03841980170E+02 2.08265107134E+00 1.08854285478E+02 3.35589361344E+00 1.06220921528E+02 1.85532736625E+00 1.04534436963E+02 2.76939891638E+00 1.03626161506E+02 3.53371596219E+00 1.06990558352E+02 2.44054996395E+00 
6.50000000000E+01 6.55000000000E+01 6.60000000000E+01 1.11561299846E+02 2.12312332168E+00 1.12539601265E+02 1.70881877298E+00 1.10677836381E+02 2.68524593117E+00 1.10257162985E+02 1.57785104544E+00 1.16812087711E+02 2.25907477093E+00 1.18372334202E+02 2.90830790545E+00 1.09593055908E+02 1.94489890412E+00 
6.60000000000E+01 6.65000000000E+01 6.70000000000E+01 1.06265212120E+02 2.73550971572E+00 1.04280051888E+02 2.07701348410E+00 1.10151425504E+02 3.35898263561E+00 1.04171154030E+02 2.04505880569E+00 1.06305186584E+02 2.77649615941E+00 1.05307068036E+02 3.80912344607E+00 1.09166046638E+02 2.41848388834E+00 
6.70000000000E+01 6.75000000000E+01 6.80000000000E+01 8.41484487692E+01 2.23560736706E+00 8.47318718939E+01 1.77796327120E+00 7.65913604009E+01 2.93671439772E+00 8.56061172293E+01 1.67552147697E+00 8.24007848184E+01 2.37116083891E+00 7.91823870608E+01 3.10745579751E+00 8.10639396945E+01 2.09914113471E+00 
6.80000000000E+01 6.85000000000E+01 6.90000000000E+01 1.04414957072E+02 4.62245261315E+00 1.04314264339E+02 3.14877801287E+00 1.06176809180E+02 6.67126540508E+00 1.00369420925E+02 3.31009189849E+00 1.08511804852E+02 4.40859905241E+00 1.10686162176E+02 6.55852582912E+00 1.02260536124E+02 4.64745133797E+00 
6.90000000000E+01 6.95000000000E+01 7.00000000000E+01 9.68449136746E+01 4.39382036594E+00 9.23008532086E+01 3.09243003430E+00 1.01113132526E+02 6.40361048675E+00 9.31807203237E+01 3.15032752392E+00 9.59267197059E+01 4.31077353120E+00 9.76804932854E+01 6.24224342310E+00 9.73200002526E+01 4.43380945226E+00 
7.00000000000E+01 7.05000000000E+01 7.10000000000E+01 9.32944023285E+01 1.95171407051E+00 9.05207257217E+01 1.51427827778E+00 9.24173009115E+01 2.62265652223E+00 9.15517577086E+01 1.48605721973E+00 9.19170224831E+01 1.99143564181E+00 9.28640794977E+01 2.68359667715E+00 9.21302336920E+01 1.90789443863E+00 
7.10000000000E+01 7.15000000000E+01 7.20000000000E+01 9.78516240138E+01 1.84046015270E+00 9.10425501592E+01 1.37712004178E+00 1.02728780134E+02 2.55210195223E+00 9.43020201486E+01 1.41609487368E+00 9.60905783370E+01 1.89127004525E+00 1.02594448183E+02 2.50825123208E+00 9.78464252860E+01 1.86217797253E+00 
7.20000000000E+01 7.25000000000E+01 7.30000000000E+01 8.84426752599E+01 1.86070664190E+00 8.59540470077E+01 1.44118537354E+00 9.16518164028E+01 2.52025796733E+00 8.50011228358E+01 1.38935221880E+00 8.74262283474E+01 1.88611075945E+00 9.09480369857E+01 2.57065002229E+00 8.79181178779E+01 1.82831418765E+00 
7.30000000000E+01 7.35000000000E+01 7.40000000000E+01 7.54020743732E+01 2.23355726235E+00 7.41184156897E+01 1.70567211029E+00 7.29562461350E+01 3.15517630231E+00 7.50888903877E+01 1.66939957529E+00 7.38548504028E+01 2.28023475907E+00 7.37815160715E+01 3.11339368733E+00 7.48006256407E+01 2.26134204547E+00 
7.40000000000E+01 7.45000000000E+01 7.50000000000E+01 8.63808748310E+01 2.20513656511E+00 8.40088227966E+01 1.69386698090E+00 8.84788094582E+01 2.93032301085E+00 8.36666903223E+01 1.64850688112E+00 8.82235112863E+01 2.26798899277E+00 9.01903078289E+01 3.05120395571E+00 8.18288661411E+01 2.07247995563E+00 
7.50000000000E+01 7.55000000000E+01 7.60000000000E+01 6.61380890212E+01 1.91999827211E+00 6.61964395152E+01 1.43829287769E+00 6.16317023264E+01 2.60900071505E+00 6.69094933174E+01 1.45837140605E+00 6.55190708157E+01 1.90388203317E+00 6.26496208976E+01 2.65566256699E+00 6.45760250071E+01 1.90103078003E+00 
7.60000000000E+01 7.65000000000E+01 7.70000000000E+01 6.98290967578E+01 1.75634496838E+00 7.21298962966E+01 1.37671864229E+00 6.93717964915E+01 2.45609400935E+00 6.53961139721E+01 1.44503187505E+00 7.46357821549E+01 1.83819047228E+00 7.06554445791E+01 2.43745636545E+00 6.85957849540E+01 1.77385657372E+00 
7.70000000000E+01 7.75000000000E+01 7.80000000000E+01 6.80493943509E+01 1.99027529904E+00 6.89404509191E+01 1.52668276161E+00 6.80430026939E+01 2.68286580579E+00 6.72926128686E+01 1.48221318873E+00 7.04061774598E+01 2.05694669701E+00 6.68061752227E+01 2.77908417972E+00 6.84213730404E+01 1.92367090402E+00 
7.80000000000E+01 7.85000000000E+01 7.90000000000E+01 7.34914101118E+01 1.85933111004E+00 7.10493405096E+01 1.39032551728E+00 7.85808745616E+01 2.57373458677E+00 7.12079889874E+01 1.40280337726E+00 7.34784588821E+01 1.84377583872E+00 7.60641783915E+01 2.56741749914E+00 7.52902588916E+01 1.86965092270E+00 
7.90000000000E+01 7.95000000000E+01 8.00000000000E+01 6.35721449514E+01 1.89774426153E+00 6.48413558810E+01 1.46322058793E+00 6.14528573769E+01 2.64964224276E+00 6.24602134630E+01 1.43165877928E+00 6.73429527838E+01 1.94737864875E+00 6.37150977829E+01 2.61698574336E+00 6.19151506184E+01 1.92238374353E+00 
8.00000000000E+01 8.05000000000E+01 8.10000000000E+01 6.41616969706E+01 1.38653888815E+00 6.31945748108E+01 1.05502704708E+00 6.55860010348E+01 1.86700955351E+00 6.35831436051E+01 1.02891777269E+00 6.38129166146E+01 1.42972747157E+00 6.58521976661E+01 1.92814323251E+00 6.27589645460E+01 1.36923764315E+00 
8.10000000000E+01 8.15000000000E+01 8.20000000000E+01 6.34894122173E+01 1.44565201145E+00 6.22736317895E+01 1.02745762052E+00 6.70258701470E+01 1.97142771426E+00 6.13458567383E+01 1.09197856856E+00 6.35420263906E+01 1.35838651653E+00 6.45184409267E+01 1.99002806428E+00 6.38393739946E+01 1.44164307492E+00 
8.20000000000E+01 8.25000000000E+01 8.30000000000E+01 5.94415411657E+01 1.40407328638E+00 6.09349834671E+01 1.11434097822E+00 6.26917656071E+01 1.93563712781E+00 5.89822680941E+01 1.06606042834E+00 6.36791155794E+01 1.46434389084E+00 6.04302389377E+01 1.92193979074E+00 6.13998578819E+01 1.39991061926E+00 
8.30000000000E+01 8.35000000000E+01 8.40000000000E+01 4.41133002306E+01 4.91023771699E+00 6.09508833089E+01 8.93164894879E-01 3.59028561954E+01 7.32350666049E+00 4.65067881514E+01 3.74952048093E+00 4.60576750374E+01 4.45323924151E+00 3.93574505153E+01 6.65668578751E+00 4.15038297162E+01 5.40730958280E+00 
8.40000000000E+01 8.45000000000E+01 8.50000000000E+01 5.08047398602E+01 5.27409889344E+00 4.96680067057E+01 3.70936514835E+00 5.02462675817E+01 7.88325987931E+00 4.99418788074E+01 4.02810013590E+00 4.90011288668E+01 4.87573732665E+00 4.72901030683E+01 7.23602038066E+00 5.23554816579E+01 5.78444819257E+00 
8.50000000000E+01 8.55000000000E+01 8.60000000000E+01 6.04937183667E+01 1.16967628038E+00 5.81703551408E+01 8.91239015041E-01 6.32550404853E+01 1.65411022802E+00 5.78018372491E+01 8.84234711381E-01 6.07947843615E+01 1.17882125707E+00 6.30437603213E+01 1.62642447756E+00 6.04727498710E+01 1.19972071866E+00 
8.60000000000E+01 8.65000000000E+01 8.70000000000E+01 4.97974837526E+01 1.20363370344E+00 4.71219179460E+01 1.13155501357E+00 4.89692305750E+01 1.70411512333E+00 4.91881085387E+01 9.08481711366E-01 4.53375068602E+01 1.48479379671E+00 4.43385212248E+01 2.16444636405E+00 4.90566485861E+01 1.23302055392E+00 
8.70000000000E+01 8.75000000000E+01 8.80000000000E+01 5.05572660199E+01 1.17578021040E+00 5.04030496683E+01 8.88415054023E-01 5.11511647694E+01 1.62942019576E+00 4.93995511723E+01 8.87217991515E-01 5.16011253572E+01 1.17660001935E+00 5.14211121114E+01 1.62566359756E+00 5.00497859537E+01 1.17645843612E+00 
8.80000000000E+01 8.85000000000E+01 8.90000000000E+01 5.13402301614E+01 1.21765604896E+00 5.17165886808E+01 9.54442074178E-01 5.36969517010E+01 1.65807910694E+00 4.96345224692E+01 9.15071143812E-01 5.38322226217E+01 1.27029659610E+00 5.22234275928E+01 1.68961180640E+00 5.19836931146E+01 1.19805040571E+00 
8.90000000000E+01 8.95000000000E+01 9.00000000000E+01 4.85794176009E+01 1.18099090045E+00 4.78838877954E+01 8.91206622158E-01 4.84881482268E+01 1.66424133175E+00 4.70215749039E+01 8.91268602940E-01 4.96584668184E+01 1.17474309397E+00 4.81146031664E+01 1.70411129236E+00 4.87349020109E+01 1.15880381299E+00 
9.00000000000E+01 9.05000000000E+01 9.10000000000E+01 4.58611414739E+01 1.32078423054E+00 4.41114916170E+01 1.00772749525E+00 4.86407129888E+01 1.66538281580E+00 4.46241579737E+01 9.93085671733E-01 4.53646078978E+01 1.34032538741E+00 4.70414609611E+01 1.83417321149E+00 4.70803566238E+01 1.20435678077E+00 
9.10000000000E+01 9.15000000000E+01 9.20000000000E+01 4.17480401966E+01 1.31269933676E+00 3.83060122213E+01 1.32666082991E+00 3.63589987616E+01 1.52563053128E+00 4.22246894053E+01 9.80555606901E-01 3.74574378893E+01 1.78051855717E+00 3.22439576553E+01 2.50773858164E+00 3.91842552432E+01 1.10055841161E+00 
9.20000000000E+01 9.25000000000E+01 9.30000000000E+01 4.99271280051E+01 1.46047530688E+00 4.64524715013E+01 1.08066554655E+00 5.43750911019E+01 2.03279744551E+00 4.61834974347E+01 1.10026695048E+00 4.88404127988E+01 1.45186701510E+00 5.28603661030E+01 2.04649495406E+00 4.95593881744E+01 1.47022267582E+00 
9.30000000000E+01 9.35000000000E+01 9.40000000000E+01 3.65118530479E+01 1.10548316757E+00 3.62739476249E+01 8.51182025138E-01 3.30892417525E+01 1.41804136944E+00 3.59387986016E+01 8.43103695368E-01 3.61979266621E+01 1.12805315393E+00 3.53061962727E+01 1.53999394665E+00 3.47614102906E+01 1.03221090016E+00 
9.40000000000E+01 9.45000000000E+01 9.50000000000E+01 4.55666588554E+01 1.13243390363E+00 4.24713786463E+01 8.23670548763E-01 4.51811327383E+01 1.52472149455E+00 4.27318095624E+01 8.34614167649E-01 4.45175936358E+01 1.09394747290E+00 4.77535716430E+01 1.56171432996E+00 4.42541607195E+01 9.80787766466E-01 
9.50000000000E+01 9.55000000000E+01 9.60000000000E+01 3.50609247261E+01 1.11807079178E+00 3.37123643291E+01 7.99676774559E-01 3.19118967948E+01 1.90571137985E+00 3.40779419298E+01 8.54052467966E-01 3.36706793439E+01 1.06298822407E+00 3.33291658047E+01 1.50804059816E+00 3.10208286376E+01 1.23247811184E+00 
9.60000000000E+01 9.65000000000E+01 9.70000000000E+01 3.58200790939E+01 8.73671256358E-01 3.50990192329E+01 6.91674555926E-01 3.54024408515E+01 1.26210487864E+00 3.43168380258E+01 7.21322051487E-01 3.60590159694E+01 8.73680278149E-01 3.40639191511E+01 1.31492386223E+00 3.56816913838E+01 9.21028770919E-01 
9.70000000000E+01 9.75000000000E+01 9.80000000000E+01 3.63253901962E+01 1.00380851081E+00 3.56629696301E+01 7.54940611960E-01 3.96633966662E+01 1.36786452122E+00 3.51603424109E+01 7.58172033675E-01 3.68609225495E+01 1.00144202676E+00 3.73935889310E+01 1.37457183621E+00 3.80526110339E+01 9.94140117209E-01 
9.80000000000E+01 9.85000000000E+01 9.90000000000E+01 2.96565060195E+01 1.00314515448E+00 3.13583376889E+01 7.57066827016E-01 2.59673216485E+01 1.38343644267E+00 2.99670634198E+01 7.59359132612E-01 3.13178052401E+01 9.99848067765E-01 2.79709000502E+01 1.38540912902E+00 2.81804324517E+01 9.94219014275E-01 
9.90000000000E+01 9.95000000000E+01 1.00000000000E+02 4.09356841687E+01 9.80490538105E-01 3.82332897391E+01 7.48121978398E-01 4.25974779127E+01 1.27379972227E+00 3.90150459749E+01 7.54766709085E-01 4.09215426059E+01 9.68098157687E-01 4.34925278982E+01 1.33658826103E+00 4.00580325182E+01 9.36825024581E-01 
#nx: 3
