#labels: ptz__-4p0__-3p5_lower[1] ptz__-4p0__-3p5_center[2] ptz__-4p0__-3p5_upper[3] tot_scale01[4] tot_scale01_Err[5] tot_scale02[6] tot_scale02_Err[7] tot_scale03[8] tot_scale03_Err[9] tot_scale04[10] tot_scale04_Err[11] tot_scale05[12] tot_scale05_Err[13] tot_scale06[14] tot_scale06_Err[15] tot_scale07[16] tot_scale07_Err[17]
#neval: 862104527401
#overflow:lower center upper 1.21618796352E+02 5.13883603129E-01 1.17380177220E+02 3.64224450972E-01 1.22406221545E+02 7.65755026177E-01 1.18375216861E+02 3.89903040140E-01 1.21335000764E+02 4.80170251725E-01 1.22821938397E+02 7.07940866798E-01 1.22630762047E+02 5.56138639555E-01 
0.00000000000E+00 5.00000000000E-01 1.00000000000E+00 0.00000000000E+00 0.00000000000E+00 0.00000000000E+00 0.00000000000E+00 0.00000000000E+00 0.00000000000E+00 0.00000000000E+00 0.00000000000E+00 0.00000000000E+00 0.00000000000E+00 0.00000000000E+00 0.00000000000E+00 0.00000000000E+00 0.00000000000E+00 
1.00000000000E+00 1.50000000000E+00 2.00000000000E+00 1.48264764816E+03 2.19091863547E+02 4.40252370156E+03 1.69119386610E+02 -1.26091421392E+03 2.92215707886E+02 4.70597924326E+03 1.63237781642E+02 8.10112001043E+02 2.26591420079E+02 -2.35392138762E+03 3.04501577169E+02 2.28432168459E+03 2.09004838680E+02 
2.00000000000E+00 2.50000000000E+00 3.00000000000E+00 6.51453648985E+03 1.25136846626E+02 7.61028555376E+03 9.83861133551E+01 5.35932434027E+03 1.80259935909E+02 7.70498657142E+03 9.60634912249E+01 6.34667343539E+03 1.32342430661E+02 5.06669088671E+03 1.73646827126E+02 6.45999958855E+03 1.25451588137E+02 
3.00000000000E+00 3.50000000000E+00 4.00000000000E+00 5.38452433579E+03 1.01348667845E+02 6.23501920472E+03 7.46672648938E+01 4.68017339104E+03 1.30174190880E+02 6.23407492619E+03 6.94189402250E+01 5.40133719413E+03 1.05448373026E+02 4.39835072506E+03 1.41573200196E+02 5.52254879233E+03 9.24315621646E+01 
4.00000000000E+00 4.50000000000E+00 5.00000000000E+00 3.66823195467E+03 2.62415461520E+02 4.39031046751E+03 2.05353632160E+02 2.78961079487E+03 3.42511797661E+02 4.34247675247E+03 1.94658756572E+02 3.65875150100E+03 2.76807403745E+02 2.61048525543E+03 3.66428103353E+02 3.62301240312E+03 2.45802780357E+02 
5.00000000000E+00 5.50000000000E+00 6.00000000000E+00 4.18443498235E+03 5.86127899040E+01 4.66466159089E+03 4.38127723842E+01 3.92575093656E+03 7.20323704677E+01 4.43904415981E+03 4.24068062230E+01 4.46842893137E+03 5.87153455380E+01 3.99555340738E+03 7.46609936926E+01 4.08184361778E+03 5.63802768806E+01 
6.00000000000E+00 6.50000000000E+00 7.00000000000E+00 3.95073570557E+03 3.87452163068E+01 4.09129690528E+03 3.14518656995E+01 3.78555518495E+03 5.18459208402E+01 3.99594715382E+03 2.89813130253E+01 4.01671947844E+03 4.22108700512E+01 3.81959971496E+03 5.37846898003E+01 3.87455852314E+03 3.73451993263E+01 
7.00000000000E+00 7.50000000000E+00 8.00000000000E+00 3.06386636529E+03 3.95261655085E+01 3.37007971513E+03 3.37861249800E+01 2.83358014482E+03 5.29309854624E+01 3.15697198105E+03 2.95041997892E+01 3.30129925748E+03 4.53171758791E+01 2.87209461816E+03 5.49718085234E+01 2.99845042528E+03 3.80555215300E+01 
8.00000000000E+00 8.50000000000E+00 9.00000000000E+00 2.72379560482E+03 4.13361497746E+01 2.82458361145E+03 3.20932126028E+01 2.54909519446E+03 5.44350703548E+01 2.77276566597E+03 3.08059062953E+01 2.75278513452E+03 4.30614480720E+01 2.59472075406E+03 5.75270476730E+01 2.65848444287E+03 3.91381883954E+01 
9.00000000000E+00 9.50000000000E+00 1.00000000000E+01 2.61436157657E+03 3.46135516768E+01 2.65510812834E+03 2.62095555742E+01 2.46728490669E+03 4.27744368120E+01 2.57586328689E+03 2.58129695220E+01 2.68410192921E+03 3.52271733916E+01 2.60031265043E+03 4.80845741208E+01 2.48746932242E+03 3.07882229149E+01 
1.00000000000E+01 1.05000000000E+01 1.10000000000E+01 2.24840518067E+03 2.54938085523E+01 2.29830011700E+03 1.95502974309E+01 2.20221962471E+03 3.42725241313E+01 2.23325352954E+03 1.90675870861E+01 2.29869889770E+03 2.61711148218E+01 2.23955391930E+03 3.51830219521E+01 2.20749253050E+03 2.46940827169E+01 
1.10000000000E+01 1.15000000000E+01 1.20000000000E+01 2.23874041986E+03 2.35925428174E+01 2.19574131159E+03 1.80498838635E+01 2.20404740501E+03 3.06969127018E+01 2.15437837393E+03 1.76104891505E+01 2.25784861784E+03 2.41113628710E+01 2.26193504291E+03 3.64419682530E+01 2.13290939212E+03 2.20681532404E+01 
1.20000000000E+01 1.25000000000E+01 1.30000000000E+01 1.86632668546E+03 2.08236474292E+01 1.86244438537E+03 1.61149746468E+01 1.87105889408E+03 2.79887955924E+01 1.81847111970E+03 1.55879084271E+01 1.90475119603E+03 2.15243303824E+01 1.89924641047E+03 2.89032780130E+01 1.82881806022E+03 2.01603197859E+01 
1.30000000000E+01 1.35000000000E+01 1.40000000000E+01 1.42552078271E+03 2.13714054634E+01 1.46794104446E+03 1.62511869972E+01 1.34715582555E+03 2.96430209118E+01 1.44396354893E+03 1.58783112264E+01 1.44370936919E+03 2.18733850597E+01 1.35802891209E+03 2.93551819843E+01 1.39858738229E+03 2.11785044198E+01 
1.40000000000E+01 1.45000000000E+01 1.50000000000E+01 1.28320483569E+03 2.16919104319E+01 1.33392886367E+03 1.66781696563E+01 1.20694632458E+03 2.89313762485E+01 1.30135040607E+03 1.61673729802E+01 1.33596539584E+03 2.15888592660E+01 1.21238131525E+03 3.04337209572E+01 1.25458404543E+03 2.07744650601E+01 
1.50000000000E+01 1.55000000000E+01 1.60000000000E+01 1.62965232510E+03 2.52867306925E+01 1.58558058091E+03 2.15859316309E+01 1.71703205423E+03 3.34701042604E+01 1.52753009235E+03 1.88642842698E+01 1.69427920348E+03 2.89679285062E+01 1.76640562530E+03 3.52820645872E+01 1.59233572879E+03 2.40817759459E+01 
1.60000000000E+01 1.65000000000E+01 1.70000000000E+01 1.10198160956E+03 1.95623296166E+01 1.10342233843E+03 1.51495783512E+01 1.09640013617E+03 2.60994382107E+01 1.09678624066E+03 1.45885354806E+01 1.09878974959E+03 2.03191984820E+01 1.08205977054E+03 2.72333903438E+01 1.10199676498E+03 1.87255042066E+01 
1.70000000000E+01 1.75000000000E+01 1.80000000000E+01 1.05244585649E+03 1.60070156998E+01 1.06759804166E+03 1.15364712878E+01 1.02581980588E+03 2.11841792125E+01 1.02758084777E+03 1.20934538466E+01 1.08747059982E+03 1.54278486263E+01 1.04629487147E+03 2.22860629446E+01 1.02122266934E+03 1.52909094168E+01 
1.80000000000E+01 1.85000000000E+01 1.90000000000E+01 1.05199820807E+03 1.75461020951E+01 1.05985808347E+03 1.42691441816E+01 1.16339941527E+03 2.53433189154E+01 1.01647261530E+03 1.31083285287E+01 1.08143331820E+03 1.84584772721E+01 1.09005654186E+03 2.44208203370E+01 1.09560772357E+03 1.82118417797E+01 
1.90000000000E+01 1.95000000000E+01 2.00000000000E+01 8.46672324881E+02 1.36714530304E+01 8.44439692798E+02 1.11245680759E+01 7.77294174242E+02 1.97539778368E+01 8.42015279260E+02 1.02162541692E+01 8.42098236420E+02 1.48991716806E+01 8.29977741925E+02 1.89903271161E+01 8.03319433225E+02 1.42120159359E+01 
2.00000000000E+01 2.05000000000E+01 2.10000000000E+01 8.63187811982E+02 1.18577741088E+01 8.53341692950E+02 8.77915332568E+00 8.87095760847E+02 1.70276451201E+01 8.29750575726E+02 8.92011847127E+00 8.88888563591E+02 1.16422838896E+01 9.00143105280E+02 1.61302737540E+01 8.51144981934E+02 1.22995792894E+01 
2.10000000000E+01 2.15000000000E+01 2.20000000000E+01 7.74623487087E+02 1.33846752692E+01 7.61112349398E+02 1.00238825805E+01 7.64109650789E+02 1.76901581240E+01 7.49589666593E+02 1.00348660078E+01 7.83063307765E+02 1.33463595203E+01 8.04731881084E+02 1.81074797234E+01 7.47867879457E+02 1.27597692957E+01 
2.20000000000E+01 2.25000000000E+01 2.30000000000E+01 7.80018778696E+02 1.14347526774E+01 7.32765831223E+02 8.48785745239E+00 8.29193765897E+02 1.73634318284E+01 7.39336154980E+02 8.56527051445E+00 7.62076165585E+02 1.13523354701E+01 8.23984412395E+02 1.57537471825E+01 7.79292625010E+02 1.25494635548E+01 
2.30000000000E+01 2.35000000000E+01 2.40000000000E+01 5.48713404364E+02 2.22607402158E+01 5.68379010181E+02 1.70521583770E+01 5.17178407504E+02 2.96636105914E+01 5.54485877933E+02 1.65511890140E+01 5.61684377315E+02 2.29356258928E+01 5.15325479122E+02 3.14609107619E+01 5.41361356944E+02 2.12852264774E+01 
2.40000000000E+01 2.45000000000E+01 2.50000000000E+01 7.62071146778E+02 1.70872347758E+01 7.14227261026E+02 1.30968188114E+01 8.45853363528E+02 2.39453928389E+01 7.02235401582E+02 1.26698951143E+01 7.73186557292E+02 1.76315184122E+01 8.44352890493E+02 2.38190803194E+01 7.62235221849E+02 1.71714007848E+01 
2.50000000000E+01 2.55000000000E+01 2.60000000000E+01 4.61226659914E+02 1.11619099753E+01 4.73030031025E+02 8.07671599514E+00 4.30362342537E+02 1.57562837073E+01 4.69369450685E+02 8.26732914631E+00 4.61222842901E+02 1.09125230358E+01 4.33978376061E+02 1.56520287440E+01 4.56475393972E+02 1.12466787398E+01 
2.60000000000E+01 2.65000000000E+01 2.70000000000E+01 5.83751581785E+02 9.75929325844E+00 5.55203378061E+02 7.26112262184E+00 6.20179191619E+02 1.34374813597E+01 5.47122668905E+02 7.20489077241E+00 5.92410849791E+02 9.83990900813E+00 6.23250013669E+02 1.36009504935E+01 5.75745744998E+02 9.55943605539E+00 
2.70000000000E+01 2.75000000000E+01 2.80000000000E+01 4.09250438265E+02 8.25644585893E+00 4.12042652140E+02 6.33591805324E+00 3.73637485076E+02 1.12811110699E+01 4.12215426652E+02 6.16713291475E+00 4.05330684302E+02 8.44658152848E+00 3.91530929564E+02 1.14906854363E+01 3.92597641989E+02 8.14222706566E+00 
2.80000000000E+01 2.85000000000E+01 2.90000000000E+01 4.77703561138E+02 8.50852907153E+00 4.62620504227E+02 6.36510887031E+00 4.83649383205E+02 1.18712053152E+01 4.57449906142E+02 6.35209162051E+00 4.81293891819E+02 8.52554224644E+00 4.97811893382E+02 1.18636619098E+01 4.65518922901E+02 8.51647094556E+00 
2.90000000000E+01 2.95000000000E+01 3.00000000000E+01 4.54494044657E+02 7.35383892636E+00 4.28963591482E+02 5.41484314293E+00 4.78330122452E+02 1.00636692021E+01 4.29368690010E+02 5.48838650336E+00 4.52371468862E+02 7.29028384803E+00 4.81428961589E+02 1.02160747869E+01 4.47282205640E+02 7.18690186561E+00 
3.00000000000E+01 3.05000000000E+01 3.10000000000E+01 3.78316395862E+02 6.62938044381E+00 3.82906730065E+02 5.44932118432E+00 3.83374556237E+02 9.18796955586E+00 3.68269870660E+02 5.00589403565E+00 3.95093768073E+02 7.25458707931E+00 3.82843232322E+02 9.16515124840E+00 3.76868109053E+02 6.62708309783E+00 
3.10000000000E+01 3.15000000000E+01 3.20000000000E+01 2.96392395599E+02 7.49368214029E+00 2.95714369013E+02 5.68132443263E+00 3.04565235175E+02 1.00234188914E+01 3.00288378093E+02 5.59713485444E+00 2.87750732506E+02 7.60517416949E+00 2.80724370540E+02 1.04196976643E+01 3.12086431221E+02 7.21472688104E+00 
3.20000000000E+01 3.25000000000E+01 3.30000000000E+01 3.86481202611E+02 7.61589641437E+00 3.56483339188E+02 5.28644430368E+00 4.15932423268E+02 1.05649256983E+01 3.62612408967E+02 5.68017069436E+00 3.75181001121E+02 7.07132743555E+00 4.13152438462E+02 1.06332986819E+01 3.85361576052E+02 7.57849932375E+00 
3.30000000000E+01 3.35000000000E+01 3.40000000000E+01 2.64005429850E+02 7.62102926793E+00 2.68539987670E+02 5.62381080868E+00 2.61105087431E+02 1.06011864030E+01 2.67295644011E+02 5.68128690474E+00 2.63795163825E+02 7.52813520480E+00 2.49542635491E+02 1.06486887576E+01 2.70404486819E+02 7.58019689292E+00 
3.40000000000E+01 3.45000000000E+01 3.50000000000E+01 3.60895047214E+02 5.64681861364E+00 3.30652514206E+02 4.30763496895E+00 3.90367986152E+02 7.61250567327E+00 3.34254161561E+02 4.24838059712E+00 3.54550587595E+02 5.73416455390E+00 3.94580992395E+02 7.83621928993E+00 3.56936242798E+02 5.50339154867E+00 
3.50000000000E+01 3.55000000000E+01 3.60000000000E+01 2.34077698440E+02 4.90965709277E+00 2.36331510038E+02 3.09976706677E+00 2.13065544019E+02 6.56753831211E+00 2.33566794478E+02 3.69309050820E+00 2.37481798816E+02 4.08476876805E+00 2.26336095783E+02 6.86126107379E+00 2.22648453216E+02 4.73095943164E+00 
3.60000000000E+01 3.65000000000E+01 3.70000000000E+01 2.82356582912E+02 4.63276205385E+00 2.68965705651E+02 3.44753400632E+00 2.86299023732E+02 6.41621158965E+00 2.64587573581E+02 3.55180444513E+00 2.82745460771E+02 4.57154436832E+00 2.96250867565E+02 6.36606788379E+00 2.77617655127E+02 4.66935291525E+00 
3.70000000000E+01 3.75000000000E+01 3.80000000000E+01 2.88789410639E+02 4.70822444606E+00 2.66464407735E+02 3.28532685368E+00 3.12327864532E+02 6.71430937284E+00 2.68392800533E+02 3.52341146971E+00 2.85249088595E+02 4.36343661170E+00 3.14311492503E+02 6.53055907564E+00 2.87252464904E+02 4.83683347270E+00 
3.80000000000E+01 3.85000000000E+01 3.90000000000E+01 1.59259818083E+02 5.55967402901E+00 1.69320607886E+02 4.17441813605E+00 1.37620444396E+02 7.57627378640E+00 1.68105655391E+02 4.16581113614E+00 1.60108773703E+02 5.55967438126E+00 1.39275551254E+02 7.72548261758E+00 1.58582981847E+02 5.47059285943E+00 
3.90000000000E+01 3.95000000000E+01 4.00000000000E+01 2.33723027774E+02 3.57975301433E+00 2.25461619237E+02 2.70014914300E+00 2.36364375134E+02 5.12222280983E+00 2.22611289235E+02 2.70810644032E+00 2.36152354376E+02 3.55573636259E+00 2.43899523107E+02 4.94064370808E+00 2.27475097208E+02 3.70564931831E+00 
4.00000000000E+01 4.05000000000E+01 4.10000000000E+01 2.12822497323E+02 3.81613759735E+00 2.01042621176E+02 2.84724073397E+00 2.24392893498E+02 5.42095012372E+00 2.00978198047E+02 2.87444593568E+00 2.12402850815E+02 3.77574265191E+00 2.26252425451E+02 5.29772265888E+00 2.11340471486E+02 3.90630013957E+00 
4.10000000000E+01 4.15000000000E+01 4.20000000000E+01 1.72189978474E+02 3.87202023864E+00 1.65093730291E+02 2.78473877182E+00 1.65251901440E+02 5.42758698253E+00 1.69062573879E+02 2.88089325593E+00 1.73958275291E+02 4.03266659930E+00 1.65218453694E+02 4.78630334248E+00 1.66874527676E+02 3.88174442926E+00 
4.20000000000E+01 4.25000000000E+01 4.30000000000E+01 1.93724566659E+02 4.05130804747E+00 1.83978237142E+02 2.95572216636E+00 2.06037432075E+02 5.83171308731E+00 1.78833345394E+02 3.24965456185E+00 1.93319905666E+02 3.93440341690E+00 1.94201357975E+02 6.13708775870E+00 1.95203967534E+02 4.18462885864E+00 
4.30000000000E+01 4.35000000000E+01 4.40000000000E+01 1.63764427747E+02 3.52198948366E+00 1.58381652093E+02 2.59379849987E+00 1.63464010791E+02 5.14847184083E+00 1.56829954516E+02 2.66635802120E+00 1.64799146859E+02 3.42291396925E+00 1.69621689123E+02 4.84240617337E+00 1.56201805073E+02 3.71901345304E+00 
4.40000000000E+01 4.45000000000E+01 4.50000000000E+01 1.71637240417E+02 3.94959221718E+00 1.64202315354E+02 2.89935943239E+00 1.89853398872E+02 5.30039823964E+00 1.62229605716E+02 2.98583269681E+00 1.75659103675E+02 3.85952816442E+00 1.84750079359E+02 5.46879514046E+00 1.75589998401E+02 3.83376367951E+00 
4.50000000000E+01 4.55000000000E+01 4.60000000000E+01 7.46005297364E+01 4.61067020574E+00 9.18023871554E+01 3.45986352689E+00 5.47962205119E+01 6.27126375962E+00 8.95757842541E+01 3.45634584453E+00 7.68078695857E+01 4.62661965533E+00 4.81403856760E+01 6.43599023019E+00 7.88707392569E+01 4.49727649490E+00 
4.60000000000E+01 4.65000000000E+01 4.70000000000E+01 1.41803207392E+02 3.14075312242E+00 1.34609832532E+02 2.32433328129E+00 1.43126508055E+02 4.32308066653E+00 1.34696695849E+02 2.34783749281E+00 1.41498149927E+02 3.08297089040E+00 1.46578677653E+02 4.36337710793E+00 1.37637049779E+02 3.10835118617E+00 
4.70000000000E+01 4.75000000000E+01 4.80000000000E+01 1.21063427109E+02 3.47844630673E+00 1.20893413598E+02 2.53263890030E+00 1.10686579456E+02 4.76122395775E+00 1.18679311200E+02 2.61070164067E+00 1.23717454182E+02 3.37509928374E+00 1.21868498501E+02 4.82975514066E+00 1.12926304583E+02 3.43628858173E+00 
4.80000000000E+01 4.85000000000E+01 4.90000000000E+01 1.43989122602E+02 3.68848769944E+00 1.32817573610E+02 2.72753252214E+00 1.64202525060E+02 4.99896665949E+00 1.35270071077E+02 2.74783127021E+00 1.40584769776E+02 3.66328404394E+00 1.53636973008E+02 5.14841982871E+00 1.51271229787E+02 3.58654620088E+00 
4.90000000000E+01 4.95000000000E+01 5.00000000000E+01 1.44322126185E+02 5.89973430520E+00 1.28395553567E+02 4.23721570223E+00 1.58198815809E+02 8.38862404236E+00 1.32098206276E+02 4.38785913103E+00 1.39219410997E+02 5.69824269001E+00 1.59720460081E+02 8.22379007799E+00 1.42179921937E+02 6.02701388309E+00 
5.00000000000E+01 5.05000000000E+01 5.10000000000E+01 1.06196643305E+02 2.47184390403E+00 1.03831099143E+02 1.80531323755E+00 1.08231898423E+02 3.53727514554E+00 1.02826903316E+02 1.85853969659E+00 1.06954229185E+02 2.39447844319E+00 1.07773624526E+02 3.42412502027E+00 1.05548501608E+02 2.50442463704E+00 
5.10000000000E+01 5.15000000000E+01 5.20000000000E+01 1.11403311090E+02 2.55762679347E+00 1.07171574973E+02 1.86573072853E+00 1.16580795612E+02 3.52852015139E+00 1.05412395991E+02 1.92132672858E+00 1.13724625361E+02 2.49060100759E+00 1.18002365694E+02 3.56277787298E+00 1.09163858036E+02 2.56083882050E+00 
5.20000000000E+01 5.25000000000E+01 5.30000000000E+01 7.93966229843E+01 2.33543992077E+00 7.83866807992E+01 1.72674058806E+00 7.74971448936E+01 3.29494299719E+00 8.02341969495E+01 1.75493867399E+00 7.64012530522E+01 2.30188161076E+00 7.56509182741E+01 3.25561307829E+00 8.26186200384E+01 2.28515761872E+00 
5.30000000000E+01 5.35000000000E+01 5.40000000000E+01 1.04412661790E+02 2.09570644269E+00 9.86051683357E+01 1.56108762901E+00 1.09975270023E+02 2.95802541954E+00 9.76145915053E+01 1.58433191548E+00 1.05206473239E+02 2.06401589405E+00 1.11037553914E+02 2.89003847095E+00 1.03111986589E+02 2.14350937488E+00 
5.40000000000E+01 5.45000000000E+01 5.50000000000E+01 8.99055335875E+01 1.80033495255E+00 8.56387132616E+01 1.35889397278E+00 9.15424859533E+01 2.58957812232E+00 8.47422358858E+01 1.37866604836E+00 9.05200272013E+01 1.78412064536E+00 9.38962259984E+01 2.49980014013E+00 8.91515181984E+01 1.84495424024E+00 
5.50000000000E+01 5.55000000000E+01 5.60000000000E+01 7.83701272715E+01 1.78392768187E+00 7.54003727936E+01 1.31730281310E+00 8.38017650658E+01 2.46844240327E+00 7.53745128260E+01 1.34410004512E+00 7.74322981795E+01 1.74877280911E+00 8.10427711216E+01 2.42477729724E+00 8.05486134308E+01 1.79540474398E+00 
5.60000000000E+01 5.65000000000E+01 5.70000000000E+01 8.70154332425E+01 1.86260511170E+00 7.90384598308E+01 1.49557179677E+00 8.81581796018E+01 2.61219012119E+00 8.12304993278E+01 1.37299616996E+00 8.22298870349E+01 1.98536563378E+00 9.15344085785E+01 2.58586862226E+00 8.50725175438E+01 1.89230070857E+00 
5.70000000000E+01 5.75000000000E+01 5.80000000000E+01 6.00951861259E+01 1.80227248067E+00 5.71127866850E+01 1.42872634639E+00 6.06686062354E+01 2.63064988709E+00 6.01956673469E+01 1.36098464501E+00 5.64467372089E+01 1.89845709963E+00 5.59328619688E+01 2.46104580009E+00 6.21875227677E+01 1.90274085296E+00 
5.80000000000E+01 5.85000000000E+01 5.90000000000E+01 6.54543847070E+01 1.78707923109E+00 6.52207578828E+01 1.31498808770E+00 6.49297007633E+01 2.56051914973E+00 6.40805201085E+01 1.34441134701E+00 6.68805708753E+01 1.74673320693E+00 6.54209767790E+01 2.47687322069E+00 6.52508770541E+01 1.84854739208E+00 
5.90000000000E+01 5.95000000000E+01 6.00000000000E+01 6.00574463464E+01 1.38915376455E+00 5.85874329155E+01 1.08534983545E+00 6.12517311536E+01 1.79443646544E+00 5.80588006546E+01 1.06583740602E+00 6.06542504730E+01 1.43491916510E+00 6.06921497898E+01 1.74426426739E+00 5.98485389912E+01 1.38254407365E+00 
6.00000000000E+01 6.05000000000E+01 6.10000000000E+01 6.02863660060E+01 1.37863426138E+00 5.84004081807E+01 1.09513797518E+00 5.84511760621E+01 2.04547281742E+00 5.82177173048E+01 1.04719293007E+00 6.16958456230E+01 1.41828269982E+00 5.88425832334E+01 2.00486411003E+00 5.84688367174E+01 1.48075921905E+00 
6.10000000000E+01 6.15000000000E+01 6.20000000000E+01 5.64898084672E+01 1.38170900486E+00 5.50860658624E+01 1.01060243556E+00 5.66509171846E+01 2.04592466186E+00 5.46814371389E+01 1.05282698218E+00 5.69333973504E+01 1.31912603481E+00 5.75985534189E+01 1.89520945971E+00 5.63054999987E+01 1.49463036019E+00 
6.20000000000E+01 6.25000000000E+01 6.30000000000E+01 4.40638946225E+01 1.39733050550E+00 4.64907263828E+01 1.05681910051E+00 4.19166724581E+01 2.02217679019E+00 4.45409383624E+01 1.06323575751E+00 4.68377662542E+01 1.38682985287E+00 4.18535635312E+01 1.91358068304E+00 4.41767140573E+01 1.47400997789E+00 
6.30000000000E+01 6.35000000000E+01 6.40000000000E+01 6.20727983904E+01 1.50572150917E+00 5.76832956282E+01 1.12279214860E+00 6.77231465562E+01 2.10992067293E+00 5.82271953378E+01 1.14758259356E+00 6.15942193879E+01 1.46980549598E+00 6.65576739216E+01 2.05864539237E+00 6.30166709121E+01 1.54027393615E+00 
6.40000000000E+01 6.45000000000E+01 6.50000000000E+01 4.34270742950E+01 1.34555748474E+00 4.34052936067E+01 1.00270753595E+00 4.61838418107E+01 2.16789366006E+00 4.22937409069E+01 1.02676554894E+00 4.24111415970E+01 1.42949562896E+00 4.40173549097E+01 1.83997705107E+00 4.51608916852E+01 1.57896456241E+00 
6.50000000000E+01 6.55000000000E+01 6.60000000000E+01 3.41509841018E+01 1.25556447316E+00 3.73489496775E+01 8.93344894737E-01 3.11414298280E+01 1.71872360829E+00 3.57090069764E+01 9.56088882165E-01 3.61428240482E+01 1.16875368118E+00 3.15135675028E+01 1.73794492238E+00 3.49245456426E+01 1.25698341951E+00 
6.60000000000E+01 6.65000000000E+01 6.70000000000E+01 4.66107247212E+01 1.00345292427E+00 4.36892179815E+01 8.02924370598E-01 4.73713788292E+01 1.46618883619E+00 4.40338298582E+01 7.69230974661E-01 4.56140605102E+01 1.04561682882E+00 4.90011365729E+01 1.36336094973E+00 4.56144084997E+01 1.07391414144E+00 
6.70000000000E+01 6.75000000000E+01 6.80000000000E+01 3.75180232230E+01 1.09940498467E+00 3.86274843186E+01 7.23516133022E-01 3.73323689059E+01 1.53409627736E+00 3.75252673596E+01 8.32027951366E-01 3.91848014404E+01 9.47745222109E-01 3.63095474191E+01 1.51860498740E+00 3.95124392919E+01 1.06473652651E+00 
6.80000000000E+01 6.85000000000E+01 6.90000000000E+01 3.98410660579E+01 1.15771044676E+00 3.82961043210E+01 8.50274356308E-01 4.24383392565E+01 1.65836182721E+00 3.82543733408E+01 8.72227203393E-01 3.98934415159E+01 1.12790538373E+00 4.11358199040E+01 1.60570245429E+00 4.09065645117E+01 1.19686551493E+00 
6.90000000000E+01 6.95000000000E+01 7.00000000000E+01 3.41420016320E+01 1.10306160807E+00 3.48144995587E+01 9.01856377219E-01 3.29849845144E+01 1.61316354485E+00 3.35345506951E+01 8.07788004990E-01 3.67063802869E+01 1.20948528994E+00 3.51431943968E+01 1.51862956083E+00 3.29167753898E+01 1.13882519631E+00 
7.00000000000E+01 7.05000000000E+01 7.10000000000E+01 2.85799594215E+01 1.17516629233E+00 2.84842227007E+01 8.53280630363E-01 3.20239156186E+01 1.58997501292E+00 2.83877181577E+01 8.44912959760E-01 2.79487523831E+01 1.14288110398E+00 2.74772618494E+01 1.68596512101E+00 3.22215038223E+01 1.13255208688E+00 
7.10000000000E+01 7.15000000000E+01 7.20000000000E+01 3.34330844462E+01 9.45826671462E-01 3.16287308876E+01 6.85736507592E-01 3.44225522860E+01 1.34827027149E+00 3.21948844502E+01 7.13075138702E-01 3.27987134116E+01 9.10563264324E-01 3.43636012751E+01 1.30974712403E+00 3.35833878531E+01 9.74473545702E-01 
7.20000000000E+01 7.25000000000E+01 7.30000000000E+01 3.29294415925E+01 1.24668735147E+00 3.07226383211E+01 8.81317767950E-01 3.02063767851E+01 1.81387264193E+00 3.04736367484E+01 9.23967754646E-01 3.26159893106E+01 1.14424580121E+00 3.55626992834E+01 1.72942702471E+00 2.97611530532E+01 1.33049113508E+00 
7.30000000000E+01 7.35000000000E+01 7.40000000000E+01 2.57333478931E+01 1.17881021316E+00 2.62685527911E+01 8.64127635375E-01 2.80254682192E+01 1.37213480003E+00 2.60229344608E+01 8.93315842845E-01 2.51079491073E+01 1.12948846562E+00 2.40258575032E+01 1.63358795198E+00 2.89762573926E+01 1.02995744186E+00 
7.40000000000E+01 7.45000000000E+01 7.50000000000E+01 1.79314133035E+01 1.48165520502E+00 1.90770686652E+01 1.18465936998E+00 1.54359092816E+01 1.89674761206E+00 1.92157950629E+01 1.16962849350E+00 1.77375784366E+01 1.50921645215E+00 1.48872895976E+01 1.93854035476E+00 1.78871621347E+01 1.44643735205E+00 
7.50000000000E+01 7.55000000000E+01 7.60000000000E+01 2.95085984471E+01 1.53532670313E+00 2.84565210341E+01 1.22363072697E+00 3.04416460886E+01 1.98992997605E+00 2.78981039556E+01 1.20392049824E+00 3.02966496897E+01 1.56188107578E+00 3.12010184929E+01 2.02905509659E+00 2.89389535023E+01 1.50646690326E+00 
7.60000000000E+01 7.65000000000E+01 7.70000000000E+01 3.03314241645E+01 9.37430533991E-01 2.76780885784E+01 6.83596314911E-01 3.37349701386E+01 1.37051125633E+00 2.80768149618E+01 7.11964875911E-01 2.98837351685E+01 9.00382315326E-01 3.30481283490E+01 1.28526676085E+00 3.09813051196E+01 1.00107059980E+00 
7.70000000000E+01 7.75000000000E+01 7.80000000000E+01 2.07769420187E+01 8.50613611228E-01 2.13456791176E+01 6.08179889718E-01 1.97751007299E+01 1.25839507093E+00 2.08422903554E+01 6.51253646445E-01 2.14151475537E+01 7.94713767480E-01 2.00909847167E+01 1.15635546267E+00 2.08221004062E+01 9.26373180908E-01 
7.80000000000E+01 7.85000000000E+01 7.90000000000E+01 1.62396436451E+01 1.13423180281E+00 1.76016918398E+01 8.24162417202E-01 1.54729717946E+01 1.62123408082E+00 1.71439673985E+01 8.44751497380E-01 1.69712543065E+01 1.10779447628E+00 1.42415226247E+01 1.58365387498E+00 1.72394785702E+01 1.16480291675E+00 
7.90000000000E+01 7.95000000000E+01 8.00000000000E+01 2.08535674781E+01 7.87387354741E-01 2.05329517196E+01 5.86510100490E-01 2.15588600584E+01 1.09850487597E+00 2.00030891395E+01 5.97639499904E-01 2.22272405068E+01 7.70409776120E-01 2.28220245583E+01 1.11769546066E+00 2.07635592588E+01 8.00411345848E-01 
8.00000000000E+01 8.05000000000E+01 8.10000000000E+01 1.82727785727E+01 5.98276574329E-01 1.73608540843E+01 4.41469395106E-01 1.84580593251E+01 8.41554961593E-01 1.76845865908E+01 4.57016085306E-01 1.78926222132E+01 5.78392086321E-01 1.75366955755E+01 7.99575012017E-01 1.80540397095E+01 6.13505078458E-01 
8.10000000000E+01 8.15000000000E+01 8.20000000000E+01 1.94505355126E+01 5.82654116291E-01 1.90754949366E+01 4.34483889066E-01 1.95180509014E+01 8.28574310530E-01 1.88537718333E+01 4.46997275231E-01 1.97991186480E+01 5.63831238664E-01 1.94614034516E+01 7.88151579377E-01 1.93786303054E+01 6.08796840880E-01 
8.20000000000E+01 8.25000000000E+01 8.30000000000E+01 1.98669638911E+01 5.51968280031E-01 1.83717370835E+01 4.16853189717E-01 2.18308181290E+01 7.99878048079E-01 1.86116598733E+01 4.33577432161E-01 1.96042730724E+01 5.43713331560E-01 2.12371459893E+01 7.50692236120E-01 2.04259533825E+01 5.85164912972E-01 
8.30000000000E+01 8.35000000000E+01 8.40000000000E+01 1.48582188569E+01 5.41259762541E-01 1.50634525683E+01 3.94928495640E-01 1.41372237345E+01 7.82136555584E-01 1.48429516955E+01 4.10290864165E-01 1.46925559226E+01 5.42805395394E-01 1.43857055601E+01 7.48173830571E-01 1.47672330704E+01 5.66031356056E-01 
8.40000000000E+01 8.45000000000E+01 8.50000000000E+01 1.57010515468E+01 5.27214343837E-01 1.49380125383E+01 3.81611953126E-01 1.61093797981E+01 7.61151092728E-01 1.53605926048E+01 3.98353959219E-01 1.52789452787E+01 4.99619405980E-01 1.57543743583E+01 7.09189038996E-01 1.55507808398E+01 5.68133148804E-01 
8.50000000000E+01 8.55000000000E+01 8.60000000000E+01 1.75530442153E+01 5.61126190611E-01 1.58308043831E+01 4.65213520210E-01 1.98620865210E+01 7.98273308537E-01 1.61512840336E+01 4.42702438757E-01 1.71463545482E+01 5.91602495804E-01 1.92531076437E+01 7.79885049317E-01 1.81243329794E+01 5.69370300765E-01 
8.60000000000E+01 8.65000000000E+01 8.70000000000E+01 1.26742073413E+01 6.27040404611E-01 1.36198477656E+01 5.29575214723E-01 1.03079727437E+01 9.45458967688E-01 1.28196476328E+01 4.95975757225E-01 1.37855082627E+01 6.74228149417E-01 1.19981114272E+01 8.53439694173E-01 1.15925452224E+01 6.84614974046E-01 
8.70000000000E+01 8.75000000000E+01 8.80000000000E+01 1.39477194796E+01 4.20552817688E-01 1.29078544709E+01 3.13370732341E-01 1.62456994581E+01 5.10366147977E-01 1.34390504930E+01 3.24551426032E-01 1.32042806982E+01 4.04786393574E-01 1.44240939900E+01 5.56139619651E-01 1.53123904862E+01 3.91974243875E-01 
8.80000000000E+01 8.85000000000E+01 8.90000000000E+01 8.87738299588E+00 1.27482931344E+00 9.83948661792E+00 8.98825627633E-01 6.60268872201E+00 1.86939822158E+00 9.56976613075E+00 9.48137787560E-01 9.30904271367E+00 1.20853002446E+00 7.29109855449E+00 1.77778055811E+00 8.65216185542E+00 1.34325157001E+00 
8.90000000000E+01 8.95000000000E+01 9.00000000000E+01 7.72773981744E+00 4.19338365040E-01 8.59540368639E+00 2.96414067451E-01 5.63058131461E+00 7.41827065817E-01 8.25129774259E+00 3.19357516133E-01 8.23485914441E+00 3.88005543779E-01 6.54981982357E+00 5.91219005794E-01 8.53326554017E+00 4.49392815425E-01 
9.00000000000E+01 9.05000000000E+01 9.10000000000E+01 1.04759773003E+01 4.09472642057E-01 1.03465580120E+01 2.95938466522E-01 1.04226819540E+01 5.99371100878E-01 1.03842790800E+01 3.08209912556E-01 1.05624404347E+01 3.87471767319E-01 1.03789141482E+01 5.61256225794E-01 1.05574198900E+01 4.36961772574E-01 
9.10000000000E+01 9.15000000000E+01 9.20000000000E+01 1.57463225447E+01 5.34503719223E-01 1.32342493002E+01 3.84177215444E-01 1.79463556501E+01 8.06792638886E-01 1.37110782083E+01 4.00694514864E-01 1.42406453949E+01 4.87883749075E-01 1.78230385806E+01 7.64263256990E-01 1.58319102636E+01 5.80573449536E-01 
9.20000000000E+01 9.25000000000E+01 9.30000000000E+01 8.00568567100E+00 7.21451623915E-01 8.11158849692E+00 4.87944060917E-01 6.74366816227E+00 1.09403470485E+00 8.09420707405E+00 5.22623386156E-01 8.08139796714E+00 6.73718004317E-01 7.56697181786E+00 1.03632136537E+00 7.47596784689E+00 7.63515786585E-01 
9.30000000000E+01 9.35000000000E+01 9.40000000000E+01 5.48916677866E+00 6.48383880473E-01 6.69359286512E+00 4.44847569087E-01 8.74754682169E+00 5.52515345943E-01 8.23232837120E+00 3.00978915252E-01 7.82903468466E+00 3.77148898960E-01 8.53320749313E+00 5.26352679343E-01 5.67772892385E+00 6.93255699414E-01 
9.40000000000E+01 9.45000000000E+01 9.50000000000E+01 1.01949417589E+01 3.78947346880E-01 9.52454037324E+00 2.74427292505E-01 1.05497819940E+01 5.57385268181E-01 9.74271799125E+00 2.93954350621E-01 9.97089886540E+00 3.52897470651E-01 1.06112042654E+01 5.11036880215E-01 1.02315317259E+01 4.12604288498E-01 
9.50000000000E+01 9.55000000000E+01 9.60000000000E+01 9.57130276691E+00 4.27867393182E-01 8.52034222632E+00 3.25839654642E-01 9.08322707697E+00 6.72057155928E-01 8.56363744853E+00 3.51722203934E-01 9.11515368650E+00 4.24849856194E-01 9.70658704218E+00 6.25389003656E-01 8.71965604226E+00 4.93765167605E-01 
9.60000000000E+01 9.65000000000E+01 9.70000000000E+01 1.04740084058E+01 3.50900107786E-01 9.63447128413E+00 2.55069047552E-01 1.05433810673E+01 4.64434710527E-01 9.77867345201E+00 2.67498418546E-01 1.03483465634E+01 3.34362294717E-01 1.03118657720E+01 4.32265536075E-01 1.01124348248E+01 3.35589481562E-01 
9.70000000000E+01 9.75000000000E+01 9.80000000000E+01 7.34163548927E+00 2.82103916473E-01 7.44699666519E+00 2.01433602302E-01 6.85098844092E+00 4.10543441048E-01 7.32116371322E+00 2.16468580683E-01 7.43045340213E+00 2.69543445924E-01 7.17669828605E+00 3.83556515202E-01 7.34756357470E+00 3.00018403309E-01 
9.80000000000E+01 9.85000000000E+01 9.90000000000E+01 5.33883585147E+00 3.31098588609E-01 5.79365699032E+00 2.44471752494E-01 5.17623844644E+00 4.76370386620E-01 5.62847754446E+00 2.51145208164E-01 5.46945463440E+00 3.14582683562E-01 4.68062261359E+00 4.53474910248E-01 5.52344837550E+00 3.43608263089E-01 
9.90000000000E+01 9.95000000000E+01 1.00000000000E+02 8.78987386285E+00 2.53666814795E-01 7.95143967299E+00 1.80811255275E-01 9.71888760046E+00 3.64286609522E-01 7.92005201898E+00 1.85380634986E-01 8.66042821534E+00 2.33585088754E-01 9.60438899671E+00 3.45599992943E-01 8.84427539551E+00 2.68399040945E-01 
#nx: 3
