#labels: ptz__-3p5__-3p25_lower[1] ptz__-3p5__-3p25_center[2] ptz__-3p5__-3p25_upper[3] tot_scale01[4] tot_scale01_Err[5] tot_scale02[6] tot_scale02_Err[7] tot_scale03[8] tot_scale03_Err[9] tot_scale04[10] tot_scale04_Err[11] tot_scale05[12] tot_scale05_Err[13] tot_scale06[14] tot_scale06_Err[15] tot_scale07[16] tot_scale07_Err[17]
#neval: 862104527401
#overflow:lower center upper 2.10179124639E+02 1.38832182355E+00 2.12176481451E+02 5.34150956505E-01 2.15855411965E+02 1.01475320463E+00 2.07588882770E+02 1.03693186272E+00 2.18085660635E+02 7.12973682084E-01 2.07423357513E+02 1.92767144415E+00 2.18407674303E+02 7.54543461722E-01 
0.00000000000E+00 5.00000000000E-01 1.00000000000E+00 0.00000000000E+00 0.00000000000E+00 0.00000000000E+00 0.00000000000E+00 0.00000000000E+00 0.00000000000E+00 0.00000000000E+00 0.00000000000E+00 0.00000000000E+00 0.00000000000E+00 0.00000000000E+00 0.00000000000E+00 0.00000000000E+00 0.00000000000E+00 
1.00000000000E+00 1.50000000000E+00 2.00000000000E+00 -1.55868754079E+03 1.85256762221E+02 5.80918231466E+02 1.40533143597E+02 -3.49746000140E+03 2.51720626276E+02 1.08169084984E+03 1.37997454844E+02 -2.29814671869E+03 1.88671564750E+02 -4.58928487070E+03 2.57801569712E+02 -7.62828307583E+02 1.80836637132E+02 
2.00000000000E+00 2.50000000000E+00 3.00000000000E+00 4.51842580102E+03 1.06132447976E+02 5.20090768847E+03 8.21340926211E+01 4.15496531407E+03 1.42630538447E+02 5.24529126286E+03 7.92210680805E+01 4.42005143874E+03 1.10233643258E+02 3.81968471463E+03 1.49336681279E+02 4.79513466446E+03 1.02543729223E+02 
3.00000000000E+00 3.50000000000E+00 4.00000000000E+00 4.33654316708E+03 7.46156773047E+01 4.72057453995E+03 5.80717457234E+01 3.92553417091E+03 9.87388009216E+01 4.64844253857E+03 5.56376609474E+01 4.37284185831E+03 7.77740798970E+01 3.89982348246E+03 1.03752684727E+02 4.29297107082E+03 7.10139726502E+01 
4.00000000000E+00 4.50000000000E+00 5.00000000000E+00 3.62386403287E+03 5.93433623591E+01 3.84856595793E+03 4.55585841298E+01 3.41365376243E+03 7.72341067502E+01 3.82013540615E+03 4.41554620489E+01 3.62395134811E+03 6.09360174737E+01 3.39130459246E+03 8.18922260998E+01 3.62948757640E+03 5.54066167947E+01 
5.00000000000E+00 5.50000000000E+00 6.00000000000E+00 2.90361125950E+03 5.33928716808E+01 3.32431934724E+03 3.20512851251E+01 2.72275459506E+03 7.00017689847E+01 3.07116641624E+03 3.97459011363E+01 2.90204710532E+03 5.74126861038E+01 2.61690094131E+03 7.43412740744E+01 2.92596303045E+03 5.02800259602E+01 
6.00000000000E+00 6.50000000000E+00 7.00000000000E+00 2.28498998763E+03 3.85896329308E+01 2.56240336598E+03 2.93331907960E+01 2.09332382676E+03 4.92703740394E+01 2.46738289027E+03 2.88391938354E+01 2.36576936129E+03 3.92143987237E+01 2.00191232367E+03 5.37567003476E+01 2.32594589720E+03 3.54532059799E+01 
7.00000000000E+00 7.50000000000E+00 8.00000000000E+00 2.44019892837E+03 2.92863159703E+01 2.53410283890E+03 2.19658098816E+01 2.38737319347E+03 3.80105068237E+01 2.47330252087E+03 2.14140881322E+01 2.51561168422E+03 2.94220667944E+01 2.38441043753E+03 4.07324213839E+01 2.40325328684E+03 2.73772842306E+01 
8.00000000000E+00 8.50000000000E+00 9.00000000000E+00 2.24225872658E+03 2.71539060991E+01 2.26654049036E+03 2.10986495699E+01 2.21857854455E+03 3.60140162403E+01 2.20396081061E+03 2.00677922137E+01 2.29969148193E+03 2.82238986812E+01 2.26813935053E+03 3.77085923607E+01 2.17911670008E+03 2.59648331917E+01 
9.00000000000E+00 9.50000000000E+00 1.00000000000E+01 2.02928691301E+03 3.16576545878E+01 1.98333933434E+03 2.34960014545E+01 1.88857627755E+03 3.84672720638E+01 1.97932604782E+03 2.36143074134E+01 2.00914060712E+03 3.14836851599E+01 2.07198782237E+03 4.40005902962E+01 1.87288495413E+03 2.76953882593E+01 
1.00000000000E+01 1.05000000000E+01 1.10000000000E+01 1.56679329253E+03 2.70031839310E+01 1.59561977868E+03 2.08194895138E+01 1.50872785452E+03 3.56724697028E+01 1.57283630459E+03 2.00855016504E+01 1.57919555450E+03 2.79989607745E+01 1.52208409230E+03 3.75824367237E+01 1.53692445009E+03 2.56248482905E+01 
1.10000000000E+01 1.15000000000E+01 1.20000000000E+01 1.67998296817E+03 1.94583888025E+01 1.63192784245E+03 1.51060589557E+01 1.69661621340E+03 2.62382048697E+01 1.61508832853E+03 1.45246730121E+01 1.68332429601E+03 2.02341855487E+01 1.74706160520E+03 2.70847466447E+01 1.62298663873E+03 1.88697139558E+01 
1.20000000000E+01 1.25000000000E+01 1.30000000000E+01 1.32070901642E+03 1.81439323780E+01 1.34542070690E+03 1.38488014102E+01 1.27401617205E+03 2.40860828047E+01 1.31892107329E+03 1.33578381124E+01 1.35453165659E+03 1.84946319666E+01 1.30222756046E+03 2.52926039424E+01 1.28739942210E+03 1.72714923081E+01 
1.30000000000E+01 1.35000000000E+01 1.40000000000E+01 1.33899905367E+03 2.11736905601E+01 1.32481143329E+03 1.65855298998E+01 1.32059888508E+03 2.68513090419E+01 1.29016669723E+03 1.58906501794E+01 1.37634049223E+03 2.21578077543E+01 1.36124510683E+03 2.83451162559E+01 1.29856652917E+03 2.01294370991E+01 
1.40000000000E+01 1.45000000000E+01 1.50000000000E+01 1.11683808631E+03 1.68550392408E+01 1.13014438945E+03 1.24414991638E+01 1.12759497987E+03 2.17146853775E+01 1.10562117586E+03 1.19168515281E+01 1.13151781313E+03 1.74285181137E+01 1.13645273949E+03 2.32030687772E+01 1.08556712821E+03 1.58684269636E+01 
1.50000000000E+01 1.55000000000E+01 1.60000000000E+01 1.11652220761E+03 1.59033044792E+01 1.10535732015E+03 1.18257552459E+01 1.19075681233E+03 2.16457934551E+01 1.06618799495E+03 1.18865639973E+01 1.15999407983E+03 1.58207844171E+01 1.17332264971E+03 2.20811105978E+01 1.12023064918E+03 1.55548741257E+01 
1.60000000000E+01 1.65000000000E+01 1.70000000000E+01 8.65512630868E+02 3.23766611158E+01 8.84447974921E+02 2.55449374382E+01 8.42066165248E+02 4.16975742238E+01 8.58674699777E+02 2.39477092850E+01 8.89364412203E+02 3.45443925547E+01 8.57357304916E+02 4.52097470216E+01 8.45663434061E+02 2.98692495997E+01 
1.70000000000E+01 1.75000000000E+01 1.80000000000E+01 7.78166356082E+02 1.30686872634E+01 7.78543243096E+02 9.30944405408E+00 8.56562295672E+02 1.94864858593E+01 7.74794906325E+02 9.69479686122E+00 7.77808414307E+02 1.25772576104E+01 7.97545534970E+02 1.75401678927E+01 8.23077115051E+02 1.43636891877E+01 
1.80000000000E+01 1.85000000000E+01 1.90000000000E+01 9.27711175177E+02 1.45517416434E+01 8.92855495117E+02 1.10410234256E+01 1.00712679692E+03 1.94551659295E+01 8.63809985360E+02 1.08407772382E+01 9.57764865884E+02 1.48235738032E+01 1.01439810459E+03 2.02108236020E+01 9.14350088630E+02 1.39623407571E+01 
1.90000000000E+01 1.95000000000E+01 2.00000000000E+01 8.64349160987E+02 1.77278622887E+01 8.34780190012E+02 1.40481381139E+01 9.10746856592E+02 2.33519015512E+01 8.05943437766E+02 1.32154929172E+01 8.95570339064E+02 1.88788596560E+01 9.34105621586E+02 2.46691121204E+01 8.40760659430E+02 1.68198707377E+01 
2.00000000000E+01 2.05000000000E+01 2.10000000000E+01 5.86732897528E+02 1.01200172769E+01 6.02218418530E+02 8.31629759914E+00 5.95843983186E+02 1.27055039430E+01 5.84102612340E+02 7.59146309263E+00 5.92103269173E+02 1.06106791548E+01 5.75554761892E+02 1.40164530305E+01 5.94452680491E+02 9.20114382121E+00 
2.10000000000E+01 2.15000000000E+01 2.20000000000E+01 5.27774969614E+02 1.26841319741E+01 5.26143636035E+02 9.66367294061E+00 5.35260403530E+02 1.64219567825E+01 5.27394650571E+02 9.48975251520E+00 5.20324130795E+02 1.29705018668E+01 5.13256366487E+02 1.76675502213E+01 5.36764110596E+02 1.17763934486E+01 
2.20000000000E+01 2.25000000000E+01 2.30000000000E+01 5.62131225520E+02 1.08263584358E+01 5.34987723168E+02 7.75613153281E+00 5.78528609475E+02 1.36977264843E+01 5.44249001266E+02 8.10067467744E+00 5.48759053469E+02 1.03967767088E+01 5.82294441873E+02 1.50675386378E+01 5.57583432590E+02 9.88425200776E+00 
2.30000000000E+01 2.35000000000E+01 2.40000000000E+01 5.46325420525E+02 1.06083856062E+01 5.33510774272E+02 8.12620027825E+00 6.12708640612E+02 1.40185944400E+01 5.22226599552E+02 7.91569628497E+00 5.55926611534E+02 1.08690230832E+01 5.72790700299E+02 1.47482483452E+01 5.73709747756E+02 1.01084828218E+01 
2.40000000000E+01 2.45000000000E+01 2.50000000000E+01 5.30110994112E+02 6.95486866278E+00 5.12228836174E+02 5.49161387539E+00 5.54550393952E+02 9.43072837970E+00 5.02434090536E+02 5.25431117450E+00 5.36747230743E+02 7.30210878964E+00 5.56259112617E+02 9.61344780186E+00 5.25332493842E+02 6.83541567423E+00 
2.50000000000E+01 2.55000000000E+01 2.60000000000E+01 4.40191544716E+02 7.65342189529E+00 4.34531610558E+02 6.45492942648E+00 4.46604979451E+02 1.05653176255E+01 4.31011232427E+02 5.76902630143E+00 4.40311764681E+02 8.63601821311E+00 4.43729643811E+02 1.05870695400E+01 4.38654816421E+02 7.64042865608E+00 
2.60000000000E+01 2.65000000000E+01 2.70000000000E+01 4.17743480862E+02 7.40006402441E+00 4.16604076847E+02 5.64372216983E+00 4.14813678034E+02 9.89510613084E+00 4.01813449324E+02 5.54812123515E+00 4.33354080325E+02 7.52828030925E+00 4.32389557492E+02 1.02476500889E+01 4.01404500102E+02 7.13505174865E+00 
2.70000000000E+01 2.75000000000E+01 2.80000000000E+01 3.91602474253E+02 7.46630156316E+00 3.80765559785E+02 5.70535481436E+00 4.06617530678E+02 1.01829809305E+01 3.78500772917E+02 5.58907797821E+00 3.89238555407E+02 7.62793911205E+00 3.89663228014E+02 1.07077261446E+01 4.03867062999E+02 7.20846191567E+00 
2.80000000000E+01 2.85000000000E+01 2.90000000000E+01 3.49647488349E+02 8.21601841439E+00 3.46900173501E+02 5.83916301372E+00 3.35335315483E+02 1.08320470467E+01 3.41708604869E+02 6.14989985990E+00 3.52853619780E+02 8.19595674952E+00 3.52802962035E+02 1.14121000147E+01 3.35559407408E+02 7.81293091716E+00 
2.90000000000E+01 2.95000000000E+01 3.00000000000E+01 4.14099071345E+02 7.10516730732E+00 3.75922494296E+02 5.35607807366E+00 4.41945235167E+02 9.88855650678E+00 3.84731225745E+02 5.31295249969E+00 3.91895928225E+02 7.42618682503E+00 4.37439804013E+02 1.00006755926E+01 3.80618154759E+02 6.11762256373E+00 
3.00000000000E+01 3.05000000000E+01 3.10000000000E+01 2.99282470633E+02 5.63617185068E+00 2.94298450037E+02 4.75127353913E+00 2.82138395064E+02 8.36854018014E+00 2.93364074498E+02 4.22915252038E+00 3.01360806832E+02 6.33407576758E+00 3.01784486628E+02 7.83109731351E+00 2.81907853923E+02 6.03460225202E+00 
3.10000000000E+01 3.15000000000E+01 3.20000000000E+01 2.80173802828E+02 6.78146255861E+00 2.68773763944E+02 5.20427973462E+00 2.96301838492E+02 9.23904762740E+00 2.74548785509E+02 5.08935443441E+00 2.74930034919E+02 6.88273465179E+00 2.81363647048E+02 9.38298615045E+00 2.84406452151E+02 6.70897833590E+00 
3.20000000000E+01 3.25000000000E+01 3.30000000000E+01 2.79399545160E+02 6.44106162825E+00 2.80468360806E+02 4.32382969344E+00 2.73450696435E+02 8.76939431011E+00 2.78211334839E+02 4.45424450744E+00 2.89802006052E+02 5.77495364702E+00 2.84669341514E+02 8.83413917347E+00 2.70184249098E+02 6.35794914314E+00 
3.30000000000E+01 3.35000000000E+01 3.40000000000E+01 2.82701239021E+02 4.50556870904E+00 2.75167868906E+02 3.45080555705E+00 3.05525220186E+02 6.05926327291E+00 2.67706130837E+02 3.38766450699E+00 2.89227988703E+02 4.64320597201E+00 2.99109065916E+02 6.18473404525E+00 2.85990621119E+02 4.41556401795E+00 
3.40000000000E+01 3.45000000000E+01 3.50000000000E+01 2.12980463411E+02 6.20494581766E+00 2.20144549972E+02 4.72072589370E+00 2.04753111731E+02 8.58883721974E+00 2.16439340788E+02 4.66114928321E+00 2.18491789131E+02 6.27767973537E+00 2.06896811780E+02 8.74754834582E+00 2.10543899617E+02 6.08357449771E+00 
3.50000000000E+01 3.55000000000E+01 3.60000000000E+01 2.88848731548E+02 5.25633389979E+00 2.65916612787E+02 3.85239235027E+00 2.99017623033E+02 7.03007233699E+00 2.67688788950E+02 3.90473931317E+00 2.78590074419E+02 4.88690296554E+00 3.05843397594E+02 6.86095214547E+00 2.75015241816E+02 5.01892620418E+00 
3.60000000000E+01 3.65000000000E+01 3.70000000000E+01 2.26230003209E+02 4.41156938204E+00 2.16150750392E+02 3.45838483883E+00 2.21901812447E+02 6.33045877304E+00 2.16394463246E+02 3.32944126127E+00 2.25404944471E+02 4.58543644387E+00 2.31990111004E+02 6.17780481874E+00 2.15016426681E+02 4.59276573959E+00 
3.70000000000E+01 3.75000000000E+01 3.80000000000E+01 2.01783673035E+02 4.95820347148E+00 1.95452697172E+02 3.67944912955E+00 1.87113299830E+02 6.22889350569E+00 1.94788179413E+02 3.72653776302E+00 2.01181562906E+02 4.89080705868E+00 2.06925596713E+02 6.85025341623E+00 1.86141301293E+02 4.52081620092E+00 
3.80000000000E+01 3.85000000000E+01 3.90000000000E+01 1.94741504829E+02 4.25610501475E+00 1.93850777600E+02 3.23461485398E+00 1.92784911596E+02 5.79636733876E+00 1.89377730187E+02 3.19680495624E+00 1.97450182701E+02 4.28524633123E+00 1.95865117020E+02 5.85122969325E+00 1.87579569720E+02 4.08993595642E+00 
3.90000000000E+01 3.95000000000E+01 4.00000000000E+01 2.01906857645E+02 3.91669158956E+00 2.04832011171E+02 3.84669860983E+00 2.23262697740E+02 6.36552548703E+00 1.92254976064E+02 2.95954428985E+00 2.18937725295E+02 5.16103128202E+00 2.11537348110E+02 5.41581126539E+00 2.09455339480E+02 4.59817686020E+00 
4.00000000000E+01 4.05000000000E+01 4.10000000000E+01 1.47100838826E+02 5.22793203005E+00 1.50840649610E+02 3.98463084611E+00 1.44838699560E+02 7.08269471814E+00 1.48351437439E+02 3.91124108882E+00 1.49100118686E+02 5.32667284052E+00 1.39880508761E+02 7.25796862928E+00 1.48846411919E+02 5.09384473846E+00 
4.10000000000E+01 4.15000000000E+01 4.20000000000E+01 1.74489346449E+02 3.55684517229E+00 1.62070649152E+02 2.82013719501E+00 1.86613799916E+02 4.79874387169E+00 1.65809777834E+02 2.68210468435E+00 1.69037656702E+02 3.74640052751E+00 1.83821269337E+02 4.90120332369E+00 1.75120144256E+02 3.49237082421E+00 
4.20000000000E+01 4.25000000000E+01 4.30000000000E+01 1.36102798761E+02 3.63425453857E+00 1.41079685716E+02 2.75043553874E+00 1.34522122312E+02 4.63411448432E+00 1.35582090553E+02 2.73451729278E+00 1.42271831768E+02 3.65409632700E+00 1.30733626640E+02 4.92092903766E+00 1.38733206803E+02 3.31690166351E+00 
4.30000000000E+01 4.35000000000E+01 4.40000000000E+01 1.22368661803E+02 3.55503591690E+00 1.27392606647E+02 2.47691225887E+00 1.14589880940E+02 4.90598082095E+00 1.22913830457E+02 2.56840303965E+00 1.21952180185E+02 3.52621476331E+00 1.16154188753E+02 4.97163022513E+00 1.21132929940E+02 3.51405784731E+00 
4.40000000000E+01 4.45000000000E+01 4.50000000000E+01 1.48535025288E+02 3.03997911740E+00 1.41759805890E+02 2.29427165344E+00 1.52917376162E+02 4.32310425936E+00 1.37725317383E+02 2.14998814740E+00 1.46874232149E+02 3.08462955482E+00 1.57832803449E+02 4.31011751782E+00 1.38275115672E+02 2.85851110124E+00 
4.50000000000E+01 4.55000000000E+01 4.60000000000E+01 1.39119366823E+02 2.83604839354E+00 1.28815913010E+02 2.11927106286E+00 1.46467093339E+02 3.89658953691E+00 1.31532464430E+02 2.13814679403E+00 1.36337351773E+02 2.82950436407E+00 1.47933833409E+02 3.91378846550E+00 1.37921868922E+02 2.82974084198E+00 
4.60000000000E+01 4.65000000000E+01 4.70000000000E+01 1.17558033419E+02 3.54661487361E+00 1.16307167873E+02 2.66977484372E+00 1.19222316156E+02 4.59855767018E+00 1.15519352576E+02 2.66340495249E+00 1.18373275468E+02 3.55032206336E+00 1.17140193278E+02 4.90816017933E+00 1.19631980707E+02 3.32535109313E+00 
4.70000000000E+01 4.75000000000E+01 4.80000000000E+01 1.05847114561E+02 3.08763896382E+00 1.05241289077E+02 2.33154698408E+00 9.89322485117E+01 4.16705856324E+00 1.04213768303E+02 2.29990287692E+00 1.05120975662E+02 3.10889260051E+00 1.04583994880E+02 4.26821665524E+00 1.01604943436E+02 3.00638305028E+00 
4.80000000000E+01 4.85000000000E+01 4.90000000000E+01 1.29008198954E+02 2.55634705867E+00 1.26705991209E+02 1.86487659170E+00 1.30887112271E+02 3.35651910349E+00 1.21726295973E+02 1.94486715669E+00 1.35045956407E+02 2.43399850198E+00 1.36575515707E+02 3.52443215353E+00 1.23962596607E+02 2.44567453174E+00 
4.90000000000E+01 4.95000000000E+01 5.00000000000E+01 8.49484558429E+01 2.62199584737E+00 8.83283284836E+01 1.87258358911E+00 8.09894137377E+01 3.73621653880E+00 8.93058842655E+01 1.86247802766E+00 8.70914481648E+01 2.45425333223E+00 7.97986197099E+01 3.64634769123E+00 8.61365047709E+01 2.68891217764E+00 
5.00000000000E+01 5.05000000000E+01 5.10000000000E+01 9.11169254537E+01 2.43944344510E+00 9.19884415047E+01 1.82316324030E+00 9.13813208706E+01 3.37004146396E+00 9.04105371239E+01 1.82542329649E+00 9.28856236985E+01 2.43604317471E+00 8.96746066482E+01 3.39751091134E+00 9.21073383826E+01 2.42281611272E+00 
5.10000000000E+01 5.15000000000E+01 5.20000000000E+01 1.06045561519E+02 2.38677914110E+00 1.00843388527E+02 2.14847295290E+00 1.23321402188E+02 3.72751392530E+00 1.01570445966E+02 1.83765883714E+00 1.05969525463E+02 2.88788653769E+00 1.11519932904E+02 3.30313658852E+00 1.09214254625E+02 2.61065639284E+00 
5.20000000000E+01 5.25000000000E+01 5.30000000000E+01 9.42894827243E+01 2.95665638780E+00 8.76480107197E+01 2.12320568249E+00 8.89766588788E+01 4.32064237744E+00 8.97490068962E+01 2.21151034574E+00 9.18251339264E+01 2.84704085671E+00 9.83438127566E+01 4.09586417154E+00 8.04924344386E+01 2.90438406626E+00 
5.30000000000E+01 5.35000000000E+01 5.40000000000E+01 1.90460469621E+02 2.15098820905E+01 1.63241728649E+02 1.62167622400E+01 2.22732866859E+02 2.89355988093E+01 1.60441940274E+02 1.58858019669E+01 1.93462838107E+02 2.19580309595E+01 2.33555327018E+02 3.01985318580E+01 1.82732231284E+02 2.06105460368E+01 
5.40000000000E+01 5.45000000000E+01 5.50000000000E+01 8.09638593558E+01 1.72942361674E+00 7.84859055697E+01 1.31267801533E+00 8.38777578070E+01 2.38704174431E+00 7.85712930070E+01 1.31456639747E+00 8.10013991964E+01 1.72930225973E+00 8.41498949422E+01 2.39157905039E+00 8.05392966750E+01 1.74389934862E+00 
5.50000000000E+01 5.55000000000E+01 5.60000000000E+01 7.47792284790E+01 1.79467020594E+00 7.37205200940E+01 1.33513747168E+00 7.79562357411E+01 2.47282802018E+00 7.31252590688E+01 1.36210213607E+00 7.52477952363E+01 1.76294596181E+00 7.56069651091E+01 2.46637160031E+00 7.69407932912E+01 1.79913909310E+00 
5.60000000000E+01 5.65000000000E+01 5.70000000000E+01 7.38432010226E+01 1.77869348872E+00 7.11326918679E+01 1.28572166123E+00 7.71534564309E+01 2.46267371839E+00 7.13634826508E+01 1.34358734280E+00 7.31324359228E+01 1.69993496194E+00 7.55268134139E+01 2.46243704036E+00 7.49611138505E+01 1.78312183072E+00 
5.70000000000E+01 5.75000000000E+01 5.80000000000E+01 5.66420469760E+01 1.88667210087E+00 6.09406758195E+01 1.41973269800E+00 5.30734989673E+01 2.68238448853E+00 5.74524587315E+01 1.42800771920E+00 6.10122246754E+01 1.87852871149E+00 5.57029345772E+01 2.55667944945E+00 5.58476857683E+01 1.95267249378E+00 
5.80000000000E+01 5.85000000000E+01 5.90000000000E+01 8.22187997117E+01 1.92580056675E+00 7.85308544551E+01 1.48465220999E+00 9.23454229271E+01 2.69257629761E+00 7.66941624168E+01 1.44669203782E+00 8.45158363317E+01 1.97928207778E+00 8.85885925491E+01 2.67586808031E+00 8.47262469814E+01 1.94660873281E+00 
5.90000000000E+01 5.95000000000E+01 6.00000000000E+01 8.17395886220E+01 1.56063572944E+00 7.37710657394E+01 1.21760758836E+00 9.09425875559E+01 2.14696269200E+00 7.47704648789E+01 1.18748520681E+00 8.00231446347E+01 1.59662160627E+00 8.99216166922E+01 2.13527942588E+00 8.20528045154E+01 1.56786518929E+00 
6.00000000000E+01 6.05000000000E+01 6.10000000000E+01 5.80853355545E+01 1.62240211002E+00 6.08737377053E+01 1.32957352098E+00 5.98626036487E+01 2.24422166434E+00 5.68118513284E+01 1.23299762073E+00 6.32877195481E+01 1.75740768932E+00 6.25154384853E+01 2.44998929821E+00 5.83617481671E+01 1.64250541617E+00 
6.10000000000E+01 6.15000000000E+01 6.20000000000E+01 5.54779854967E+01 1.68581885653E+00 5.28511896924E+01 1.19934385570E+00 5.75467458705E+01 2.40428734136E+00 5.38438283692E+01 1.27984359134E+00 5.45977255568E+01 1.64099097006E+00 5.59916364804E+01 2.31381813885E+00 5.64706156978E+01 1.75269502232E+00 
6.20000000000E+01 6.25000000000E+01 6.30000000000E+01 5.96764392239E+01 1.62016434933E+00 5.59888958811E+01 1.10086147622E+00 5.53342161816E+01 2.14482581733E+00 5.64130148556E+01 1.21788401278E+00 5.69148055328E+01 1.51926447604E+00 6.27771664261E+01 2.22196056075E+00 5.43443621631E+01 1.55663604325E+00 
6.30000000000E+01 6.35000000000E+01 6.40000000000E+01 4.12917124789E+01 1.47773845942E+00 4.38570816445E+01 1.09168192055E+00 3.40221859678E+01 2.10054273753E+00 4.26155336257E+01 1.11477248850E+00 4.31477204192E+01 1.44493151539E+00 3.82167852725E+01 2.04444738379E+00 3.84898457103E+01 1.51956789192E+00 
6.40000000000E+01 6.45000000000E+01 6.50000000000E+01 4.76085704655E+01 1.40046296008E+00 4.70138031056E+01 1.05286485384E+00 4.71190580697E+01 1.98133132547E+00 4.64891690740E+01 1.05895139448E+00 4.75107931616E+01 1.39594650536E+00 4.89336599272E+01 1.98050728733E+00 4.58730669929E+01 1.39323306515E+00 
6.50000000000E+01 6.55000000000E+01 6.60000000000E+01 4.63564344455E+01 1.29390282941E+00 4.27361358072E+01 9.15019120203E-01 4.59276647773E+01 2.07550473798E+00 4.56601706599E+01 1.05605483189E+00 4.35080653150E+01 1.19965492872E+00 4.76037124362E+01 1.77927476997E+00 4.53960725617E+01 1.50244573391E+00 
6.60000000000E+01 6.65000000000E+01 6.70000000000E+01 4.90502481752E+01 1.30300913777E+00 4.61260880359E+01 9.98777430773E-01 5.27645050720E+01 1.80678792130E+00 4.62773671192E+01 9.95069824179E-01 4.88116618724E+01 1.30937980019E+00 5.11945575910E+01 1.79677851282E+00 4.97518535501E+01 1.31671498680E+00 
6.70000000000E+01 6.75000000000E+01 6.80000000000E+01 4.58094998980E+01 1.30783501989E+00 4.39027507027E+01 9.79206089373E-01 4.42009998734E+01 1.72841562181E+00 4.38195377552E+01 9.92973015342E-01 4.29750483668E+01 1.20800310910E+00 4.79420096775E+01 1.79929342925E+00 4.30764181530E+01 1.25546673624E+00 
6.80000000000E+01 6.85000000000E+01 6.90000000000E+01 3.56342995082E+01 1.13069133937E+00 3.57382068470E+01 8.68381421023E-01 3.32094999351E+01 1.64324234413E+00 3.55766820045E+01 8.63822786679E-01 3.70603251175E+01 1.09671764892E+00 3.69615268226E+01 1.50798104045E+00 3.50295981167E+01 1.19817795975E+00 
6.90000000000E+01 6.95000000000E+01 7.00000000000E+01 5.59548514086E+01 1.58205246537E+00 5.09055236163E+01 1.21314727257E+00 6.69470853222E+01 2.21704458691E+00 5.00856327517E+01 1.18963442330E+00 5.70588769690E+01 1.61407820226E+00 6.39072057173E+01 2.19107010943E+00 5.79341064346E+01 1.60053184529E+00 
7.00000000000E+01 7.05000000000E+01 7.10000000000E+01 2.99306204149E+01 1.25867738890E+00 3.06646986708E+01 9.35461240726E-01 3.23376155049E+01 1.48283502383E+00 3.04185071130E+01 9.39560609748E-01 3.03572010874E+01 1.24826164648E+00 2.88327563861E+01 1.75204882584E+00 3.40879835370E+01 9.60319973287E-01 
7.10000000000E+01 7.15000000000E+01 7.20000000000E+01 4.84543364065E+01 1.15241723662E+00 4.50576161958E+01 8.53204628451E-01 5.24125328999E+01 1.68606303447E+00 4.48110325990E+01 8.79501961367E-01 4.84409060567E+01 1.12554632857E+00 5.24041892301E+01 1.58144885321E+00 4.87462840114E+01 1.24378541183E+00 
7.20000000000E+01 7.25000000000E+01 7.30000000000E+01 2.17910634205E+01 1.11674012211E+00 2.43305395671E+01 8.45818311645E-01 1.75515035963E+01 1.61470995969E+00 2.37165958213E+01 8.45331438635E-01 2.15939791117E+01 1.11601994572E+00 1.77827649205E+01 1.55430198011E+00 2.14594961310E+01 1.17982752076E+00 
7.30000000000E+01 7.35000000000E+01 7.40000000000E+01 2.33850544934E+01 9.06225550943E-01 2.43364920352E+01 6.66182291309E-01 2.30424337862E+01 1.25892858795E+00 2.41213571658E+01 6.75044657382E-01 2.39231865083E+01 8.95495901011E-01 2.14701498463E+01 1.27502014851E+00 2.42102900120E+01 8.95539056357E-01 
7.40000000000E+01 7.45000000000E+01 7.50000000000E+01 3.34834875568E+01 9.29232749073E-01 3.18770115867E+01 6.99168534746E-01 3.46025186565E+01 1.28876655935E+00 3.15116735785E+01 7.02431934420E-01 3.40316400063E+01 9.28424721313E-01 3.57416804692E+01 1.28060558668E+00 3.28321487060E+01 9.36112867179E-01 
7.50000000000E+01 7.55000000000E+01 7.60000000000E+01 2.40089432064E+01 9.24361063498E-01 2.51688618345E+01 6.89750344046E-01 1.99849309685E+01 1.29018738374E+00 2.45989562961E+01 7.02263900587E-01 2.47640260142E+01 9.07005971500E-01 2.18163558885E+01 1.27318588857E+00 2.25983352929E+01 9.36825941791E-01 
7.60000000000E+01 7.65000000000E+01 7.70000000000E+01 2.89753542080E+01 9.82347090763E-01 2.80293340832E+01 6.80186802487E-01 3.21930843290E+01 1.56948586218E+00 2.75306683199E+01 7.34651487627E-01 2.97343411154E+01 8.96221732114E-01 3.02092297731E+01 1.37208754031E+00 3.02162199919E+01 1.10766922340E+00 
7.70000000000E+01 7.75000000000E+01 7.80000000000E+01 2.64643420960E+01 9.67960674593E-01 2.71079000474E+01 6.07137572098E-01 2.46803204794E+01 1.38505093844E+00 2.61094765118E+01 7.25457517819E-01 2.89181743881E+01 7.76530482818E-01 2.85736753367E+01 1.25801737502E+00 2.53666365147E+01 9.82430641151E-01 
7.80000000000E+01 7.85000000000E+01 7.90000000000E+01 2.03858084299E+01 7.66524186080E-01 2.00565878191E+01 5.58321263796E-01 2.03931240018E+01 1.06746166855E+00 2.05835544538E+01 5.77489391221E-01 1.97145209991E+01 7.43315752371E-01 1.88202069349E+01 1.04474179329E+00 2.16296738484E+01 7.83567064485E-01 
7.90000000000E+01 7.95000000000E+01 8.00000000000E+01 2.84756528834E+01 1.08055497816E+00 2.68210885391E+01 8.37311113356E-01 2.98051436632E+01 1.45218415988E+00 2.68248589977E+01 8.38615936749E-01 2.91681096236E+01 1.07994896072E+00 3.10056502532E+01 1.45230779829E+00 2.72235354290E+01 1.08451230421E+00 
8.00000000000E+01 8.05000000000E+01 8.10000000000E+01 2.08237391507E+01 8.90933595778E-01 2.18669550496E+01 7.17070958378E-01 2.15364714601E+01 1.24041311930E+00 2.07650662052E+01 6.94942476894E-01 2.18444217888E+01 9.14948519544E-01 1.88721687720E+01 1.19992140660E+00 2.20290830285E+01 9.41602934534E-01 
8.10000000000E+01 8.15000000000E+01 8.20000000000E+01 2.00427552486E+01 8.32206353701E-01 1.96525755438E+01 6.07215413532E-01 2.06014670902E+01 1.13974334758E+00 1.97167681911E+01 6.28909081297E-01 1.97389848612E+01 8.08968815449E-01 1.96116782736E+01 1.15679756440E+00 2.12948894914E+01 8.14967349944E-01 
8.20000000000E+01 8.25000000000E+01 8.30000000000E+01 1.93594267369E+01 6.68448758393E-01 1.89590238120E+01 4.73944993661E-01 1.94653055401E+01 8.98125153522E-01 1.91080332341E+01 5.07545501313E-01 1.84711402017E+01 6.37406527100E-01 1.91325808728E+01 9.21336182500E-01 1.96519878966E+01 6.54303624440E-01 
8.30000000000E+01 8.35000000000E+01 8.40000000000E+01 2.27767106676E+01 7.42203563246E-01 2.16552802835E+01 5.49324992079E-01 2.27372923443E+01 1.06137237399E+00 2.15075434482E+01 5.64373998492E-01 2.30925191065E+01 7.22256619691E-01 2.26568600705E+01 9.54659697400E-01 2.11913583454E+01 7.30086098950E-01 
8.40000000000E+01 8.45000000000E+01 8.50000000000E+01 1.91736129505E+01 7.63546885959E-01 1.81040287061E+01 5.70082074793E-01 2.33268781094E+01 1.03648240553E+00 1.85259655185E+01 5.81664736504E-01 1.86007139368E+01 7.46136654728E-01 2.02801876954E+01 1.01022943411E+00 2.25253787241E+01 7.22990970747E-01 
8.50000000000E+01 8.55000000000E+01 8.60000000000E+01 1.98811261209E+01 6.55373600846E-01 1.90622830478E+01 4.94180645898E-01 2.09112434296E+01 9.10884799356E-01 1.90476219742E+01 5.03536376771E-01 1.98467605496E+01 6.41935406514E-01 2.05253748662E+01 8.91251136264E-01 2.01471884312E+01 6.67206412204E-01 
8.60000000000E+01 8.65000000000E+01 8.70000000000E+01 1.20931453793E+01 7.79540073721E-01 1.32049120997E+01 5.86864234363E-01 1.19492224488E+01 1.02550304410E+00 1.28887901784E+01 5.98831032419E-01 1.21819461994E+01 7.58328862199E-01 9.99217086999E+00 1.06208243156E+00 1.26430967560E+01 7.60008546560E-01 
8.70000000000E+01 8.75000000000E+01 8.80000000000E+01 1.80750300305E+01 7.10882803281E-01 1.78850361227E+01 5.04885369156E-01 1.92423135613E+01 9.78073405916E-01 1.77838207917E+01 5.15130764604E-01 1.90601455878E+01 6.56002395453E-01 1.90696008344E+01 9.67557424708E-01 1.80997723111E+01 7.22324533427E-01 
8.80000000000E+01 8.85000000000E+01 8.90000000000E+01 1.19544975717E+01 7.23583701264E-01 1.27026241184E+01 5.38391664337E-01 1.06617543190E+01 1.03790349072E+00 1.24581597176E+01 5.45632866679E-01 1.22557371129E+01 7.14739334784E-01 1.07569862265E+01 9.99436900797E-01 1.15952046437E+01 7.44923453693E-01 
8.90000000000E+01 8.95000000000E+01 9.00000000000E+01 1.43842372680E+01 5.52890689107E-01 1.41279812055E+01 4.12232076617E-01 1.43953387227E+01 7.60549334962E-01 1.39264313048E+01 4.20812164433E-01 1.46539784852E+01 5.40150774441E-01 1.47150787041E+01 7.58260617116E-01 1.41378733567E+01 5.54978590190E-01 
9.00000000000E+01 9.05000000000E+01 9.10000000000E+01 1.77729095727E+01 5.07077261642E-01 1.49543845775E+01 3.26843362017E-01 1.91053175763E+01 7.14990273367E-01 1.65871915874E+01 3.84640762733E-01 1.54601430246E+01 4.22561735985E-01 1.91710426669E+01 6.98471879298E-01 1.78007296097E+01 5.19434401717E-01 
9.10000000000E+01 9.15000000000E+01 9.20000000000E+01 1.34508190595E+01 5.03164584147E-01 1.33689653420E+01 3.72012058389E-01 1.28159084017E+01 7.09573309303E-01 1.32549819773E+01 3.83536129810E-01 1.38070231613E+01 4.89930440492E-01 1.34333126409E+01 6.85734762003E-01 1.30771770360E+01 5.12868209606E-01 
9.20000000000E+01 9.25000000000E+01 9.30000000000E+01 1.25514907240E+01 4.19057555706E-01 1.26573357091E+01 3.18536690291E-01 1.28538019509E+01 5.80181555497E-01 1.25538628422E+01 3.27128837775E-01 1.27938722029E+01 4.09990315886E-01 1.21195408209E+01 5.81775924679E-01 1.33382422759E+01 4.07557219275E-01 
9.30000000000E+01 9.35000000000E+01 9.40000000000E+01 1.04035742356E+01 5.86423266379E-01 1.06471883910E+01 3.99000792646E-01 1.07228212039E+01 7.86558873486E-01 1.07573910712E+01 4.40826277821E-01 1.03572730652E+01 5.35519856954E-01 9.86265393310E+00 8.10900786422E-01 1.11541980012E+01 5.68869884797E-01 
9.40000000000E+01 9.45000000000E+01 9.50000000000E+01 1.17966773907E+01 4.46837298460E-01 1.19588684667E+01 3.39081119406E-01 1.26913882161E+01 6.75867321428E-01 1.20702168459E+01 3.55155644677E-01 1.25762861195E+01 4.46724693098E-01 1.27747264748E+01 6.34173024137E-01 1.24020095263E+01 4.86994790145E-01 
9.50000000000E+01 9.55000000000E+01 9.60000000000E+01 8.17539626551E+00 4.50905998885E-01 8.11860689217E+00 3.48436417403E-01 6.04609338091E+00 7.11201215173E-01 8.08855862428E+00 3.65268282926E-01 8.22567193996E+00 4.34368525819E-01 6.62078800069E+00 6.70908979049E-01 8.09089882754E+00 4.74382821838E-01 
9.60000000000E+01 9.65000000000E+01 9.70000000000E+01 1.29281262818E+01 4.22624457439E-01 1.20748311081E+01 2.96917070135E-01 1.33938448324E+01 5.62127051332E-01 1.23985335150E+01 3.22002510959E-01 1.25296125720E+01 3.88232253130E-01 1.33258326610E+01 5.80685599575E-01 1.30272769136E+01 4.11112632393E-01 
9.70000000000E+01 9.75000000000E+01 9.80000000000E+01 6.64115385693E+00 3.65476002167E-01 7.04850818623E+00 2.85054432294E-01 5.66189790162E+00 5.16596924231E-01 7.29082580788E+00 2.82185756591E-01 6.42388880323E+00 3.66668821271E-01 5.29086361950E+00 4.96015173482E-01 6.89917780293E+00 3.79673082934E-01 
9.80000000000E+01 9.85000000000E+01 9.90000000000E+01 9.91815882658E+00 4.44454753055E-01 9.79683916297E+00 3.19395608938E-01 1.02315895511E+01 6.58430424093E-01 9.77390777370E+00 3.29147331181E-01 9.94428818090E+00 4.29982769586E-01 9.93718844436E+00 6.25774845962E-01 1.02344465257E+01 4.64904002600E-01 
9.90000000000E+01 9.95000000000E+01 1.00000000000E+02 9.84105729898E+00 4.74467852284E-01 9.75085154312E+00 3.60679476278E-01 1.05993821396E+01 6.73778366916E-01 9.37753010678E+00 3.57327527431E-01 9.18043022519E+00 3.71392382799E-01 1.05695791370E+01 6.60335511397E-01 9.98925564738E+00 4.84933303784E-01 
#nx: 3
