#labels: ptz__1p75__2p0_lower[1] ptz__1p75__2p0_center[2] ptz__1p75__2p0_upper[3] tot_scale01[4] tot_scale01_Err[5] tot_scale02[6] tot_scale02_Err[7] tot_scale03[8] tot_scale03_Err[9] tot_scale04[10] tot_scale04_Err[11] tot_scale05[12] tot_scale05_Err[13] tot_scale06[14] tot_scale06_Err[15] tot_scale07[16] tot_scale07_Err[17]
#neval: 862055662261
#overflow:lower center upper 1.19007360130E+03 4.51691509472E+00 1.17312285286E+03 3.32131415333E+00 1.18667308977E+03 6.44965248381E+00 1.17118486431E+03 3.37133503863E+00 1.19443191009E+03 4.45990317837E+00 1.18690506342E+03 6.28775385386E+00 1.18842805278E+03 4.55265652460E+00 
0.00000000000E+00 5.00000000000E-01 1.00000000000E+00 0.00000000000E+00 0.00000000000E+00 0.00000000000E+00 0.00000000000E+00 0.00000000000E+00 0.00000000000E+00 0.00000000000E+00 0.00000000000E+00 0.00000000000E+00 0.00000000000E+00 0.00000000000E+00 0.00000000000E+00 0.00000000000E+00 0.00000000000E+00 
1.00000000000E+00 1.50000000000E+00 2.00000000000E+00 -8.04383370231E+03 3.74350034987E+02 -5.37411598306E+03 2.97664148170E+02 -1.01844511392E+04 4.79666380548E+02 -3.77155992341E+03 2.78010696355E+02 -1.01238668765E+04 4.00466246590E+02 -1.25716408229E+04 5.22008247900E+02 -5.92767623938E+03 3.44251869929E+02 
2.00000000000E+00 2.50000000000E+00 3.00000000000E+00 3.93813987745E+02 3.67898001379E+02 2.23155346269E+03 3.00096302059E+02 -1.62153884393E+03 4.58564026872E+02 2.71798154280E+03 2.73272192905E+02 -3.46289052604E+02 4.04010901034E+02 -2.56780227869E+03 5.13129526825E+02 1.00774873285E+03 3.28612841067E+02 
3.00000000000E+00 3.50000000000E+00 4.00000000000E+00 4.90964994417E+03 9.45065162443E+01 5.56294901335E+03 7.53459401318E+01 4.24756901278E+03 1.21062236798E+02 5.62022729117E+03 7.01388555746E+01 4.68721398455E+03 1.01167954921E+02 3.99680946591E+03 1.31284085685E+02 5.04311213906E+03 8.69723611920E+01 
4.00000000000E+00 4.50000000000E+00 5.00000000000E+00 4.97838307826E+03 9.46132789348E+01 5.31362772499E+03 7.37959915108E+01 4.54694488003E+03 1.21987219036E+02 5.30022989758E+03 6.91249294344E+01 4.90745526565E+03 1.00955148489E+02 4.57931391239E+03 1.34449233713E+02 4.92515715653E+03 8.58844236723E+01 
5.00000000000E+00 5.50000000000E+00 6.00000000000E+00 4.34133822115E+03 8.55302138645E+01 4.79864917978E+03 5.28342986034E+01 4.28073067660E+03 8.50002177728E+01 4.60845384858E+03 6.22814089498E+01 4.28865423058E+03 9.14494928309E+01 3.97217709528E+03 1.22086877580E+02 4.48617515435E+03 6.10335318425E+01 
6.00000000000E+00 6.50000000000E+00 7.00000000000E+00 3.58389515455E+03 7.59054013732E+01 3.80341927584E+03 6.25319245408E+01 3.35933273195E+03 9.53483028236E+01 3.79989747342E+03 5.64517596491E+01 3.47857568746E+03 8.42405968641E+01 3.26659484471E+03 1.05062380532E+02 3.60880448916E+03 6.84843804607E+01 
7.00000000000E+00 7.50000000000E+00 8.00000000000E+00 3.31260662837E+03 5.56455238897E+01 3.48570188652E+03 4.48135800246E+01 3.13673738215E+03 7.34027813214E+01 3.43978328027E+03 4.13893043257E+01 3.31049457058E+03 6.02544514288E+01 3.09838874650E+03 7.74954466488E+01 3.28783319401E+03 5.26866786785E+01 
8.00000000000E+00 8.50000000000E+00 9.00000000000E+00 2.87087203281E+03 4.09638486903E+01 2.98755016923E+03 3.25282594461E+01 2.67548854712E+03 4.90593402229E+01 2.97336167815E+03 3.05117456300E+01 2.82945400135E+03 4.36308876476E+01 2.67552933411E+03 5.69992604126E+01 2.83068287363E+03 3.52955055087E+01 
9.00000000000E+00 9.50000000000E+00 1.00000000000E+01 2.58066715929E+03 3.43328958007E+01 2.68606682258E+03 2.75884980936E+01 2.43401992128E+03 3.97766734556E+01 2.65002295939E+03 2.56064703548E+01 2.60236794164E+03 3.72754238339E+01 2.47955910221E+03 4.80976606141E+01 2.54171875405E+03 2.86383978651E+01 
1.00000000000E+01 1.05000000000E+01 1.10000000000E+01 2.72011794347E+03 2.86184240528E+01 2.71950150088E+03 2.31409604017E+01 2.68710416469E+03 3.62967187483E+01 2.67971224813E+03 2.13397595873E+01 2.73143295107E+03 3.09775532871E+01 2.74302960877E+03 3.97212211949E+01 2.63342486173E+03 2.61214704432E+01 
1.10000000000E+01 1.15000000000E+01 1.20000000000E+01 2.14244950836E+03 2.72713170141E+01 2.21528527989E+03 2.15609508966E+01 2.09882984274E+03 3.60303884517E+01 2.14757346843E+03 2.06749231654E+01 2.17118380267E+03 2.89741495796E+01 2.06361182986E+03 3.79786759026E+01 2.13820153736E+03 2.58031029341E+01 
1.20000000000E+01 1.25000000000E+01 1.30000000000E+01 2.23799757912E+03 2.66220466071E+01 2.23966880949E+03 2.12396332632E+01 2.27212232799E+03 3.46992775798E+01 2.18273915560E+03 1.97980740854E+01 2.28680301143E+03 2.85530543287E+01 2.29626489353E+03 3.70908288669E+01 2.19728795232E+03 2.49047085923E+01 
1.30000000000E+01 1.35000000000E+01 1.40000000000E+01 1.66536295973E+03 2.53658013060E+01 1.74058952570E+03 2.02624327197E+01 1.61382145706E+03 3.27582887065E+01 1.71241470268E+03 1.89137053488E+01 1.69094336709E+03 2.71571616897E+01 1.56314793259E+03 3.53799928207E+01 1.67312921999E+03 2.35439932173E+01 
1.40000000000E+01 1.45000000000E+01 1.50000000000E+01 1.70022888762E+03 2.00957486416E+01 1.72158531781E+03 1.62001690976E+01 1.67281825529E+03 2.54929026258E+01 1.69137900905E+03 1.50294188437E+01 1.71891676862E+03 2.17587861637E+01 1.68250019760E+03 2.79316268003E+01 1.67227460406E+03 1.82951287004E+01 
1.50000000000E+01 1.55000000000E+01 1.60000000000E+01 1.52279976348E+03 2.22791267952E+01 1.55324938799E+03 1.82910010424E+01 1.49794217750E+03 3.13897765369E+01 1.48837244388E+03 1.91238176735E+01 1.54478601596E+03 2.45310347470E+01 1.50466748227E+03 3.09886647459E+01 1.49677406671E+03 2.25425416370E+01 
1.60000000000E+01 1.65000000000E+01 1.70000000000E+01 1.51370951666E+03 1.85805780950E+01 1.50564368207E+03 1.47875570952E+01 1.52283958234E+03 2.36596373430E+01 1.47473591776E+03 1.39137923971E+01 1.53732975702E+03 1.98040338717E+01 1.54840496797E+03 2.57788382512E+01 1.47603166446E+03 1.70344278859E+01 
1.70000000000E+01 1.75000000000E+01 1.80000000000E+01 1.18274771287E+03 1.72916726906E+01 1.23117113269E+03 1.38429442024E+01 1.16681746792E+03 2.22922895138E+01 1.20388385398E+03 1.28967406090E+01 1.20738915095E+03 1.85778424655E+01 1.12755373878E+03 2.45284691240E+01 1.17796139456E+03 1.58386086424E+01 
1.80000000000E+01 1.85000000000E+01 1.90000000000E+01 1.24482314638E+03 1.42611418934E+01 1.21380412874E+03 1.16329475950E+01 1.28242064487E+03 1.81157577077E+01 1.22000207847E+03 1.06708705086E+01 1.21873187556E+03 1.55626536828E+01 1.26308996004E+03 1.97282286177E+01 1.24917634705E+03 1.29769682850E+01 
1.90000000000E+01 1.95000000000E+01 2.00000000000E+01 1.23279491214E+03 1.81026736953E+01 1.22087489687E+03 1.43145855569E+01 1.19149319091E+03 2.40247622227E+01 1.19581848950E+03 1.34344474073E+01 1.25854007941E+03 1.92313341197E+01 1.27961170329E+03 2.52127134607E+01 1.16393518673E+03 1.71633434481E+01 
2.00000000000E+01 2.05000000000E+01 2.10000000000E+01 1.25404336458E+03 1.72022826513E+01 1.21076622089E+03 1.37641120231E+01 1.29820051157E+03 2.26036505258E+01 1.18662100557E+03 1.28096538263E+01 1.28038981205E+03 1.85482003990E+01 1.32891569349E+03 2.39758850403E+01 1.21388658248E+03 1.62307314210E+01 
2.10000000000E+01 2.15000000000E+01 2.20000000000E+01 9.96690902293E+02 1.13896509711E+01 9.94269204829E+02 8.65890652221E+00 9.86319667121E+02 1.46596733626E+01 9.74937608242E+02 8.50316923962E+00 1.00519252621E+03 1.15751101101E+01 1.00301347424E+03 1.57977046851E+01 9.71062939565E+02 1.05462743506E+01 
2.20000000000E+01 2.25000000000E+01 2.30000000000E+01 8.60501633241E+02 1.17310524348E+01 8.86764151202E+02 8.89682082466E+00 8.54882227759E+02 1.57883651114E+01 8.57089595227E+02 8.76647199353E+00 8.84723390299E+02 1.18619429305E+01 8.47105830091E+02 1.62911576942E+01 8.59427135559E+02 1.13867868299E+01 
2.30000000000E+01 2.35000000000E+01 2.40000000000E+01 7.54612445423E+02 1.27327618226E+01 7.73874375751E+02 1.01557848355E+01 7.55337097011E+02 1.66663716987E+01 7.66621825403E+02 9.49484642943E+00 7.49591209288E+02 1.35936463328E+01 7.33628682880E+02 1.80294470523E+01 7.74025215528E+02 1.19264372773E+01 
2.40000000000E+01 2.45000000000E+01 2.50000000000E+01 7.98765342564E+02 9.56771653878E+00 7.83592302708E+02 7.98919185095E+00 7.95824685202E+02 1.16356255418E+01 7.84605336959E+02 7.16617324190E+00 7.99766536228E+02 1.04862088970E+01 8.09591393222E+02 1.33142816628E+01 7.76163359233E+02 8.57634301902E+00 
2.50000000000E+01 2.55000000000E+01 2.60000000000E+01 7.29247379480E+02 9.47068352032E+00 7.37143054690E+02 7.42718475193E+00 7.09162117221E+02 1.24393694109E+01 7.16917076677E+02 7.12158671027E+00 7.43598461674E+02 9.91298020006E+00 7.27596481824E+02 1.31443043834E+01 7.11550820697E+02 8.97333242954E+00 
2.60000000000E+01 2.65000000000E+01 2.70000000000E+01 7.33876206929E+02 1.05701609622E+01 7.32207978087E+02 8.38170970651E+00 7.53320732707E+02 1.38237082201E+01 7.10968919688E+02 7.87070285180E+00 7.51101041551E+02 1.12377284873E+01 7.51587939333E+02 1.47537359788E+01 7.25614532378E+02 9.91475145173E+00 
2.70000000000E+01 2.75000000000E+01 2.80000000000E+01 7.02472936610E+02 1.03262044268E+01 6.81834335203E+02 8.14681633678E+00 7.29724003267E+02 1.42410637678E+01 6.77570534835E+02 7.70847206748E+00 7.00271787107E+02 1.09054103565E+01 7.26999275762E+02 1.43483248415E+01 6.97996233248E+02 1.02760277811E+01 
2.80000000000E+01 2.85000000000E+01 2.90000000000E+01 5.47218718865E+02 1.23359231694E+01 5.85448491154E+02 9.25134240949E+00 5.36936959288E+02 1.62325098847E+01 5.55269878063E+02 9.17818670441E+00 5.79751849634E+02 1.23822098066E+01 5.19609693191E+02 1.71315575524E+01 5.55525593746E+02 1.16803079952E+01 
2.90000000000E+01 2.95000000000E+01 3.00000000000E+01 5.93023096504E+02 1.19085279469E+01 5.94846428003E+02 9.47324356872E+00 5.85506199508E+02 1.56496507135E+01 5.83731642954E+02 8.85633132107E+00 6.09109802948E+02 1.26756106905E+01 5.93063680195E+02 1.67984734973E+01 5.76173596337E+02 1.12692679440E+01 
3.00000000000E+01 3.05000000000E+01 3.10000000000E+01 5.42041385725E+02 8.31674093273E+00 5.42474332896E+02 6.53635564763E+00 5.43609818807E+02 1.12077161057E+01 5.38236458738E+02 6.26259731809E+00 5.43758745495E+02 8.68441907413E+00 5.50281334091E+02 1.22044300787E+01 5.33308419646E+02 7.97453487148E+00 
3.10000000000E+01 3.15000000000E+01 3.20000000000E+01 4.78390035675E+02 1.01113760007E+01 4.81100247439E+02 7.79992988886E+00 4.71331181602E+02 1.30838726515E+01 4.77892872619E+02 7.55931004356E+00 4.70264056853E+02 1.05076013834E+01 4.60122121430E+02 1.41517411319E+01 4.73206820166E+02 9.52625926851E+00 
3.20000000000E+01 3.25000000000E+01 3.30000000000E+01 5.00404595897E+02 8.94124998780E+00 5.03076607062E+02 6.98636437981E+00 5.03284974404E+02 1.14646767129E+01 4.86699668750E+02 6.64831281748E+00 5.17144077991E+02 9.39827536313E+00 5.02862928141E+02 1.25211684535E+01 4.85572076766E+02 8.13721692165E+00 
3.30000000000E+01 3.35000000000E+01 3.40000000000E+01 4.94089737918E+02 7.57028936879E+00 4.91479787856E+02 6.04078232702E+00 5.10197699761E+02 1.01772087476E+01 4.74519587960E+02 5.67542029775E+00 5.11218999501E+02 8.07007153966E+00 5.06979102228E+02 1.05243217749E+01 4.87958906151E+02 7.34392105562E+00 
3.40000000000E+01 3.45000000000E+01 3.50000000000E+01 4.23528087409E+02 6.67462718624E+00 4.30264921875E+02 5.22534759551E+00 4.11838671212E+02 8.87610235423E+00 4.18978080173E+02 5.00785856056E+00 4.31739911170E+02 6.96231502286E+00 4.21209926571E+02 9.19723111019E+00 4.13935245916E+02 6.40081097714E+00 
3.50000000000E+01 3.55000000000E+01 3.60000000000E+01 4.68714069287E+02 6.95151293376E+00 4.50732200542E+02 4.68366450995E+00 4.94025103347E+02 9.14424144480E+00 4.46732789401E+02 4.51462240317E+00 4.70678653894E+02 6.23358156186E+00 4.91748033124E+02 9.58399716612E+00 4.65400195283E+02 6.59142083935E+00 
3.60000000000E+01 3.65000000000E+01 3.70000000000E+01 4.35135947885E+02 7.92240733582E+00 4.27288576102E+02 6.18968799256E+00 4.55161765962E+02 1.04941869540E+01 4.15464080382E+02 5.91735013875E+00 4.37503370239E+02 8.07512702779E+00 4.57064854646E+02 1.09992747471E+01 4.28293896156E+02 7.55688723308E+00 
3.70000000000E+01 3.75000000000E+01 3.80000000000E+01 3.56175781948E+02 5.32984257862E+00 3.53590591613E+02 4.14752051291E+00 3.67157268699E+02 6.64857249887E+00 3.55689637900E+02 3.96281546680E+00 3.50265055527E+02 5.54786211180E+00 3.61209513481E+02 7.07349908157E+00 3.57908186688E+02 4.95999809307E+00 
3.80000000000E+01 3.85000000000E+01 3.90000000000E+01 3.82566287136E+02 5.02690197269E+00 3.74147013340E+02 3.87097248188E+00 3.84420019895E+02 6.33032941472E+00 3.64580803789E+02 3.63320418472E+00 3.82680308308E+02 5.18277144268E+00 3.95531493326E+02 6.98221455686E+00 3.70767130712E+02 4.56543338193E+00 
3.90000000000E+01 3.95000000000E+01 4.00000000000E+01 3.91032506636E+02 5.61362200287E+00 3.77595633548E+02 4.42537780490E+00 4.05047427010E+02 7.37276245242E+00 3.71916237984E+02 4.20709435420E+00 3.95055184392E+02 5.88009358316E+00 4.15694811101E+02 7.82700862127E+00 3.80854358403E+02 5.33661661095E+00 
4.00000000000E+01 4.05000000000E+01 4.10000000000E+01 3.17487729670E+02 4.67320860769E+00 3.16415005589E+02 3.60301980120E+00 3.22295787165E+02 6.25574102478E+00 3.13682271173E+02 3.46487996186E+00 3.20800748870E+02 4.77515996272E+00 3.18570720494E+02 6.44719993675E+00 3.16166100709E+02 4.54343062695E+00 
4.10000000000E+01 4.15000000000E+01 4.20000000000E+01 3.14712622440E+02 1.22188828473E+01 3.07841142414E+02 9.28809875684E+00 3.29458453889E+02 1.65106476964E+01 3.05349164280E+02 9.09476109374E+00 3.15045033694E+02 1.24810277614E+01 3.22461742447E+02 1.70205031190E+01 3.19518589443E+02 1.18410713389E+01 
4.20000000000E+01 4.25000000000E+01 4.30000000000E+01 3.02430817390E+02 4.77489202896E+00 2.93815844502E+02 3.76933209880E+00 3.18655463730E+02 6.25543167968E+00 2.93814202725E+02 3.61374099138E+00 2.98804453150E+02 4.97248202560E+00 3.05741152325E+02 6.52822433612E+00 3.07244096096E+02 4.56193399655E+00 
4.30000000000E+01 4.35000000000E+01 4.40000000000E+01 3.07759832830E+02 6.15027223618E+00 3.06299854897E+02 4.60324852203E+00 3.12631876101E+02 8.08420838512E+00 2.94752432885E+02 4.58564791049E+00 3.20007018070E+02 6.17128135641E+00 3.29832981768E+02 8.21865885479E+00 3.02472223686E+02 5.80172163414E+00 
4.40000000000E+01 4.45000000000E+01 4.50000000000E+01 2.51079423851E+02 6.09354624034E+00 2.48750630604E+02 4.75353354735E+00 2.40396283990E+02 6.91124675418E+00 2.39928777096E+02 4.48117338561E+00 2.51499821750E+02 6.30969435737E+00 2.49073367444E+02 8.48691076849E+00 2.41601354691E+02 4.97565512573E+00 
4.50000000000E+01 4.55000000000E+01 4.60000000000E+01 3.21283202954E+02 1.18719189506E+01 3.06605550163E+02 9.31859919880E+00 3.56433033779E+02 1.51029448159E+01 3.03568245260E+02 8.76247868529E+00 3.29068920692E+02 1.25747869728E+01 3.48916599288E+02 1.66092619320E+01 3.24259991859E+02 1.07938598035E+01 
4.60000000000E+01 4.65000000000E+01 4.70000000000E+01 2.60759805456E+02 3.98279437474E+00 2.47702802544E+02 3.07938590906E+00 2.68219170877E+02 5.34131838664E+00 2.50657233308E+02 2.99421122307E+00 2.54881222981E+02 4.10648802806E+00 2.71373806562E+02 5.52668066337E+00 2.57840793988E+02 3.84972009600E+00 
4.70000000000E+01 4.75000000000E+01 4.80000000000E+01 1.90452440388E+02 1.32754408512E+01 2.00180725635E+02 9.45721206043E+00 1.72645205598E+02 1.87078508861E+01 1.97482225782E+02 9.53233169012E+00 1.92443557640E+02 1.31874134703E+01 1.68661972480E+02 1.91404356724E+01 1.84009134328E+02 1.30299348331E+01 
4.80000000000E+01 4.85000000000E+01 4.90000000000E+01 2.54448811791E+02 1.32318519607E+01 2.42209939391E+02 9.43564532514E+00 2.28701747473E+02 5.37931588003E+00 2.40700760094E+02 9.50285384391E+00 2.53617973524E+02 1.31857019865E+01 2.73960254845E+02 1.90850939717E+01 2.26806171432E+02 3.88347482001E+00 
4.90000000000E+01 4.95000000000E+01 5.00000000000E+01 2.29740730339E+02 3.79956347821E+00 2.22598632635E+02 3.14850994707E+00 2.44073709016E+02 5.14780250616E+00 2.19398625302E+02 2.83626484548E+00 2.30185468005E+02 4.18660233099E+00 2.37823863158E+02 5.25862418153E+00 2.32036986661E+02 3.69160687177E+00 
5.00000000000E+01 5.05000000000E+01 5.10000000000E+01 1.84224737380E+02 4.46940338657E+00 1.90141145258E+02 3.31406054817E+00 1.73925115988E+02 6.00836218296E+00 1.85305784611E+02 3.30738313772E+00 1.89861005575E+02 4.48004456160E+00 1.77712449213E+02 6.27268069287E+00 1.81559826811E+02 4.27877002320E+00 
5.10000000000E+01 5.15000000000E+01 5.20000000000E+01 1.60941663104E+02 4.92629620427E+00 1.63789669817E+02 3.80865192094E+00 1.46064109026E+02 6.37161313761E+00 1.62918692845E+02 3.65153645772E+00 1.58477141649E+02 5.11687193490E+00 1.53909319500E+02 6.84866575364E+00 1.58306256035E+02 4.57995816862E+00 
5.20000000000E+01 5.25000000000E+01 5.30000000000E+01 2.24544703897E+02 4.59177526635E+00 2.03904549583E+02 4.09192476058E+00 2.08312441266E+02 7.40450980486E+00 2.01301793762E+02 4.02442064563E+00 2.25114127791E+02 4.68501440510E+00 2.20512302527E+02 7.81938149179E+00 2.14156128768E+02 4.36294801281E+00 
5.30000000000E+01 5.35000000000E+01 5.40000000000E+01 1.50462683552E+02 4.05243718420E+00 1.58784058756E+02 3.02952993272E+00 1.48371319791E+02 6.19470007213E+00 1.54817798241E+02 3.04290340366E+00 1.55333767954E+02 4.04504543075E+00 1.50460960728E+02 6.28941213405E+00 1.53263338003E+02 4.40446452064E+00 
5.40000000000E+01 5.45000000000E+01 5.50000000000E+01 1.60840282757E+02 3.01760686141E+00 1.66825653938E+02 2.53079811887E+00 1.64338247357E+02 3.89845687748E+00 1.61531927143E+02 2.30359113846E+00 1.68395683469E+02 3.30002996255E+00 1.59181312331E+02 4.13680206750E+00 1.65263975610E+02 2.83880804199E+00 
5.50000000000E+01 5.55000000000E+01 5.60000000000E+01 1.93005924506E+02 6.99574870929E+00 1.94701003542E+02 5.51835404711E+00 2.04550187619E+02 1.00527939283E+01 1.81815887967E+02 5.21884968666E+00 2.09370533980E+02 7.39002647664E+00 2.04079926540E+02 9.71509503890E+00 1.90804617328E+02 7.20978381847E+00 
5.60000000000E+01 5.65000000000E+01 5.70000000000E+01 1.55213192479E+02 3.28754640692E+00 1.53553781443E+02 2.54104181008E+00 1.62561571183E+02 4.18889591206E+00 1.52687982256E+02 2.45365238630E+00 1.54917631972E+02 3.40769579858E+00 1.54414974982E+02 4.62269913160E+00 1.59806949361E+02 2.98238926805E+00 
5.70000000000E+01 5.75000000000E+01 5.80000000000E+01 1.58387844741E+02 3.75079854447E+00 1.53687678864E+02 2.69986674799E+00 1.50225389775E+02 4.48737256257E+00 1.53214516304E+02 2.79586756645E+00 1.60875145059E+02 3.60593268973E+00 1.62992821735E+02 5.22056421372E+00 1.50613491681E+02 3.18548655837E+00 
5.80000000000E+01 5.85000000000E+01 5.90000000000E+01 1.71160676217E+02 3.22397543967E+00 1.64152166293E+02 2.43305098561E+00 1.79110188388E+02 4.32313034271E+00 1.61672659926E+02 2.43116141877E+00 1.73735896049E+02 3.22201514771E+00 1.84844717983E+02 4.43847749524E+00 1.68087935572E+02 3.13258956472E+00 
5.90000000000E+01 5.95000000000E+01 6.00000000000E+01 1.31759658654E+02 2.76264054802E+00 1.33915052094E+02 2.21069903128E+00 1.29649530859E+02 3.60636206384E+00 1.32533062372E+02 2.07769837333E+00 1.38044871400E+02 2.84506485929E+00 1.34707221486E+02 3.69610969516E+00 1.29566361772E+02 2.65011824238E+00 
6.00000000000E+01 6.05000000000E+01 6.10000000000E+01 1.37220919185E+02 2.60531645069E+00 1.33110724763E+02 2.02172990834E+00 1.30922010288E+02 3.15462293440E+00 1.33053535598E+02 1.95874425714E+00 1.37627321887E+02 2.68539301407E+00 1.41236989149E+02 3.60254639134E+00 1.29549304295E+02 2.28302241970E+00 
6.10000000000E+01 6.15000000000E+01 6.20000000000E+01 1.28849675026E+02 2.34016207132E+00 1.27181630110E+02 1.75072463980E+00 1.29105086561E+02 3.03809803025E+00 1.26938833203E+02 1.72112809103E+00 1.25532011886E+02 2.39047005009E+00 1.27938990374E+02 3.24369454091E+00 1.27269406452E+02 2.19889302228E+00 
6.20000000000E+01 6.25000000000E+01 6.30000000000E+01 1.32438084724E+02 3.32949811718E+00 1.29395626420E+02 2.59943971648E+00 1.37615553577E+02 4.39331430497E+00 1.28227430321E+02 2.51976218970E+00 1.35059277274E+02 3.46871755205E+00 1.40799668871E+02 4.61321173778E+00 1.36218627210E+02 3.14419095768E+00 
6.30000000000E+01 6.35000000000E+01 6.40000000000E+01 1.08918179633E+02 2.49958406490E+00 1.10580915186E+02 1.92925489908E+00 1.10509056639E+02 3.26753234229E+00 1.09244569371E+02 1.88709258562E+00 1.09038686498E+02 2.54554853035E+00 1.05329561320E+02 3.42816804111E+00 1.12065081528E+02 2.47850927940E+00 
6.40000000000E+01 6.45000000000E+01 6.50000000000E+01 1.26272404731E+02 2.13495100012E+00 1.23456912728E+02 1.64814565553E+00 1.28426327644E+02 2.81858481625E+00 1.20973398990E+02 1.62447586477E+00 1.29919998433E+02 2.17927173455E+00 1.30718368020E+02 2.92215597933E+00 1.23338895750E+02 2.05537725610E+00 
6.50000000000E+01 6.55000000000E+01 6.60000000000E+01 9.90572881402E+01 2.49663098481E+00 9.78720313570E+01 1.89562024846E+00 9.89544511377E+01 3.31920360070E+00 9.97498288351E+01 1.87253463297E+00 9.59832865348E+01 2.52319498850E+00 9.87114305632E+01 3.37156967674E+00 9.82189456052E+01 2.45746693881E+00 
6.60000000000E+01 6.65000000000E+01 6.70000000000E+01 1.21458420961E+02 2.51361122050E+00 1.18479009675E+02 1.92453789422E+00 1.26259599087E+02 3.41241792499E+00 1.14871835196E+02 1.90776738249E+00 1.25290034723E+02 2.52287240213E+00 1.29824012317E+02 3.34528089139E+00 1.18048168732E+02 2.47182682543E+00 
6.70000000000E+01 6.75000000000E+01 6.80000000000E+01 1.27179191447E+02 2.11701233868E+00 1.21607721750E+02 1.61605190102E+00 1.36206515555E+02 2.91328719812E+00 1.19239559812E+02 1.58978929486E+00 1.29550882406E+02 2.14822886075E+00 1.35740625480E+02 2.93959910280E+00 1.26108484481E+02 2.10670435787E+00 
6.80000000000E+01 6.85000000000E+01 6.90000000000E+01 9.09231143075E+01 2.08369837831E+00 9.22466681002E+01 1.59664281733E+00 9.16760047142E+01 2.73058101705E+00 9.36558657427E+01 1.51948912990E+00 9.12061968567E+01 2.13420598008E+00 8.71005447268E+01 2.85666851920E+00 9.30986566883E+01 1.98481293954E+00 
6.90000000000E+01 6.95000000000E+01 7.00000000000E+01 8.93325514046E+01 1.97462300148E+00 8.81817647392E+01 1.52201535421E+00 8.33174299935E+01 2.72830091270E+00 8.69938915504E+01 1.50677062692E+00 8.87827244805E+01 1.98565803181E+00 8.86148467952E+01 2.70446201038E+00 8.42999631265E+01 1.98561792780E+00 
7.00000000000E+01 7.05000000000E+01 7.10000000000E+01 9.76709291446E+01 1.79131702495E+00 9.07008327270E+01 1.45494450343E+00 1.03843476038E+02 2.51157893995E+00 9.15757435226E+01 1.41181509905E+00 9.52939911828E+01 1.87938976906E+00 1.00164946154E+02 2.50683880876E+00 9.76366064586E+01 1.85017535510E+00 
7.10000000000E+01 7.15000000000E+01 7.20000000000E+01 9.63468465601E+01 1.66637887725E+00 9.09538706871E+01 1.40845131062E+00 9.86169888000E+01 2.35479635708E+00 9.34154968280E+01 1.28674831875E+00 9.50845684656E+01 1.79414252252E+00 9.59886052696E+01 2.33735956391E+00 9.55719591619E+01 1.72854353944E+00 
7.20000000000E+01 7.25000000000E+01 7.30000000000E+01 9.28895631262E+01 1.78665945652E+00 9.33592942686E+01 1.50157120044E+00 9.99629405416E+01 2.11820727429E+00 8.95332797527E+01 1.34649174770E+00 9.77111674586E+01 1.99810635285E+00 9.70161580817E+01 2.45512194303E+00 9.53676809360E+01 1.53715131487E+00 
7.30000000000E+01 7.35000000000E+01 7.40000000000E+01 6.65421010559E+01 1.76907582477E+00 6.98215593073E+01 1.41835987225E+00 6.46619043509E+01 2.41235048005E+00 6.90925476318E+01 1.37917861791E+00 6.69490556659E+01 1.81918571239E+00 6.48008627953E+01 2.46009869740E+00 6.69681207034E+01 1.74830969105E+00 
7.40000000000E+01 7.45000000000E+01 7.50000000000E+01 8.77652069096E+01 2.23086984568E+00 8.34250355766E+01 1.62150627053E+00 9.35308599634E+01 3.11273568158E+00 8.34468595351E+01 1.63277247088E+00 8.78903553367E+01 2.19098488074E+00 9.32612613697E+01 3.14603988983E+00 8.81560472245E+01 2.19720115828E+00 
7.50000000000E+01 7.55000000000E+01 7.60000000000E+01 7.32648354081E+01 1.72979713526E+00 7.13600409097E+01 1.30617275067E+00 7.72846382805E+01 2.42794939778E+00 7.18917362769E+01 1.30139379786E+00 7.42286385139E+01 1.74492695229E+00 7.37877589315E+01 2.39173985512E+00 7.49831846789E+01 1.75451165317E+00 
7.60000000000E+01 7.65000000000E+01 7.70000000000E+01 9.92245088614E+01 2.77729788507E+00 8.94183748250E+01 2.00676865976E+00 1.14801014312E+02 4.00435095872E+00 9.08322066490E+01 2.07883716669E+00 9.83457859266E+01 2.67749188649E+00 1.11196003601E+02 3.84944492281E+00 9.62409093955E+01 2.74555755907E+00 
7.70000000000E+01 7.75000000000E+01 7.80000000000E+01 7.34711069505E+01 1.93266417420E+00 7.20565742069E+01 1.43812155415E+00 6.75512720929E+01 2.66544059987E+00 7.02095050141E+01 1.43216462107E+00 7.21837185073E+01 1.88341272822E+00 7.42448513234E+01 2.68625468732E+00 6.86530576445E+01 1.92939685162E+00 
7.80000000000E+01 7.85000000000E+01 7.90000000000E+01 6.60363892064E+01 2.61477756001E+00 7.10275008631E+01 1.56383032947E+00 6.81794778723E+01 3.53953860026E+00 6.59388672942E+01 1.95065917298E+00 7.28564203986E+01 2.08486722998E+00 7.16599575663E+01 3.02877934599E+00 6.77119589711E+01 2.54621868724E+00 
7.90000000000E+01 7.95000000000E+01 8.00000000000E+01 5.04397960442E+01 1.76638027209E+00 5.27057498634E+01 1.33691066195E+00 4.18616725088E+01 2.47972712538E+00 5.31647817858E+01 1.35033656744E+00 4.92601805802E+01 1.77648902637E+00 4.64097641077E+01 2.50325796503E+00 4.98103799440E+01 1.83637722550E+00 
8.00000000000E+01 8.05000000000E+01 8.10000000000E+01 7.33942808632E+01 1.56225774271E+00 6.65965384487E+01 1.20159438038E+00 7.51757872900E+01 2.20502673911E+00 6.79953724097E+01 1.22787489627E+00 6.82728980689E+01 1.61104346871E+00 7.15575325268E+01 2.23513993790E+00 7.54896719150E+01 1.54327708159E+00 
8.10000000000E+01 8.15000000000E+01 8.20000000000E+01 6.38078208595E+01 1.83587888398E+00 6.25221988838E+01 1.34342208762E+00 6.41327484334E+01 2.54913923858E+00 6.17095256313E+01 1.37863076770E+00 6.41345061673E+01 1.78208481291E+00 6.54135150787E+01 2.53896498897E+00 6.28663009654E+01 1.84430454485E+00 
8.20000000000E+01 8.25000000000E+01 8.30000000000E+01 5.27640349121E+01 1.33659398204E+00 5.22527088803E+01 1.00517424267E+00 4.78247475710E+01 1.87250817096E+00 5.44577890409E+01 9.72402304267E-01 5.13708856158E+01 1.31589238588E+00 4.90701057757E+01 1.86023126384E+00 5.11758747730E+01 1.34788599439E+00 
8.30000000000E+01 8.35000000000E+01 8.40000000000E+01 5.46900256756E+01 2.09613205961E+00 5.41745201975E+01 1.59211918391E+00 5.28264931579E+01 2.96429358022E+00 5.42416726742E+01 1.58712064212E+00 5.56770701601E+01 2.12109881373E+00 5.34082856579E+01 2.96259620823E+00 5.37873933376E+01 2.12698449598E+00 
8.40000000000E+01 8.45000000000E+01 8.50000000000E+01 5.05228700133E+01 1.54512429371E+00 5.09545216403E+01 1.13342324580E+00 5.33524263605E+01 1.90892855915E+00 5.34984672653E+01 8.97333982329E-01 5.16756994978E+01 1.58396535726E+00 5.02931182500E+01 2.11547938224E+00 5.27515331633E+01 1.38294238501E+00 
8.50000000000E+01 8.55000000000E+01 8.60000000000E+01 6.24595397253E+01 2.45113710800E+00 5.88001318977E+01 1.80365295169E+00 6.46094297259E+01 3.44052456203E+00 5.93956754356E+01 1.83896916691E+00 6.34462688413E+01 2.49082431128E+00 6.99395253538E+01 3.33181283759E+00 6.15045643916E+01 2.48839695943E+00 
8.60000000000E+01 8.65000000000E+01 8.70000000000E+01 5.32229513529E+01 1.41819801349E+00 5.14547698511E+01 1.04279943304E+00 5.32621511324E+01 1.91771052212E+00 5.12563164261E+01 1.07624829867E+00 5.33023989596E+01 1.37299144893E+00 5.54020577323E+01 1.95148546438E+00 5.20172658524E+01 1.38497665165E+00 
8.70000000000E+01 8.75000000000E+01 8.80000000000E+01 4.78769807564E+01 1.20381809499E+00 4.68492882828E+01 9.25875827553E-01 4.59885536536E+01 1.66861699656E+00 4.93303840943E+01 8.64188288914E-01 4.66065135499E+01 1.23652064903E+00 4.65329642407E+01 1.68078099203E+00 4.84276481660E+01 1.18731190381E+00 
8.80000000000E+01 8.85000000000E+01 8.90000000000E+01 7.07973757798E+01 2.03124799668E+00 6.68376132091E+01 1.61124475246E+00 7.69847010115E+01 2.77500786287E+00 6.31489534459E+01 1.53062190887E+00 7.54219037618E+01 2.14656718376E+00 7.92392630261E+01 2.86123609814E+00 6.77158114851E+01 1.98425278846E+00 
8.90000000000E+01 8.95000000000E+01 9.00000000000E+01 4.14595151199E+01 1.18004628502E+00 4.16759869566E+01 8.86825143862E-01 4.65781491074E+01 1.44622616436E+00 4.15311661330E+01 8.93705425948E-01 4.15519902723E+01 1.16890123989E+00 4.07768961818E+01 1.63792680778E+00 4.56835037114E+01 1.05808348733E+00 
9.00000000000E+01 9.05000000000E+01 9.10000000000E+01 4.78088808083E+01 1.05526501703E+00 4.78924159211E+01 8.32531458455E-01 5.01735199402E+01 1.43377922699E+00 4.63148050829E+01 8.12047431214E-01 5.03183958036E+01 1.09200336337E+00 4.91981302203E+01 1.43127170858E+00 4.80644669632E+01 1.04690408131E+00 
9.10000000000E+01 9.15000000000E+01 9.20000000000E+01 4.81263329310E+01 1.25795960120E+00 4.62837791376E+01 9.73414087489E-01 5.27625598201E+01 1.62383104920E+00 4.76447120468E+01 8.58642366835E-01 4.78995107096E+01 1.29543524264E+00 4.96287756752E+01 1.76399907238E+00 4.86517549195E+01 1.12231621658E+00 
9.20000000000E+01 9.25000000000E+01 9.30000000000E+01 3.02326679710E+01 1.14213732822E+00 3.14763519180E+01 8.49034298277E-01 2.42952374553E+01 1.59557862963E+00 3.22886231464E+01 8.52622889764E-01 2.85258014855E+01 1.14030924980E+00 2.61516844893E+01 1.57349570207E+00 2.94064936723E+01 1.13947332534E+00 
9.30000000000E+01 9.35000000000E+01 9.40000000000E+01 3.55363164104E+01 9.97078361463E-01 3.59052060317E+01 7.70584159722E-01 3.56975052589E+01 1.38036317770E+00 3.59370226894E+01 7.47101626103E-01 3.55412507365E+01 1.02569454774E+00 3.47812710793E+01 1.37689995178E+00 3.54280020066E+01 1.00427417842E+00 
9.40000000000E+01 9.45000000000E+01 9.50000000000E+01 4.67157505177E+01 1.42851280813E+00 4.32484201674E+01 1.09864326335E+00 5.18286935659E+01 1.90589526316E+00 4.33871414874E+01 1.06727353226E+00 4.65533856909E+01 1.47412730911E+00 5.01156375398E+01 1.97409638766E+00 4.67851520223E+01 1.36322267307E+00 
9.50000000000E+01 9.55000000000E+01 9.60000000000E+01 2.72903469185E+01 1.71922988179E+00 3.00173774774E+01 1.33278665776E+00 2.47332605607E+01 2.31838222130E+00 2.96199108023E+01 1.32234604632E+00 2.87159570578E+01 1.76540659005E+00 2.55859328116E+01 2.35484708050E+00 2.67994315048E+01 1.69452773799E+00 
9.60000000000E+01 9.65000000000E+01 9.70000000000E+01 4.06342338399E+01 1.14000960334E+00 3.84968463925E+01 8.75387393729E-01 4.33322661046E+01 1.56379124800E+00 3.84993705300E+01 8.65230963813E-01 4.14333210736E+01 1.14809667119E+00 4.28382225034E+01 1.56418087937E+00 4.09153339072E+01 1.14062913983E+00 
9.70000000000E+01 9.75000000000E+01 9.80000000000E+01 3.10926803332E+01 9.99983927047E-01 3.42495401994E+01 7.13346186844E-01 2.75507570977E+01 1.39425994573E+00 3.16718880677E+01 7.50698064934E-01 3.32679934818E+01 1.02634293355E+00 2.94077402868E+01 1.38671045330E+00 3.00361313638E+01 9.96169323316E-01 
9.80000000000E+01 9.85000000000E+01 9.90000000000E+01 3.39332378341E+01 1.12727011530E+00 3.46846490569E+01 8.19740821848E-01 3.74410668802E+01 1.54357855270E+00 3.30834366360E+01 8.39373726575E-01 3.50748008531E+01 1.10719555828E+00 3.39696210429E+01 1.58069250063E+00 3.67109871808E+01 1.09899668441E+00 
9.90000000000E+01 9.95000000000E+01 1.00000000000E+02 3.02195711703E+01 9.70658848044E-01 3.07875158796E+01 7.33519146806E-01 2.93907278190E+01 1.29526107863E+00 3.08347618673E+01 7.38424145182E-01 3.06085143248E+01 9.67592661641E-01 2.89529612536E+01 1.33355580251E+00 2.89244160565E+01 9.70066962686E-01 
#nx: 3
