#labels: ptz__2p75__3p0_lower[1] ptz__2p75__3p0_center[2] ptz__2p75__3p0_upper[3] tot_scale01[4] tot_scale01_Err[5] tot_scale02[6] tot_scale02_Err[7] tot_scale03[8] tot_scale03_Err[9] tot_scale04[10] tot_scale04_Err[11] tot_scale05[12] tot_scale05_Err[13] tot_scale06[14] tot_scale06_Err[15] tot_scale07[16] tot_scale07_Err[17]
#neval: 1540618346601
#overflow:lower center upper 5.88358966486E+02 1.71011119140E+00 5.72738805119E+02 1.29237687884E+00 5.93042938589E+02 2.56898553169E+00 5.75091468301E+02 1.29549037485E+00 5.88431753734E+02 1.72359838337E+00 5.93505153006E+02 2.39545652027E+00 5.91761079136E+02 1.85277647328E+00 
0.00000000000E+00 5.00000000000E-01 1.00000000000E+00 0.00000000000E+00 0.00000000000E+00 0.00000000000E+00 0.00000000000E+00 0.00000000000E+00 0.00000000000E+00 0.00000000000E+00 0.00000000000E+00 0.00000000000E+00 0.00000000000E+00 0.00000000000E+00 0.00000000000E+00 0.00000000000E+00 0.00000000000E+00 
1.00000000000E+00 1.50000000000E+00 2.00000000000E+00 -2.95853696645E+03 1.70203923990E+02 -6.08926890300E+02 1.34678971063E+02 -5.27245559109E+03 2.21303980551E+02 2.43064449247E+02 1.27472699635E+02 -4.05394146364E+03 1.79232084785E+02 -6.17750704952E+03 2.36149037918E+02 -2.12742757141E+03 1.58038893180E+02 
2.00000000000E+00 2.50000000000E+00 3.00000000000E+00 4.29894542314E+03 9.40916799710E+01 5.16179515838E+03 7.58035918047E+01 3.35910604430E+03 1.19566071287E+02 5.36929551456E+03 7.05013901947E+01 3.90632932154E+03 1.00478713342E+02 2.99271949801E+03 1.30045489355E+02 4.54508614687E+03 8.71049006596E+01 
3.00000000000E+00 3.50000000000E+00 4.00000000000E+00 4.47963987270E+03 5.83032841318E+01 5.04615773976E+03 4.58369668661E+01 3.95788606970E+03 7.86834772875E+01 5.10981023400E+03 4.43913799469E+01 4.37957114375E+03 6.13629942586E+01 3.67675633281E+03 8.10434005528E+01 4.58284571851E+03 5.65083760586E+01 
4.00000000000E+00 4.50000000000E+00 5.00000000000E+00 4.18003626927E+03 4.20956640005E+01 4.53240463407E+03 3.45316454982E+01 3.88192288842E+03 5.59412428880E+01 4.49204614394E+03 3.14777347822E+01 4.14537063999E+03 4.61760835786E+01 3.74533955604E+03 6.11901470944E+01 4.21662836916E+03 4.03232354534E+01 
5.00000000000E+00 5.50000000000E+00 6.00000000000E+00 3.61873185466E+03 3.80737585577E+01 3.89287158491E+03 2.97443404526E+01 3.32649137975E+03 4.88740059164E+01 3.81232333769E+03 2.84049903014E+01 3.64820606844E+03 3.99028721312E+01 3.32137951956E+03 5.28686238036E+01 3.56008009117E+03 3.50786198090E+01 
6.00000000000E+00 6.50000000000E+00 7.00000000000E+00 3.61571918081E+03 3.22964853541E+01 3.66433217437E+03 2.59667375159E+01 3.50707633378E+03 4.19418712671E+01 3.62965273766E+03 2.41539796567E+01 3.59892834718E+03 3.47246778161E+01 3.50864590999E+03 4.53671435245E+01 3.54541527236E+03 3.01853255833E+01 
7.00000000000E+00 7.50000000000E+00 8.00000000000E+00 2.73766303600E+03 2.53387986570E+01 2.87782531566E+03 1.99366306768E+01 2.52862299156E+03 3.30712713301E+01 2.84414561144E+03 1.89876357571E+01 2.74665732320E+03 2.65158301240E+01 2.53962272123E+03 3.49435826325E+01 2.68476296961E+03 2.38990974165E+01 
8.00000000000E+00 8.50000000000E+00 9.00000000000E+00 2.67677855273E+03 2.36162131710E+01 2.74897677742E+03 1.87930032769E+01 2.62852815171E+03 3.10962077771E+01 2.67840736468E+03 1.76754085103E+01 2.73055936514E+03 2.51859580201E+01 2.65024391028E+03 3.25983262735E+01 2.62672743964E+03 2.26379252518E+01 
9.00000000000E+00 9.50000000000E+00 1.00000000000E+01 2.34036729959E+03 1.84305052163E+01 2.40846567972E+03 1.47540023830E+01 2.27478151139E+03 2.42879315354E+01 2.33959925761E+03 1.38195344953E+01 2.39663135204E+03 1.96398671629E+01 2.30991160163E+03 2.54693089572E+01 2.28688478199E+03 1.75093807338E+01 
1.00000000000E+01 1.05000000000E+01 1.10000000000E+01 2.07838053905E+03 1.66637204526E+01 2.11210613729E+03 1.31244935192E+01 2.02908821637E+03 2.15938705004E+01 2.07634945117E+03 1.24924407600E+01 2.10136804960E+03 1.75261268681E+01 2.03550486871E+03 2.30052588195E+01 2.03607902620E+03 1.58097988394E+01 
1.10000000000E+01 1.15000000000E+01 1.20000000000E+01 1.74400291843E+03 1.61744137722E+01 1.82315135851E+03 1.14705630517E+01 1.67187952170E+03 2.01587504399E+01 1.75850522033E+03 1.20586543365E+01 1.80386484298E+03 1.52635761398E+01 1.69153028695E+03 2.10708607525E+01 1.71717064185E+03 1.45786868351E+01 
1.20000000000E+01 1.25000000000E+01 1.30000000000E+01 1.77315233359E+03 1.48720776919E+01 1.77364754944E+03 1.16205830871E+01 1.75305225263E+03 1.76538831091E+01 1.73063249021E+03 1.10774891523E+01 1.78747661567E+03 1.55552317382E+01 1.76954242246E+03 2.05265233913E+01 1.72980481066E+03 1.27444800154E+01 
1.30000000000E+01 1.35000000000E+01 1.40000000000E+01 1.49903939542E+03 1.44872520694E+01 1.53726219099E+03 1.13005951051E+01 1.47641735150E+03 1.71666121212E+01 1.48849583850E+03 1.08567363617E+01 1.54438490337E+03 1.51126961122E+01 1.50617189939E+03 1.97415703753E+01 1.46392968663E+03 1.26440086742E+01 
1.40000000000E+01 1.45000000000E+01 1.50000000000E+01 1.32032985997E+03 1.22109331581E+01 1.34633920577E+03 9.58913846840E+00 1.30906985629E+03 1.64846504070E+01 1.31953452797E+03 9.17580932952E+00 1.34150645260E+03 1.30772306411E+01 1.30428615104E+03 1.68773108510E+01 1.30743536558E+03 1.19102566613E+01 
1.50000000000E+01 1.55000000000E+01 1.60000000000E+01 1.23502457750E+03 1.06352741429E+01 1.23904758458E+03 8.35104564318E+00 1.20441323980E+03 1.42043684427E+01 1.22242657913E+03 7.99758866081E+00 1.24220690970E+03 1.10879563778E+01 1.22550701435E+03 1.46842770215E+01 1.20096281816E+03 1.02967735424E+01 
1.60000000000E+01 1.65000000000E+01 1.70000000000E+01 1.18888724720E+03 1.06063884062E+01 1.19173180362E+03 8.42435492926E+00 1.19859992914E+03 1.29055487179E+01 1.16726264261E+03 7.97104586046E+00 1.21436802046E+03 1.12726762793E+01 1.21109179659E+03 1.47503125552E+01 1.17580734212E+03 9.33944872564E+00 
1.70000000000E+01 1.75000000000E+01 1.80000000000E+01 1.07562484743E+03 1.08555368869E+01 1.06761319795E+03 8.56648904689E+00 1.06176676865E+03 1.44470510537E+01 1.04612035161E+03 8.34485951382E+00 1.09003213493E+03 1.15922262071E+01 1.08921434554E+03 1.49059555529E+01 1.03472278341E+03 1.03909083943E+01 
1.80000000000E+01 1.85000000000E+01 1.90000000000E+01 1.03123710691E+03 1.06210116463E+01 1.02777058938E+03 8.47514149307E+00 1.04226115283E+03 1.38020704083E+01 1.00223643487E+03 8.09724564719E+00 1.05576028466E+03 1.11011028450E+01 1.05910958217E+03 1.45358809057E+01 1.00943952678E+03 1.00848442007E+01 
1.90000000000E+01 1.95000000000E+01 2.00000000000E+01 8.82446201437E+02 9.17821074170E+00 8.90186064680E+02 7.24595739049E+00 8.72615357628E+02 1.14119530856E+01 8.70969252297E+02 6.99545880885E+00 8.97929474388E+02 9.48898011278E+00 8.79287950946E+02 1.25387510868E+01 8.66600792737E+02 8.65381536267E+00 
2.00000000000E+01 2.05000000000E+01 2.10000000000E+01 7.60051074981E+02 1.06869174220E+01 7.70741303341E+02 8.33728791145E+00 7.65411042097E+02 1.41809613675E+01 7.62449699252E+02 8.04520110883E+00 7.62694905250E+02 1.11009687736E+01 7.35288784784E+02 1.47933514108E+01 7.72730865888E+02 1.02558043153E+01 
2.10000000000E+01 2.15000000000E+01 2.20000000000E+01 8.52792599659E+02 9.26505607826E+00 8.28219076335E+02 7.17960330684E+00 9.06464150192E+02 1.21824626401E+01 8.17911420934E+02 6.95379518241E+00 8.58657141079E+02 9.56728104713E+00 8.87825529330E+02 1.28156552686E+01 8.58308102240E+02 8.82455180995E+00 
2.20000000000E+01 2.25000000000E+01 2.30000000000E+01 7.41411025669E+02 8.71264649127E+00 7.33849411850E+02 6.80253140035E+00 7.48751621310E+02 1.15205614505E+01 7.24457283759E+02 6.49361066312E+00 7.48211011834E+02 9.06288023459E+00 7.64813692798E+02 1.19569486066E+01 7.32248211670E+02 8.31306160823E+00 
2.30000000000E+01 2.35000000000E+01 2.40000000000E+01 6.34250057094E+02 6.57108938772E+00 6.49406423858E+02 5.08573201807E+00 6.45889535487E+02 8.87134904381E+00 6.30731442459E+02 5.03340216015E+00 6.52989597425E+02 6.70399149395E+00 6.25891270007E+02 9.02601052843E+00 6.39177149832E+02 6.45897461457E+00 
2.40000000000E+01 2.45000000000E+01 2.50000000000E+01 6.51362392107E+02 6.89523556443E+00 6.36909195978E+02 5.25649957990E+00 6.73608831782E+02 9.10481894208E+00 6.34058263477E+02 5.18643611734E+00 6.52493316596E+02 6.96258862535E+00 6.75303714246E+02 9.42425826687E+00 6.49717593243E+02 6.62183942647E+00 
2.50000000000E+01 2.55000000000E+01 2.60000000000E+01 5.73793197418E+02 6.83842231579E+00 5.79172245369E+02 4.54272145921E+00 5.62626001683E+02 9.17804298249E+00 5.58744898899E+02 5.15481146278E+00 5.91248410006E+02 5.99984057401E+00 5.67742927261E+02 9.32904346425E+00 5.60363126392E+02 6.66879279865E+00 
2.60000000000E+01 2.65000000000E+01 2.70000000000E+01 5.29751305383E+02 6.21417177083E+00 5.30287044915E+02 4.88694852938E+00 5.45780661402E+02 8.18584594392E+00 5.20873843136E+02 4.68773841176E+00 5.35212769061E+02 6.47125274011E+00 5.26959728597E+02 8.54437778885E+00 5.34684564726E+02 5.98960218898E+00 
2.70000000000E+01 2.75000000000E+01 2.80000000000E+01 5.41319723664E+02 5.73065477678E+00 5.27202891923E+02 4.65538313421E+00 5.48356948795E+02 7.89814199896E+00 5.22380143795E+02 4.33730931009E+00 5.44225636356E+02 6.14745917081E+00 5.59070384047E+02 7.85394735747E+00 5.28899192209E+02 5.76755109188E+00 
2.80000000000E+01 2.85000000000E+01 2.90000000000E+01 5.28631109228E+02 5.43163455821E+00 5.12572681151E+02 4.18904038762E+00 5.49955233307E+02 7.42279364806E+00 5.07464224664E+02 4.10457288094E+00 5.32179468528E+02 5.53810936518E+00 5.51842186061E+02 7.41560174982E+00 5.18079346912E+02 5.23078893582E+00 
2.90000000000E+01 2.95000000000E+01 3.00000000000E+01 4.66408827153E+02 5.18979380888E+00 4.57182187646E+02 4.14168356575E+00 4.73057320672E+02 6.91003750289E+00 4.51407365009E+02 3.95723440013E+00 4.70165523149E+02 5.43510607181E+00 4.76667229291E+02 7.14981408152E+00 4.57657184689E+02 5.00388452260E+00 
3.00000000000E+01 3.05000000000E+01 3.10000000000E+01 4.03928998255E+02 4.90633596687E+00 4.12044756304E+02 3.74993881353E+00 3.75296200329E+02 9.06583890267E+00 4.01178263079E+02 3.72620825094E+00 4.16389135560E+02 4.92476468523E+00 4.00914797796E+02 6.69255448737E+00 3.81911896175E+02 6.57438390404E+00 
3.10000000000E+01 3.15000000000E+01 3.20000000000E+01 4.04264805426E+02 3.99539233698E+00 4.04339789593E+02 3.18037254387E+00 4.10104180847E+02 5.55521978795E+00 3.93623542195E+02 3.03928254079E+00 4.14986617235E+02 4.17717746831E+00 4.14448042793E+02 5.47519653724E+00 3.98764217532E+02 4.05349151136E+00 
3.20000000000E+01 3.25000000000E+01 3.30000000000E+01 3.80743730941E+02 4.76110072374E+00 3.77114568396E+02 3.71945680371E+00 3.76448960580E+02 5.88286786358E+00 3.70141720484E+02 3.59824373460E+00 3.85176060502E+02 4.86017193698E+00 3.82977838570E+02 6.48233727284E+00 3.71310690397E+02 4.30976200989E+00 
3.30000000000E+01 3.35000000000E+01 3.40000000000E+01 3.58333526019E+02 4.26975822603E+00 3.54653978446E+02 3.31938665737E+00 3.54637749449E+02 5.42595977428E+00 3.52796128711E+02 3.21905253000E+00 3.59102236421E+02 4.44437539048E+00 3.64708222788E+02 5.76492458443E+00 3.52457924034E+02 4.01646374617E+00 
3.40000000000E+01 3.45000000000E+01 3.50000000000E+01 3.20530215776E+02 3.96743425347E+00 3.24730770549E+02 3.10835041508E+00 3.16052815586E+02 5.35853339410E+00 3.18594712714E+02 2.98946618253E+00 3.26725545175E+02 4.07238627480E+00 3.16218705260E+02 5.49414606125E+00 3.17204044684E+02 3.89266856821E+00 
3.50000000000E+01 3.55000000000E+01 3.60000000000E+01 3.37094601196E+02 4.71104935562E+00 3.27985098352E+02 3.68125531417E+00 3.41224605989E+02 5.78094880914E+00 3.23342185176E+02 3.56447568465E+00 3.39053932868E+02 4.83747719312E+00 3.46557412949E+02 6.44700713543E+00 3.29684947539E+02 4.23014321800E+00 
3.60000000000E+01 3.65000000000E+01 3.70000000000E+01 2.85225519091E+02 3.70857729858E+00 2.68949756373E+02 3.49513155701E+00 2.54304263412E+02 5.78977525427E+00 2.80551607099E+02 2.85168558366E+00 2.66169669760E+02 4.61489224189E+00 2.85393339069E+02 5.05252522952E+00 2.61355093426E+02 4.22969495357E+00 
3.70000000000E+01 3.75000000000E+01 3.80000000000E+01 3.26967584056E+02 4.05737301080E+00 3.15977512476E+02 3.13236885447E+00 3.55745272923E+02 5.42404594477E+00 3.06403163857E+02 3.05233439999E+00 3.36205987954E+02 4.18752305143E+00 3.57455318693E+02 5.51049434015E+00 3.20946419279E+02 3.87670818404E+00 
3.80000000000E+01 3.85000000000E+01 3.90000000000E+01 3.09769674386E+02 4.27939812755E+00 2.98131405809E+02 3.26890033374E+00 3.13367938342E+02 5.62002148677E+00 2.97403915175E+02 3.24155170039E+00 3.11614193399E+02 4.30600993377E+00 3.27596883538E+02 5.88179911881E+00 2.99174374658E+02 4.09055953558E+00 
3.90000000000E+01 3.95000000000E+01 4.00000000000E+01 2.42049602852E+02 3.15124719148E+00 2.43306454182E+02 2.26109140040E+00 2.36807755692E+02 4.19175330835E+00 2.38057565205E+02 2.39721685475E+00 2.48616001456E+02 2.86941172286E+00 2.42429028963E+02 4.25445715545E+00 2.33550406464E+02 3.13040719586E+00 
4.00000000000E+01 4.05000000000E+01 4.10000000000E+01 2.40979477458E+02 3.69370465291E+00 2.39200179829E+02 2.84407958070E+00 2.54954364654E+02 4.75903995263E+00 2.35283463303E+02 2.81612605021E+00 2.44215997113E+02 3.71851272031E+00 2.40437329123E+02 4.99101095302E+00 2.50353848348E+02 3.53140433450E+00 
4.10000000000E+01 4.15000000000E+01 4.20000000000E+01 2.33990197550E+02 3.59849671914E+00 2.39192378380E+02 2.71060082115E+00 2.34942501893E+02 4.73862762127E+00 2.30444839317E+02 2.74575563806E+00 2.43968887368E+02 3.55352902861E+00 2.34886763606E+02 4.92140476188E+00 2.33902470157E+02 3.47310114009E+00 
4.20000000000E+01 4.25000000000E+01 4.30000000000E+01 2.25923823816E+02 3.28044703497E+00 2.19598317118E+02 2.52594058102E+00 2.22879194062E+02 4.09619888838E+00 2.18037125567E+02 2.47673577652E+00 2.24093928933E+02 3.35068495785E+00 2.26028088890E+02 4.35473927737E+00 2.16475844068E+02 3.00209476275E+00 
4.30000000000E+01 4.35000000000E+01 4.40000000000E+01 1.91887630557E+02 2.78586466686E+00 2.00284775996E+02 2.22856871249E+00 1.86966386975E+02 3.65353306557E+00 1.92637050597E+02 2.13372388939E+00 2.01104362443E+02 2.91915510675E+00 1.88226839595E+02 3.81537208187E+00 1.89627023904E+02 2.67397676399E+00 
4.40000000000E+01 4.45000000000E+01 4.50000000000E+01 1.91053012869E+02 2.75348066176E+00 1.89631516168E+02 2.13360933859E+00 1.92217918962E+02 3.66656324672E+00 1.85006967332E+02 2.09606456468E+00 1.95172110102E+02 2.79874773400E+00 1.89867369679E+02 3.74574990233E+00 1.90497434777E+02 2.67135427729E+00 
4.50000000000E+01 4.55000000000E+01 4.60000000000E+01 2.05906706707E+02 3.41314222853E+00 1.98858630384E+02 2.58509373039E+00 2.10038563283E+02 4.58988920989E+00 1.97636522705E+02 2.57571095030E+00 2.04980717329E+02 3.36808103252E+00 2.10233763309E+02 4.60444168705E+00 2.01981573864E+02 3.33807310108E+00 
4.60000000000E+01 4.65000000000E+01 4.70000000000E+01 1.73766262238E+02 2.69339440448E+00 1.74121469514E+02 2.16724593856E+00 1.71689880334E+02 3.68563220076E+00 1.70610220024E+02 2.08013360076E+00 1.79901665812E+02 2.83102301372E+00 1.72365567146E+02 3.62743416471E+00 1.70864770002E+02 2.73894275266E+00 
4.70000000000E+01 4.75000000000E+01 4.80000000000E+01 1.72220824605E+02 2.52556885819E+00 1.67622849121E+02 1.91831189038E+00 1.78144221341E+02 3.36137702741E+00 1.67838455739E+02 1.93490533005E+00 1.71496407488E+02 2.50472767486E+00 1.76604504505E+02 3.45471885398E+00 1.73092874728E+02 2.47288986860E+00 
4.80000000000E+01 4.85000000000E+01 4.90000000000E+01 1.89494459549E+02 2.57670601747E+00 1.79223682396E+02 1.82797750177E+00 1.95737126333E+02 3.40123139217E+00 1.78620394595E+02 1.97096036865E+00 1.90515489936E+02 2.38894479050E+00 2.01037282618E+02 3.50939688997E+00 1.84646332151E+02 2.49197651973E+00 
4.90000000000E+01 4.95000000000E+01 5.00000000000E+01 1.56100567831E+02 2.64377295610E+00 1.55521107254E+02 2.03118468239E+00 1.56244917181E+02 3.49229006580E+00 1.50674676081E+02 2.02517681422E+00 1.58553036350E+02 2.69764868362E+00 1.58428210510E+02 3.61216454744E+00 1.52416616800E+02 2.58738635531E+00 
5.00000000000E+01 5.05000000000E+01 5.10000000000E+01 1.51659398901E+02 2.75247816465E+00 1.40210598615E+02 2.35175076557E+00 1.53307730944E+02 3.68233188716E+00 1.47312529182E+02 2.10750748642E+00 1.42812729214E+02 3.09685199216E+00 1.52946611769E+02 3.72870126922E+00 1.51058984163E+02 2.71109395789E+00 
5.10000000000E+01 5.15000000000E+01 5.20000000000E+01 1.40157528782E+02 2.12919005372E+00 1.39303806465E+02 1.64929390027E+00 1.51580417596E+02 2.95514457947E+00 1.37946662215E+02 1.61132800310E+00 1.41685858118E+02 2.14830587414E+00 1.42975745619E+02 2.84397840542E+00 1.47957118503E+02 2.19363286030E+00 
5.20000000000E+01 5.25000000000E+01 5.30000000000E+01 1.42022749453E+02 2.38705665591E+00 1.37503455925E+02 1.87534725433E+00 1.40829350180E+02 3.20825684855E+00 1.37019356989E+02 1.84478360337E+00 1.42544198194E+02 2.42593753693E+00 1.44406858776E+02 3.25491676152E+00 1.37032468009E+02 2.37568102823E+00 
5.30000000000E+01 5.35000000000E+01 5.40000000000E+01 1.51036609707E+02 2.12028929897E+00 1.42125411216E+02 1.72654589482E+00 1.61395306103E+02 3.01117672763E+00 1.42434508736E+02 1.63727214550E+00 1.50902353903E+02 2.19145457075E+00 1.60390721146E+02 2.85335374952E+00 1.52175692764E+02 2.16791231141E+00 
5.40000000000E+01 5.45000000000E+01 5.50000000000E+01 1.10073187960E+02 2.00039316133E+00 1.12688978568E+02 1.51901683389E+00 1.13233104062E+02 2.36882358344E+00 1.11590871619E+02 1.50748985611E+00 1.10913252695E+02 2.01290990194E+00 1.05740275743E+02 2.70540989271E+00 1.14353245255E+02 1.75663944333E+00 
5.50000000000E+01 5.55000000000E+01 5.60000000000E+01 1.25813336311E+02 2.05815058494E+00 1.20720621356E+02 1.58145504435E+00 1.33117705885E+02 2.83299613008E+00 1.21079362430E+02 1.56460692127E+00 1.24887658674E+02 2.07787619406E+00 1.29743789667E+02 2.84690670075E+00 1.27525486895E+02 2.06642014083E+00 
5.60000000000E+01 5.65000000000E+01 5.70000000000E+01 1.10829143022E+02 2.48432302839E+00 1.10762175375E+02 1.93800328913E+00 1.09741307288E+02 3.14614986006E+00 1.08455771067E+02 1.59655248027E+00 1.10948043976E+02 2.06730010367E+00 1.13217940325E+02 3.30165607185E+00 1.09062867993E+02 2.37721093269E+00 
5.70000000000E+01 5.75000000000E+01 5.80000000000E+01 1.13282131136E+02 2.34011587789E+00 1.06313783579E+02 1.74749211995E+00 1.16461780506E+02 3.04314033764E+00 1.10028574064E+02 1.84265284678E+00 1.08801835449E+02 2.23160741368E+00 1.14931362465E+02 3.07901037430E+00 1.12827075640E+02 2.27294578281E+00 
5.80000000000E+01 5.85000000000E+01 5.90000000000E+01 1.10543627065E+02 1.74571978702E+00 1.08570672983E+02 1.36060683538E+00 1.10021306497E+02 2.36679185696E+00 1.07916442108E+02 1.31884566698E+00 1.12498803144E+02 1.77113794899E+00 1.12957487405E+02 2.36337531665E+00 1.06902738265E+02 1.73906192123E+00 
5.90000000000E+01 5.95000000000E+01 6.00000000000E+01 9.52337222501E+01 1.75824508169E+00 9.45310217789E+01 1.33962276321E+00 9.56941868616E+01 2.33346616950E+00 9.45542747220E+01 1.34392654596E+00 9.71316218113E+01 1.75776524055E+00 9.46080724316E+01 2.33220138050E+00 9.44042977291E+01 1.72935753613E+00 
6.00000000000E+01 6.05000000000E+01 6.10000000000E+01 9.32760327561E+01 1.79696043838E+00 8.85822482366E+01 1.26773668650E+00 8.81808594223E+01 2.23884483648E+00 9.14818311575E+01 1.37216573542E+00 9.31629627929E+01 1.78082549876E+00 9.01473161873E+01 2.31957476728E+00 8.87111786002E+01 1.65023749467E+00 
6.10000000000E+01 6.15000000000E+01 6.20000000000E+01 9.53453197668E+01 1.91813715020E+00 9.30498343707E+01 1.46706895549E+00 9.61139140562E+01 2.61684861979E+00 9.24905658618E+01 1.46195518425E+00 9.63350163350E+01 1.93306978914E+00 9.71561525659E+01 2.61975986359E+00 9.47162625893E+01 1.92356755596E+00 
6.20000000000E+01 6.25000000000E+01 6.30000000000E+01 9.64234698665E+01 1.64338873857E+00 8.89634845458E+01 1.23603832368E+00 1.01825442112E+02 2.15669651139E+00 9.09300980196E+01 1.25814314608E+00 9.32098479271E+01 1.61341659091E+00 1.02828736440E+02 2.23438087004E+00 9.33697924212E+01 1.53524398347E+00 
6.30000000000E+01 6.35000000000E+01 6.40000000000E+01 7.47913810652E+01 1.29296897414E+00 7.70131408059E+01 9.99340027384E-01 7.17170581736E+01 1.72372141538E+00 7.57664839285E+01 1.00003688483E+00 7.62397207236E+01 1.28923468546E+00 7.16559925925E+01 1.73855651313E+00 7.60647713211E+01 1.28245781383E+00 
6.40000000000E+01 6.45000000000E+01 6.50000000000E+01 9.20352660483E+01 1.69956273118E+00 8.79462566436E+01 1.34852454035E+00 8.66227764059E+01 2.03996299142E+00 8.70251968009E+01 1.32504235708E+00 9.23808476599E+01 1.72137796541E+00 9.23400295981E+01 2.13937532563E+00 9.05443723129E+01 1.68286982567E+00 
6.50000000000E+01 6.55000000000E+01 6.60000000000E+01 6.55033063731E+01 1.54724684600E+00 6.88951129998E+01 1.26447964935E+00 7.30557435819E+01 2.07098076035E+00 6.49897156783E+01 1.21690350247E+00 6.74898427838E+01 1.59600165980E+00 7.05196744293E+01 2.01610473296E+00 7.17656598815E+01 1.64538273343E+00 
6.60000000000E+01 6.65000000000E+01 6.70000000000E+01 7.11640853964E+01 1.35372633477E+00 7.02125126166E+01 1.00965103115E+00 7.33117376595E+01 1.82757106266E+00 6.97070137302E+01 1.02956251797E+00 7.04655434596E+01 1.32369173455E+00 7.13610660767E+01 1.82349951967E+00 7.16573630011E+01 1.34684164532E+00 
6.70000000000E+01 6.75000000000E+01 6.80000000000E+01 6.79724603419E+01 1.35079104684E+00 6.87112153025E+01 1.00825030088E+00 6.62784532873E+01 1.97847373109E+00 6.76034834206E+01 1.02131613203E+00 7.01323228378E+01 1.33404819511E+00 6.70351947156E+01 1.84345563436E+00 6.72162615953E+01 1.46676324450E+00 
6.80000000000E+01 6.85000000000E+01 6.90000000000E+01 7.29432168009E+01 1.07432190795E+00 6.93275523239E+01 8.00597217913E-01 8.05746219643E+01 1.80981588894E+00 6.99476696705E+01 7.98603647917E-01 7.30839683791E+01 1.04022923693E+00 7.67784177845E+01 1.45959040887E+00 7.56966830256E+01 1.31268366249E+00 
6.90000000000E+01 6.95000000000E+01 7.00000000000E+01 6.78483245197E+01 1.22194901555E+00 6.60078743271E+01 9.28938077614E-01 6.98260065543E+01 1.70466375638E+00 6.51428264974E+01 9.41904577511E-01 6.79718987047E+01 1.20667070160E+00 6.99093355211E+01 1.65293374208E+00 6.84678144357E+01 1.24673037363E+00 
7.00000000000E+01 7.05000000000E+01 7.10000000000E+01 5.36974148310E+01 1.38360985077E+00 5.40920914774E+01 1.06223215589E+00 5.38731305812E+01 1.95336226002E+00 5.37472166365E+01 1.06163251441E+00 5.45293777813E+01 1.37879971543E+00 5.07072855541E+01 1.87100229797E+00 5.61399808708E+01 1.44084042773E+00 
7.10000000000E+01 7.15000000000E+01 7.20000000000E+01 5.83373215310E+01 1.25673496530E+00 5.84181748445E+01 1.00506332026E+00 5.91597651997E+01 1.80039235101E+00 5.85597147237E+01 1.00878171289E+00 5.83231409083E+01 1.26350224822E+00 5.76666664888E+01 1.67751842629E+00 5.98157259135E+01 1.33203398300E+00 
7.20000000000E+01 7.25000000000E+01 7.30000000000E+01 5.96086599839E+01 1.58139584323E+00 5.73284867424E+01 1.18207205457E+00 6.03423162351E+01 2.16981696798E+00 5.81390117484E+01 1.19878798120E+00 5.86105451397E+01 1.55895483589E+00 5.98883136795E+01 2.16972050753E+00 5.88287879179E+01 1.57916544722E+00 
7.30000000000E+01 7.35000000000E+01 7.40000000000E+01 5.28493434150E+01 1.28741978721E+00 5.22037616245E+01 9.64871226571E-01 4.73234436153E+01 1.56959449931E+00 5.25460359443E+01 9.73696447539E-01 5.36082605240E+01 1.26764382632E+00 5.22371795988E+01 1.78702939530E+00 4.86480822437E+01 1.12537756733E+00 
7.40000000000E+01 7.45000000000E+01 7.50000000000E+01 6.41881217500E+01 1.35764886542E+00 5.63106591699E+01 8.82740538979E-01 6.71502704862E+01 1.77146850794E+00 5.87498567324E+01 1.00674184012E+00 5.97367644878E+01 1.15520316066E+00 6.78946076296E+01 1.85272941548E+00 6.23967871311E+01 1.30614448181E+00 
7.50000000000E+01 7.55000000000E+01 7.60000000000E+01 4.83939166715E+01 1.09865935477E+00 4.85559136908E+01 8.41018521961E-01 4.74784579924E+01 1.55874225132E+00 4.71632033910E+01 8.32353310363E-01 4.91210996240E+01 1.08977742265E+00 4.84047723573E+01 1.48380997417E+00 4.70676137470E+01 1.14975584616E+00 
7.60000000000E+01 7.65000000000E+01 7.70000000000E+01 5.96021082655E+01 1.08789635748E+00 5.48691574348E+01 8.59790625523E-01 6.57631187603E+01 1.48597363002E+00 5.52853736682E+01 8.48447746695E-01 5.88145824019E+01 1.09631100253E+00 6.38621559893E+01 1.48385638316E+00 6.11733846388E+01 1.11372630715E+00 
7.70000000000E+01 7.75000000000E+01 7.80000000000E+01 5.40583539199E+01 9.76086533964E-01 5.05164136947E+01 7.47271648978E-01 5.75987589390E+01 1.38973120079E+00 5.11378221519E+01 7.66233088566E-01 5.26822967688E+01 9.67502369665E-01 5.63876212651E+01 1.32783102734E+00 5.54992009882E+01 1.01429017985E+00 
7.80000000000E+01 7.85000000000E+01 7.90000000000E+01 4.86375766541E+01 8.88246208768E-01 4.62309931321E+01 6.72092845771E-01 4.89721076295E+01 1.25315605044E+00 4.76864825468E+01 7.08541076790E-01 4.77801883186E+01 8.60380919019E-01 4.93787865464E+01 1.22636356287E+00 4.78684517393E+01 9.32362124126E-01 
7.90000000000E+01 7.95000000000E+01 8.00000000000E+01 3.58192704168E+01 9.41258933264E-01 3.80788926705E+01 7.00213543696E-01 3.64926276744E+01 1.29080500763E+00 3.65198174966E+01 7.25923289156E-01 3.67041398078E+01 8.90436490053E-01 3.50859714205E+01 1.26278066364E+00 3.70297685236E+01 9.44912891338E-01 
8.00000000000E+01 8.05000000000E+01 8.10000000000E+01 3.50379762468E+01 1.06262141580E+00 3.76200464336E+01 7.83888046102E-01 3.24872909220E+01 1.50396810988E+00 3.63912358255E+01 8.02905533371E-01 3.70855735232E+01 1.02282296346E+00 3.33292885543E+01 1.45788110561E+00 3.57290836742E+01 1.07518880569E+00 
8.10000000000E+01 8.15000000000E+01 8.20000000000E+01 4.37961720745E+01 9.12121250096E-01 4.20849974919E+01 7.01844748790E-01 4.38563463397E+01 1.28230214979E+00 4.16381805058E+01 7.09118807057E-01 4.45270633796E+01 9.02412009030E-01 4.54019155930E+01 1.21891090861E+00 4.24707480508E+01 9.60462914505E-01 
8.20000000000E+01 8.25000000000E+01 8.30000000000E+01 4.02781649964E+01 8.39902819247E-01 3.73507007346E+01 6.79458569228E-01 3.88739163392E+01 1.21271169388E+00 3.64459975677E+01 6.80027574536E-01 3.86788374593E+01 8.78602649871E-01 3.97353398998E+01 1.18304620198E+00 3.87766782897E+01 8.85645748670E-01 
8.30000000000E+01 8.35000000000E+01 8.40000000000E+01 3.49360486743E+01 8.38632425449E-01 3.42552945647E+01 6.32790297440E-01 3.81562885417E+01 1.04641639744E+00 3.41630784904E+01 6.43499387148E-01 3.44738538921E+01 8.53171975321E-01 3.44753068866E+01 1.15416316500E+00 3.67613740022E+01 7.92844052305E-01 
8.40000000000E+01 8.45000000000E+01 8.50000000000E+01 3.64874653922E+01 8.80445279891E-01 3.57589900458E+01 6.79027312834E-01 3.71470194380E+01 1.19929929251E+00 3.55073756161E+01 6.80518428584E-01 3.66825032217E+01 8.75691874925E-01 3.67000957710E+01 1.17942568446E+00 3.65932935347E+01 8.91177988041E-01 
8.50000000000E+01 8.55000000000E+01 8.60000000000E+01 3.17886796764E+01 8.62380911664E-01 3.14956067849E+01 6.62354077524E-01 3.12070430975E+01 1.20791873837E+00 3.15802383549E+01 6.73798608604E-01 3.22508312962E+01 8.58057802891E-01 3.15676838880E+01 1.14443339257E+00 3.15143115703E+01 9.09438052890E-01 
8.60000000000E+01 8.65000000000E+01 8.70000000000E+01 2.84492864658E+01 8.31716059046E-01 2.89492335435E+01 6.17750859459E-01 2.72751053484E+01 1.13889498498E+00 2.87055580890E+01 6.37785498873E-01 2.91264235722E+01 8.00678662297E-01 2.72346294974E+01 1.11038726749E+00 2.79652025753E+01 8.50546063488E-01 
8.70000000000E+01 8.75000000000E+01 8.80000000000E+01 3.90799861200E+01 7.49230095080E-01 3.60067098876E+01 5.69659101744E-01 4.32938487773E+01 1.04382526506E+00 3.63894316503E+01 5.78729835723E-01 3.85629612151E+01 7.41890417131E-01 4.19657199075E+01 1.01185888568E+00 3.97681451623E+01 7.65673187198E-01 
8.80000000000E+01 8.85000000000E+01 8.90000000000E+01 3.33383748903E+01 6.83931435375E-01 3.26109231659E+01 5.14714791994E-01 3.46619117581E+01 9.19775326605E-01 3.21821927961E+01 5.30539525275E-01 3.38776006684E+01 6.61417458340E-01 3.40854854819E+01 9.17502016261E-01 3.35303631218E+01 6.98247123400E-01 
8.90000000000E+01 8.95000000000E+01 9.00000000000E+01 1.81750524987E+01 7.45645786001E-01 2.07819404095E+01 5.68818124842E-01 1.54762548191E+01 9.60074893650E-01 1.99938256656E+01 5.81067668846E-01 1.89573613221E+01 7.31502800526E-01 1.46787516046E+01 9.98257124412E-01 1.89955871951E+01 7.15118607120E-01 
9.00000000000E+01 9.05000000000E+01 9.10000000000E+01 3.34594756603E+01 8.16157352083E-01 3.09533214910E+01 6.22221423852E-01 3.51269482219E+01 1.12167116903E+00 3.13144002592E+01 6.32060698630E-01 3.30255481409E+01 8.01305017783E-01 3.59387811758E+01 1.09514606991E+00 3.24621481302E+01 8.37517011965E-01 
9.10000000000E+01 9.15000000000E+01 9.20000000000E+01 2.21462179636E+01 6.80952363276E-01 2.30748473493E+01 5.16808879468E-01 2.09211601302E+01 9.46747851953E-01 2.29317123007E+01 5.28547200197E-01 2.22382861771E+01 6.65414837382E-01 1.97487791363E+01 9.12873465872E-01 2.27365375210E+01 7.04854149358E-01 
9.20000000000E+01 9.25000000000E+01 9.30000000000E+01 2.97526905113E+01 6.68089810047E-01 2.77400982204E+01 5.17596690854E-01 3.09384948896E+01 9.01735333034E-01 2.80297321745E+01 5.20894065401E-01 2.92380511020E+01 6.63697823839E-01 3.15707481033E+01 8.91588983952E-01 2.95161730584E+01 6.68482894848E-01 
9.30000000000E+01 9.35000000000E+01 9.40000000000E+01 2.30608515994E+01 6.66586601470E-01 2.22990390429E+01 5.14529776386E-01 2.46756415287E+01 9.40801763869E-01 2.30896880940E+01 5.20481030396E-01 2.23361675333E+01 6.63324636181E-01 2.22628494581E+01 8.13114177077E-01 2.42296962186E+01 6.37750344038E-01 
9.40000000000E+01 9.45000000000E+01 9.50000000000E+01 2.30631026050E+01 6.06212537031E-01 2.28421146465E+01 4.72065206816E-01 2.18286001607E+01 8.53331077525E-01 2.26859333420E+01 4.77537580600E-01 2.33247655111E+01 5.98582116873E-01 2.31415590890E+01 8.00259393104E-01 2.21255771433E+01 6.43753673227E-01 
9.50000000000E+01 9.55000000000E+01 9.60000000000E+01 2.69871887746E+01 6.52606604026E-01 2.52352047696E+01 5.11853442598E-01 2.72900019769E+01 8.90567373861E-01 2.49854807823E+01 5.15378550544E-01 2.70223344866E+01 6.49828202892E-01 2.85387996042E+01 8.58497226144E-01 2.64521712703E+01 6.70148970976E-01 
9.60000000000E+01 9.65000000000E+01 9.70000000000E+01 2.00210037457E+01 5.38197510620E-01 2.03142516149E+01 4.09378296254E-01 1.91751284387E+01 7.26715447835E-01 1.99738228618E+01 4.18524575909E-01 2.05191377550E+01 5.26668859588E-01 1.86424241411E+01 7.25330263448E-01 1.99038020150E+01 5.42148606182E-01 
9.70000000000E+01 9.75000000000E+01 9.80000000000E+01 2.38576994230E+01 5.77757206898E-01 2.22461527391E+01 4.81631155496E-01 2.41794975419E+01 8.43061985418E-01 2.27776487215E+01 4.47933011580E-01 2.22543999908E+01 6.56202217219E-01 2.47301791782E+01 7.81857643312E-01 2.35205070303E+01 6.17911157304E-01 
9.80000000000E+01 9.85000000000E+01 9.90000000000E+01 1.94030690529E+01 7.08315322642E-01 1.84651744465E+01 5.09079142942E-01 1.76233444866E+01 9.94615507074E-01 1.88410282820E+01 5.36432475840E-01 1.87755841760E+01 6.71238303135E-01 1.87505727858E+01 9.67294138050E-01 1.96251612606E+01 7.76092907330E-01 
9.90000000000E+01 9.95000000000E+01 1.00000000000E+02 2.46461611285E+01 5.78166061396E-01 2.28107678747E+01 4.11017901759E-01 2.67375189045E+01 7.95977650555E-01 2.30005715778E+01 4.46342984010E-01 2.40728134267E+01 5.31399377754E-01 2.67025000605E+01 7.77748646690E-01 2.46192723396E+01 5.88011856234E-01 
#nx: 3
