#labels: ptz__3p0__3p25_lower[1] ptz__3p0__3p25_center[2] ptz__3p0__3p25_upper[3] tot_scale01[4] tot_scale01_Err[5] tot_scale02[6] tot_scale02_Err[7] tot_scale03[8] tot_scale03_Err[9] tot_scale04[10] tot_scale04_Err[11] tot_scale05[12] tot_scale05_Err[13] tot_scale06[14] tot_scale06_Err[15] tot_scale07[16] tot_scale07_Err[17]
#neval: 862055662261
#overflow:lower center upper 3.90230868750E+02 5.07316483663E+00 3.78381037229E+02 3.72203262486E+00 3.90603226570E+02 7.15137801379E+00 3.81573193093E+02 3.76959127259E+00 3.87584893941E+02 5.01120411342E+00 3.91736752657E+02 7.07357662882E+00 3.92046945794E+02 5.13059645694E+00 
0.00000000000E+00 5.00000000000E-01 1.00000000000E+00 0.00000000000E+00 0.00000000000E+00 0.00000000000E+00 0.00000000000E+00 0.00000000000E+00 0.00000000000E+00 0.00000000000E+00 0.00000000000E+00 0.00000000000E+00 0.00000000000E+00 0.00000000000E+00 0.00000000000E+00 0.00000000000E+00 0.00000000000E+00 
1.00000000000E+00 1.50000000000E+00 2.00000000000E+00 -2.01724793573E+03 2.30181956415E+02 8.45256330374E+01 1.81104876337E+02 -3.63459767175E+03 2.98959455818E+02 8.70482948193E+02 1.70460559499E+02 -2.96797367359E+03 2.45195344719E+02 -5.20655007639E+03 3.22714903230E+02 -1.13195024943E+02 1.86453010669E+02 
2.00000000000E+00 2.50000000000E+00 3.00000000000E+00 2.88673085958E+03 1.27051808944E+02 4.04241107176E+03 9.66296056490E+01 1.63339860796E+03 1.54876486618E+02 4.22743437296E+03 9.44019127618E+01 2.53761855216E+03 1.30344952762E+02 1.23506808088E+03 1.78171403140E+02 3.13215703471E+03 1.10361085322E+02 
3.00000000000E+00 3.50000000000E+00 4.00000000000E+00 3.05931542055E+03 1.58357075778E+02 3.79209333545E+03 1.26299720951E+02 2.13687376308E+03 2.04216123588E+02 3.88566216199E+03 1.17551687917E+02 2.84719604124E+03 1.69895293877E+02 1.87372450254E+03 2.21134674484E+02 3.17259659896E+03 1.46432843157E+02 
4.00000000000E+00 4.50000000000E+00 5.00000000000E+00 4.28168071317E+03 6.97306089887E+01 4.49780750828E+03 5.27725996494E+01 4.48229151744E+03 9.25048045877E+01 4.42131422754E+03 5.12161732654E+01 4.26439792015E+03 7.09117091581E+01 4.05391483791E+03 9.74092718298E+01 4.51697225683E+03 6.59434179330E+01 
5.00000000000E+00 5.50000000000E+00 6.00000000000E+00 3.65290212506E+03 6.96569383033E+01 3.83404387143E+03 5.50408116291E+01 3.42101432192E+03 8.94783516304E+01 3.75591611125E+03 5.17652526360E+01 3.70435043745E+03 7.40837906101E+01 3.44079057910E+03 9.67534416854E+01 3.58940871682E+03 6.44382303163E+01 
6.00000000000E+00 6.50000000000E+00 7.00000000000E+00 2.72888276257E+03 3.93248248237E+01 2.97675381348E+03 3.12896758901E+01 2.48818086271E+03 5.18525634614E+01 2.90611144740E+03 2.93354584909E+01 2.78507204869E+03 4.19857058682E+01 2.45161919473E+03 5.46505346648E+01 2.73284280726E+03 3.69661956740E+01 
7.00000000000E+00 7.50000000000E+00 8.00000000000E+00 2.54823859377E+03 6.56031185494E+01 2.60474341160E+03 5.20937664755E+01 2.30561324228E+03 8.55392261876E+01 2.61840508095E+03 4.96077689574E+01 2.47105132081E+03 7.02170293603E+01 2.38689096806E+03 9.15572115265E+01 2.63659741973E+03 4.47931449936E+01 
8.00000000000E+00 8.50000000000E+00 9.00000000000E+00 2.50076787673E+03 3.15133758632E+01 2.53157766858E+03 2.45553486542E+01 2.40089847558E+03 4.16610046172E+01 2.46893099822E+03 2.36135746687E+01 2.50999035254E+03 3.34478941805E+01 2.48238575019E+03 4.38659532546E+01 2.40596380985E+03 2.99653299617E+01 
9.00000000000E+00 9.50000000000E+00 1.00000000000E+01 2.12343438166E+03 2.72782507143E+01 2.16533402193E+03 2.13024785026E+01 2.04234620749E+03 3.66956758940E+01 2.12718457596E+03 2.03254825059E+01 2.14397646861E+03 2.86113474701E+01 2.08990794221E+03 3.80568937943E+01 2.06789078390E+03 2.63768653610E+01 
1.00000000000E+01 1.05000000000E+01 1.10000000000E+01 1.99032045294E+03 2.78756111099E+01 1.93874394889E+03 1.94957826322E+01 1.98694989698E+03 3.66204381474E+01 1.95699381464E+03 2.07381557517E+01 1.94061885622E+03 2.62897021474E+01 2.01785735609E+03 3.89330149249E+01 1.95021483591E+03 2.62580939236E+01 
1.10000000000E+01 1.15000000000E+01 1.20000000000E+01 1.84133621353E+03 3.92640542873E+01 1.67252299144E+03 2.14894200287E+01 1.85905273772E+03 5.22644458299E+01 1.79036787080E+03 2.91617713069E+01 1.66676264275E+03 2.89788653119E+01 1.88372686121E+03 5.47921748211E+01 1.81988285117E+03 3.76309026578E+01 
1.20000000000E+01 1.25000000000E+01 1.30000000000E+01 1.32649698152E+03 2.71194619240E+01 1.40231885257E+03 2.12535042673E+01 1.24005642282E+03 3.59895890499E+01 1.36646318038E+03 2.02136630962E+01 1.35226823196E+03 2.85665395335E+01 1.24977960621E+03 3.79754625295E+01 1.30827378357E+03 2.56193693505E+01 
1.30000000000E+01 1.35000000000E+01 1.40000000000E+01 1.35677605998E+03 2.66881371759E+01 1.39107572431E+03 2.03806901192E+01 1.25871350369E+03 3.89374246873E+01 1.35195536687E+03 1.98646952332E+01 1.40202588848E+03 2.74243668557E+01 1.34924997055E+03 3.71476241633E+01 1.28123002968E+03 2.78913843145E+01 
1.40000000000E+01 1.45000000000E+01 1.50000000000E+01 1.06438211778E+03 1.86958453699E+01 1.13727472716E+03 1.57595047733E+01 9.93149762190E+02 2.47188931476E+01 1.09304444602E+03 1.39584953525E+01 1.11041533666E+03 2.11782476539E+01 9.95177491396E+02 2.59703814252E+01 1.05418855424E+03 1.77728621339E+01 
1.50000000000E+01 1.55000000000E+01 1.60000000000E+01 1.34094766152E+03 2.27800391385E+01 1.28879507292E+03 1.76530751475E+01 1.40758283969E+03 3.00239340947E+01 1.27434619047E+03 1.69767893237E+01 1.34529038301E+03 2.36895982841E+01 1.42033401442E+03 3.16732275826E+01 1.31699226197E+03 2.16126640567E+01 
1.60000000000E+01 1.65000000000E+01 1.70000000000E+01 1.01428673388E+03 1.53764208020E+01 1.00979351600E+03 1.19494661043E+01 1.00758667484E+03 2.08092750054E+01 1.00426530394E+03 1.14785480242E+01 1.00636098578E+03 1.59887233533E+01 9.98548334905E+02 2.15973807287E+01 1.00325914060E+03 1.49811816185E+01 
1.70000000000E+01 1.75000000000E+01 1.80000000000E+01 9.23802929828E+02 1.73531564227E+01 9.54611294446E+02 1.29387455279E+01 9.34886647987E+02 2.29823948337E+01 9.15281642813E+02 1.29135277748E+01 9.64362867689E+02 1.76031303728E+01 9.17780705783E+02 2.41677635991E+01 9.25920843061E+02 1.64986059902E+01 
1.80000000000E+01 1.85000000000E+01 1.90000000000E+01 8.88906750531E+02 1.42097007127E+01 8.73279566215E+02 1.02770666456E+01 8.82522035227E+02 1.94806039942E+01 8.67555020510E+02 1.06248754110E+01 8.85694455631E+02 1.37477999636E+01 8.82122296147E+02 1.91123625129E+01 8.72183057955E+02 1.36936009819E+01 
1.90000000000E+01 1.95000000000E+01 2.00000000000E+01 9.18028892489E+02 1.53426122314E+01 8.99627422175E+02 1.18522700642E+01 9.27993006612E+02 1.88440885625E+01 8.61646134903E+02 1.12361868664E+01 9.44036316468E+02 1.59285917082E+01 9.62620697050E+02 2.14019230614E+01 8.84041563007E+02 1.35260378128E+01 
2.00000000000E+01 2.05000000000E+01 2.10000000000E+01 7.22264181629E+02 1.36188089382E+01 7.32957593007E+02 1.03045070664E+01 7.63686610510E+02 2.10106271044E+01 7.16835579397E+02 1.01559523505E+01 7.35631415268E+02 1.38184415064E+01 7.16615519225E+02 1.89904645856E+01 7.48867713684E+02 1.50804757242E+01 
2.10000000000E+01 2.15000000000E+01 2.20000000000E+01 6.42222117760E+02 1.68033252621E+01 6.49956817307E+02 1.34305581672E+01 6.46276588110E+02 2.20727922370E+01 6.42382170553E+02 1.25014182032E+01 6.42296410199E+02 1.80480228628E+01 6.29730659519E+02 2.33932936283E+01 6.48231675642E+02 1.58436305186E+01 
2.20000000000E+01 2.25000000000E+01 2.30000000000E+01 6.75316692769E+02 1.47525091608E+01 6.63297929493E+02 1.17602195429E+01 6.80800278926E+02 1.87273690627E+01 6.58204928369E+02 1.09871503127E+01 6.82742736489E+02 1.57993856294E+01 6.92222712944E+02 2.05491913103E+01 6.59306748909E+02 1.34570005955E+01 
2.30000000000E+01 2.35000000000E+01 2.40000000000E+01 6.61085646989E+02 1.18399412229E+01 6.43197161105E+02 9.29260121466E+00 6.84201409896E+02 1.56742833404E+01 6.29326729717E+02 8.86750612296E+00 6.73142890041E+02 1.25622663817E+01 6.93372656353E+02 1.64758264421E+01 6.29609617616E+02 1.18451041297E+01 
2.40000000000E+01 2.45000000000E+01 2.50000000000E+01 5.49050230837E+02 1.07405608548E+01 5.47750124731E+02 8.37641202477E+00 5.47997362753E+02 1.40913062426E+01 5.36538814559E+02 8.02976067446E+00 5.58339400388E+02 1.12072892729E+01 5.55067091917E+02 1.48917701062E+01 5.39251303427E+02 1.01708106276E+01 
2.50000000000E+01 2.55000000000E+01 2.60000000000E+01 5.59891196954E+02 8.09150192653E+00 5.42743804964E+02 6.57975202103E+00 5.49863336884E+02 1.13786472426E+01 5.39153176197E+02 6.07448386655E+00 5.60447763835E+02 8.78736262538E+00 5.79020792824E+02 1.11930899229E+01 5.34588798294E+02 8.22523961045E+00 
2.60000000000E+01 2.65000000000E+01 2.70000000000E+01 5.07718622196E+02 8.95843785333E+00 4.82317988006E+02 7.70501052219E+00 5.21716071635E+02 1.21633788921E+01 4.91561844390E+02 6.70727270557E+00 5.23114800207E+02 9.19850844510E+00 5.20094709344E+02 1.24260372444E+01 5.05014844536E+02 8.78107401726E+00 
2.70000000000E+01 2.75000000000E+01 2.80000000000E+01 5.09808307968E+02 1.23256620906E+01 4.90764435892E+02 9.46277521258E+00 5.29576722922E+02 1.62564221244E+01 4.85153630510E+02 9.19771183036E+00 5.09125337711E+02 1.27362175817E+01 5.38424756355E+02 1.71208561341E+01 5.00247999159E+02 1.17109599565E+01 
2.80000000000E+01 2.85000000000E+01 2.90000000000E+01 4.50350572809E+02 7.86615494706E+00 4.38931622322E+02 5.93771282999E+00 4.46414740881E+02 1.07531474942E+01 4.33163385924E+02 5.90041738012E+00 4.54117061876E+02 7.90182225315E+00 4.66860529537E+02 1.08601654207E+01 4.33608777639E+02 7.79229967059E+00 
2.90000000000E+01 2.95000000000E+01 3.00000000000E+01 3.65053682261E+02 9.19291308290E+00 3.63179108704E+02 7.09159986462E+00 4.06797545058E+02 9.57222341187E+00 3.65101350720E+02 6.83590810244E+00 3.59731957077E+02 9.50123910485E+00 3.49611051199E+02 1.28993494443E+01 4.02565644198E+02 6.85292416214E+00 
3.00000000000E+01 3.05000000000E+01 3.10000000000E+01 3.56705302712E+02 1.25926768562E+01 3.47341478471E+02 9.65034872259E+00 3.48127182919E+02 1.62400295772E+01 3.51054508609E+02 9.34251589616E+00 3.47095958080E+02 1.29738846965E+01 3.53458502119E+02 1.75595928261E+01 3.47722997822E+02 1.16602305273E+01 
3.10000000000E+01 3.15000000000E+01 3.20000000000E+01 2.79700892717E+02 8.28497695075E+00 2.93222788358E+02 6.20247983842E+00 2.78807436105E+02 1.13953347919E+01 2.86673561849E+02 6.16307404437E+00 2.83322890728E+02 8.30119304513E+00 2.69317755303E+02 1.12402851433E+01 2.92668676295E+02 8.20000604355E+00 
3.20000000000E+01 3.25000000000E+01 3.30000000000E+01 3.12921827091E+02 7.37490995796E+00 3.12680855303E+02 5.52615838642E+00 3.10974539691E+02 1.01635557676E+01 3.10629119627E+02 5.51712452208E+00 3.33894297664E+02 7.01444115625E+00 3.08827779022E+02 1.02443897216E+01 3.11427255549E+02 7.32380892506E+00 
3.30000000000E+01 3.35000000000E+01 3.40000000000E+01 3.07224592944E+02 4.91524903950E+00 3.11232237174E+02 3.77745027155E+00 2.93683161549E+02 7.00009696979E+00 3.02806123345E+02 3.69531127548E+00 3.16457026343E+02 5.03047450641E+00 3.00252227823E+02 6.88558944231E+00 2.99290443848E+02 5.18683458147E+00 
3.40000000000E+01 3.45000000000E+01 3.50000000000E+01 3.11844431693E+02 5.22964055978E+00 2.97479647678E+02 3.79785721654E+00 3.19971258402E+02 7.29730451835E+00 2.99646137466E+02 3.91000516056E+00 3.07540737740E+02 5.06523541026E+00 3.24102128538E+02 7.25081642451E+00 3.06870363421E+02 5.27045295621E+00 
3.50000000000E+01 3.55000000000E+01 3.60000000000E+01 2.93599989101E+02 7.05942690277E+00 2.87594571931E+02 5.14368807741E+00 3.01014241717E+02 1.00865875878E+01 2.83279189616E+02 5.23477212752E+00 3.00735238793E+02 6.85837807847E+00 3.04999773757E+02 9.83499322692E+00 2.88367489580E+02 7.24335816995E+00 
3.60000000000E+01 3.65000000000E+01 3.70000000000E+01 2.92271989967E+02 5.80097024115E+00 2.76702631747E+02 4.38128632678E+00 2.98119718722E+02 7.56797155479E+00 2.78325833411E+02 4.34586555653E+00 2.89145441519E+02 5.86520073616E+00 3.09297961259E+02 8.06609183252E+00 2.83357608143E+02 5.44426654424E+00 
3.70000000000E+01 3.75000000000E+01 3.80000000000E+01 2.59773958204E+02 4.90796260303E+00 2.48495068217E+02 3.67909574545E+00 2.66940297674E+02 6.55144984140E+00 2.49569142063E+02 3.68600342939E+00 2.56826196058E+02 4.89530371705E+00 2.68901380648E+02 6.77219196733E+00 2.56900876166E+02 4.73999975588E+00 
3.80000000000E+01 3.85000000000E+01 3.90000000000E+01 2.22654421110E+02 4.58081573783E+00 2.29176527838E+02 3.78080799473E+00 2.07702557762E+02 6.13273419757E+00 2.17411697463E+02 3.29978890093E+00 2.27669661623E+02 4.91331753855E+00 2.15700131060E+02 6.05469314052E+00 2.12996175925E+02 4.44278160654E+00 
3.90000000000E+01 3.95000000000E+01 4.00000000000E+01 2.07814751067E+02 4.71616800859E+00 2.14606425770E+02 3.25216364228E+00 1.97549910623E+02 6.54766242653E+00 2.05950974746E+02 3.55339692992E+00 2.17662117704E+02 4.30274666361E+00 2.11334929320E+02 6.60323071328E+00 2.04967115736E+02 4.62038825348E+00 
4.00000000000E+01 4.05000000000E+01 4.10000000000E+01 2.13989554092E+02 4.18451852980E+00 2.07629389370E+02 3.26922332322E+00 2.17375717883E+02 5.69896870303E+00 2.06880686584E+02 3.14642194868E+00 2.13849158709E+02 4.33963266870E+00 2.20351544806E+02 5.78808258646E+00 2.10679573174E+02 4.12081328103E+00 
4.10000000000E+01 4.15000000000E+01 4.20000000000E+01 2.18050023667E+02 4.92342425831E+00 2.08549895889E+02 3.11343747661E+00 2.27816852028E+02 6.55445296668E+00 2.09804675641E+02 3.61643881656E+00 2.17365500670E+02 4.18021054889E+00 2.28002369061E+02 6.83717735842E+00 2.16168756482E+02 4.71133555855E+00 
4.20000000000E+01 4.25000000000E+01 4.30000000000E+01 1.64217898494E+02 3.75568106533E+00 1.70519583529E+02 2.58482323478E+00 1.59384257528E+02 5.19400462816E+00 1.61293159248E+02 2.65940742007E+00 1.74728363967E+02 3.64029589089E+00 1.55758453537E+02 5.21580418734E+00 1.66048104995E+02 3.69761847232E+00 
4.30000000000E+01 4.35000000000E+01 4.40000000000E+01 1.95139224794E+02 3.95733069723E+00 1.88386933479E+02 2.98245594883E+00 2.05477917985E+02 5.43399043930E+00 1.86593302372E+02 2.94372363054E+00 1.96537954081E+02 3.99879566657E+00 2.03259756154E+02 5.51051558754E+00 1.94770103722E+02 3.90674750982E+00 
4.40000000000E+01 4.45000000000E+01 4.50000000000E+01 1.61990949617E+02 4.18706238760E+00 1.59922793940E+02 3.18325272044E+00 1.84255934117E+02 5.03534019723E+00 1.59662087441E+02 3.18368984238E+00 1.61361875591E+02 4.26664513329E+00 1.66053944876E+02 5.89958307467E+00 1.77582379480E+02 3.62946040536E+00 
4.50000000000E+01 4.55000000000E+01 4.60000000000E+01 1.45425022507E+02 4.57510299902E+00 1.50120963093E+02 3.41998848892E+00 1.34536782827E+02 6.73936264224E+00 1.45027493101E+02 3.47646838201E+00 1.50884979201E+02 4.50872117102E+00 1.39429559230E+02 6.25177043962E+00 1.40016407315E+02 4.93254784670E+00 
4.60000000000E+01 4.65000000000E+01 4.70000000000E+01 1.66910846040E+02 3.60048347891E+00 1.76089656999E+02 3.65138693411E+00 1.94464678523E+02 6.79413843212E+00 1.58992892596E+02 2.70078658463E+00 1.87237127334E+02 4.83615600193E+00 1.80232292774E+02 4.83705194175E+00 1.81837165418E+02 4.97318658809E+00 
4.70000000000E+01 4.75000000000E+01 4.80000000000E+01 1.47867451204E+02 4.58684985511E+00 1.43686635615E+02 3.46196656596E+00 1.62688055855E+02 5.88259899340E+00 1.43148429579E+02 3.42548437744E+00 1.46570728429E+02 4.64575281095E+00 1.51460699168E+02 6.38500103794E+00 1.55607300890E+02 4.23485933108E+00 
4.80000000000E+01 4.85000000000E+01 4.90000000000E+01 1.39075880848E+02 3.33963576410E+00 1.38222015447E+02 2.43698426262E+00 1.31747490262E+02 4.12513751888E+00 1.36347606406E+02 2.51549902930E+00 1.40643799322E+02 3.23266577903E+00 1.41935665327E+02 4.77042958252E+00 1.30370418633E+02 2.92058803967E+00 
4.90000000000E+01 4.95000000000E+01 5.00000000000E+01 1.47541383207E+02 3.22830894065E+00 1.44165437635E+02 2.65117861724E+00 1.56650180669E+02 5.11022989428E+00 1.38775145273E+02 2.42476782128E+00 1.54142999618E+02 3.56065003405E+00 1.58360924062E+02 4.42348532874E+00 1.46734341344E+02 3.67777775048E+00 
5.00000000000E+01 5.05000000000E+01 5.10000000000E+01 9.95375808275E+01 3.90343989407E+00 1.04246109325E+02 2.98262349408E+00 9.57115166625E+01 5.30460303159E+00 1.04957843687E+02 2.97286199405E+00 1.00521251000E+02 3.96039712625E+00 9.28651511074E+01 5.39295722168E+00 1.03003777465E+02 3.86608944639E+00 
5.10000000000E+01 5.15000000000E+01 5.20000000000E+01 1.47126791964E+02 4.91555283606E+00 1.37324230099E+02 3.79834385172E+00 1.49945506587E+02 6.36848955449E+00 1.36665821921E+02 3.71002378705E+00 1.47327231942E+02 5.03670749461E+00 1.59709225558E+02 6.75352763713E+00 1.40082094844E+02 4.64500932990E+00 
5.20000000000E+01 5.25000000000E+01 5.30000000000E+01 1.34115342135E+02 3.09144035487E+00 1.25466362326E+02 2.29246831036E+00 1.43003975617E+02 4.20992124098E+00 1.25771183170E+02 2.31983856351E+00 1.39862930813E+02 3.43915943928E+00 1.43324966135E+02 4.28553710577E+00 1.32927512436E+02 3.04271838081E+00 
5.30000000000E+01 5.35000000000E+01 5.40000000000E+01 1.25099878190E+02 4.36496697441E+00 1.19437666276E+02 3.31544868199E+00 1.35400756473E+02 6.77332622267E+00 1.18330896367E+02 3.25785296939E+00 1.26089083494E+02 4.45253030564E+00 1.33208994546E+02 5.98036497372E+00 1.26427441782E+02 4.89568353290E+00 
5.40000000000E+01 5.45000000000E+01 5.50000000000E+01 1.02602587117E+02 2.78536589503E+00 1.02234086893E+02 2.65831030567E+00 1.01907975332E+02 3.82563104703E+00 1.01764130911E+02 2.72615018890E+00 1.00943201441E+02 2.77483619475E+00 1.02176632722E+02 3.85608662063E+00 1.02338405360E+02 2.75530583863E+00 
5.50000000000E+01 5.55000000000E+01 5.60000000000E+01 1.10497282521E+02 3.02174832218E+00 1.03528404119E+02 2.32466104091E+00 1.13695744973E+02 4.22632651988E+00 1.03219731872E+02 2.32030513651E+00 1.08174608453E+02 3.09931815032E+00 1.17005699327E+02 4.18000042646E+00 1.10413763992E+02 2.97100837468E+00 
5.60000000000E+01 5.65000000000E+01 5.70000000000E+01 1.18414263968E+02 2.41904122139E+00 1.10362607602E+02 1.80740901119E+00 1.29625920529E+02 3.45404955426E+00 1.10258823567E+02 1.82334312741E+00 1.18023444317E+02 2.39534558431E+00 1.28541880139E+02 3.34175793176E+00 1.19066827587E+02 2.49460009379E+00 
5.70000000000E+01 5.75000000000E+01 5.80000000000E+01 9.91024225619E+01 2.83183911871E+00 9.62269903827E+01 2.11224779622E+00 1.04845176610E+02 3.92705826107E+00 9.43762078287E+01 2.11797960833E+00 1.01642288846E+02 2.81673169075E+00 1.04841051058E+02 3.92351047074E+00 9.85086216645E+01 2.83565697191E+00 
5.80000000000E+01 5.85000000000E+01 5.90000000000E+01 8.63228017941E+01 2.01554005567E+00 8.48488241810E+01 1.51427018470E+00 8.53510383169E+01 2.86465118818E+00 8.33455046794E+01 1.41614951615E+00 8.79697589908E+01 2.00175685136E+00 8.59277698638E+01 2.85660932489E+00 8.38907335236E+01 1.92841432167E+00 
5.90000000000E+01 5.95000000000E+01 6.00000000000E+01 1.11384596873E+02 2.07796499210E+00 1.00601130123E+02 1.55456001829E+00 1.24919313702E+02 2.89860763258E+00 1.02037779626E+02 1.57018224061E+00 1.09317720727E+02 2.05888855183E+00 1.23540732552E+02 2.86636154787E+00 1.12008380083E+02 2.10584366369E+00 
6.00000000000E+01 6.05000000000E+01 6.10000000000E+01 7.45519885191E+01 2.21839228672E+00 7.44934767397E+01 1.68998034874E+00 7.32657301655E+01 3.01784637398E+00 7.36060972324E+01 1.66476837096E+00 7.46582483028E+01 2.25389752437E+00 7.39996627437E+01 3.06742494556E+00 7.42223232226E+01 2.18445443140E+00 
6.10000000000E+01 6.15000000000E+01 6.20000000000E+01 6.79985884980E+01 2.05658183888E+00 6.90521188278E+01 1.64665049212E+00 6.82171483479E+01 2.90125401979E+00 6.85804546485E+01 1.56511891967E+00 6.89389273627E+01 2.17883525482E+00 6.84318729477E+01 2.87094920283E+00 6.89141483960E+01 2.09367404273E+00 
6.20000000000E+01 6.25000000000E+01 6.30000000000E+01 9.44831881419E+01 2.21479835196E+00 8.57239884448E+01 1.61187972714E+00 1.12024642964E+02 3.35362860618E+00 8.64270664000E+01 1.64217316875E+00 9.40326264806E+01 2.17051034711E+00 1.05946314634E+02 3.11813069505E+00 9.87880906531E+01 2.41735297482E+00 
6.30000000000E+01 6.35000000000E+01 6.40000000000E+01 7.10268819121E+01 1.97019603032E+00 6.90705176996E+01 1.46055437921E+00 7.27475286584E+01 2.71183211872E+00 6.99356099142E+01 1.48701785114E+00 7.08282308206E+01 1.95647099769E+00 7.18285670604E+01 2.71836106949E+00 7.11653954441E+01 1.92301269394E+00 
6.40000000000E+01 6.45000000000E+01 6.50000000000E+01 5.85481141499E+01 3.12613701170E+00 6.15551288956E+01 2.36245300326E+00 5.83126352565E+01 4.23964615758E+00 5.82544587686E+01 2.32954478543E+00 6.31355376201E+01 3.17062702188E+00 6.16927018673E+01 4.28523447621E+00 5.83990579253E+01 3.05428041946E+00 
6.50000000000E+01 6.55000000000E+01 6.60000000000E+01 6.18884255787E+01 2.01298865637E+00 5.80020603090E+01 1.52917856608E+00 6.26544094967E+01 2.83549940600E+00 6.03905258298E+01 1.50530504447E+00 5.86756160594E+01 2.04573615091E+00 6.25046156031E+01 2.79897863751E+00 6.18266577928E+01 2.04119397483E+00 
6.60000000000E+01 6.65000000000E+01 6.70000000000E+01 7.48093727085E+01 2.28297296085E+00 7.12782624906E+01 1.62455975406E+00 8.36830849405E+01 3.05745679047E+00 6.92778281225E+01 1.70584449797E+00 7.76064573522E+01 2.17411122455E+00 8.16868719707E+01 3.17217885749E+00 7.44695453171E+01 2.26122252267E+00 
6.70000000000E+01 6.75000000000E+01 6.80000000000E+01 5.72250653408E+01 1.40711222914E+00 5.64673311097E+01 1.05164908715E+00 5.76531517925E+01 1.91644444508E+00 5.51275796170E+01 1.06019429205E+00 5.89991906981E+01 1.39558163525E+00 5.78299081814E+01 1.93271069643E+00 5.66037457840E+01 1.39887213839E+00 
6.80000000000E+01 6.85000000000E+01 6.90000000000E+01 5.98948605212E+01 1.39802698092E+00 5.68491075550E+01 1.04452809036E+00 6.20913250247E+01 1.94048607458E+00 5.60843398855E+01 1.03552452036E+00 6.06397766703E+01 1.41041889616E+00 6.35351387908E+01 1.93778849419E+00 5.86568331779E+01 1.40635465751E+00 
6.90000000000E+01 6.95000000000E+01 7.00000000000E+01 7.06863495209E+01 2.89062880736E+00 6.50022101062E+01 2.15121861649E+00 8.33376557194E+01 3.88023763544E+00 6.47244473116E+01 2.13005355511E+00 7.02252791744E+01 2.91121416384E+00 7.89701746933E+01 4.06609464115E+00 7.36089619479E+01 2.75739278526E+00 
7.00000000000E+01 7.05000000000E+01 7.10000000000E+01 3.85365432799E+01 1.35164906864E+00 4.05204172324E+01 9.97359391159E-01 3.48650128580E+01 1.88012522392E+00 4.01353360387E+01 1.02221129778E+00 3.80600120547E+01 1.34501077971E+00 3.50280884899E+01 1.86166786596E+00 3.86715978525E+01 1.36636100159E+00 
7.10000000000E+01 7.15000000000E+01 7.20000000000E+01 5.27898395999E+01 1.23594282103E+00 4.82019800804E+01 8.85566982660E-01 5.47411719428E+01 1.73989130863E+00 5.01334007392E+01 9.33931340818E-01 5.03396019045E+01 1.17247036777E+00 5.58423675585E+01 1.70710586979E+00 5.22559036891E+01 1.25583186824E+00 
7.20000000000E+01 7.25000000000E+01 7.30000000000E+01 3.64857831721E+01 3.29219274944E+00 3.75337226826E+01 2.39383347094E+00 3.19831850734E+01 4.70156816184E+00 3.74639848098E+01 2.44615568058E+00 3.63442019708E+01 3.21470353327E+00 3.39476580494E+01 4.58299072090E+00 3.47831321376E+01 3.37726698421E+00 
7.30000000000E+01 7.35000000000E+01 7.40000000000E+01 5.65503734702E+01 1.20673649985E+00 5.07915455162E+01 9.75829897346E-01 5.89840205808E+01 1.83074335714E+00 5.26978040421E+01 9.25012609163E-01 5.40159481083E+01 1.28538638055E+00 6.10833681384E+01 1.63935342148E+00 5.49909622426E+01 1.34263217234E+00 
7.40000000000E+01 7.45000000000E+01 7.50000000000E+01 3.53765062133E+01 1.37630322439E+00 3.59465579028E+01 1.03091202564E+00 3.58090536338E+01 1.94809940695E+00 3.54521893483E+01 1.03200969969E+00 3.52260776594E+01 1.35940243037E+00 3.32239117863E+01 1.89005358095E+00 3.72807136894E+01 1.41997744131E+00 
7.50000000000E+01 7.55000000000E+01 7.60000000000E+01 3.67033465760E+01 1.36958266301E+00 3.65112030157E+01 1.07386133657E+00 3.61189645990E+01 2.07288566245E+00 3.69682042452E+01 1.11022354900E+00 3.52730317058E+01 1.35518322370E+00 3.48415889587E+01 1.86172918953E+00 3.33093231818E+01 1.36871388454E+00 
7.60000000000E+01 7.65000000000E+01 7.70000000000E+01 5.42748814708E+01 2.84968407007E+00 4.62850485740E+01 2.04818139098E+00 5.58073944769E+01 3.95221441218E+00 4.89678019931E+01 2.12913109211E+00 5.06937597576E+01 2.75051148201E+00 5.92927965911E+01 3.96716672380E+00 5.21122857743E+01 2.83502596405E+00 
7.70000000000E+01 7.75000000000E+01 7.80000000000E+01 3.47686122220E+01 1.16526422497E+00 3.12020119954E+01 9.39592821347E-01 3.56270387100E+01 1.57124899988E+00 3.48129277856E+01 9.02829774436E-01 3.10468184705E+01 1.26730614531E+00 3.49145655148E+01 1.60126685055E+00 3.51685322056E+01 1.15811425672E+00 
7.80000000000E+01 7.85000000000E+01 7.90000000000E+01 3.67363854075E+01 1.12318054376E+00 3.05458523707E+01 1.49229383520E+00 2.59256917873E+01 2.69408792870E+00 3.57488357984E+01 8.45930579248E-01 2.99985015737E+01 1.94134899557E+00 3.72633080130E+01 1.55595287918E+00 3.54496523379E+01 1.14663358215E+00 
7.90000000000E+01 7.95000000000E+01 8.00000000000E+01 4.98556843921E+01 2.04535593103E+00 3.72701158793E+01 8.24174937171E-01 5.64199032673E+01 2.79910201526E+00 4.52605905775E+01 1.55728981862E+00 3.93049023831E+01 1.11544057412E+00 5.58555525926E+01 2.77201306486E+00 5.03168914093E+01 2.06657017575E+00 
8.00000000000E+01 8.05000000000E+01 8.10000000000E+01 1.77753780047E+01 1.80117830119E+00 2.09316357828E+01 1.30548444969E+00 1.44411067048E+01 2.62922922551E+00 2.09437028352E+01 1.36028298604E+00 1.78813106983E+01 1.74109912147E+00 1.43779710844E+01 2.54385712511E+00 1.92139191359E+01 1.88722259398E+00 
8.10000000000E+01 8.15000000000E+01 8.20000000000E+01 3.77640522164E+01 1.01311110248E+00 3.51586094021E+01 7.50914393227E-01 4.20194384198E+01 1.45250588577E+00 3.53886285247E+01 7.68742477787E-01 3.76071969898E+01 9.87691676812E-01 4.04545913638E+01 1.38915426954E+00 3.85016016506E+01 1.05737675583E+00 
8.20000000000E+01 8.25000000000E+01 8.30000000000E+01 3.28670096294E+01 8.98966882535E-01 3.18230059107E+01 6.70718334269E-01 3.34826864067E+01 1.25983249625E+00 3.17833155086E+01 6.81398392808E-01 3.29306957414E+01 8.84398882406E-01 3.35631204387E+01 1.23180199381E+00 3.28404230445E+01 9.17653265542E-01 
8.30000000000E+01 8.35000000000E+01 8.40000000000E+01 2.51637477135E+01 9.79422091791E-01 2.54329300709E+01 7.30993242684E-01 2.60597898135E+01 1.23100661263E+00 2.40810597555E+01 8.64526318231E-01 2.54345997502E+01 9.65434233594E-01 2.41948933913E+01 1.35139302062E+00 2.50616487810E+01 9.87864609953E-01 
8.40000000000E+01 8.45000000000E+01 8.50000000000E+01 2.98966658292E+01 1.11591062269E+00 2.85240524432E+01 7.85923877124E-01 3.33701604163E+01 1.54986924338E+00 2.84237797712E+01 8.21233100120E-01 2.98078112905E+01 1.06627994498E+00 3.10165754396E+01 1.58121030348E+00 3.12711223301E+01 1.09723344645E+00 
8.50000000000E+01 8.55000000000E+01 8.60000000000E+01 2.69893104303E+01 8.86057340811E-01 2.59554695824E+01 6.79229047374E-01 2.71404091991E+01 1.25697431735E+00 2.58832599953E+01 6.71575166737E-01 2.70862999789E+01 8.69867349681E-01 2.64607652545E+01 1.22540344778E+00 2.72374344369E+01 9.02695321131E-01 
8.60000000000E+01 8.65000000000E+01 8.70000000000E+01 2.00642341934E+01 8.32218209526E-01 2.04858983888E+01 6.00782352097E-01 1.77713788221E+01 1.18973413812E+00 2.07657161505E+01 6.29368815159E-01 2.07446445077E+01 7.69159659970E-01 1.81557428129E+01 1.14498079311E+00 1.99737497035E+01 8.63476441449E-01 
8.70000000000E+01 8.75000000000E+01 8.80000000000E+01 2.47947918766E+01 7.61926280474E-01 2.43158725985E+01 5.75380594624E-01 2.55728187660E+01 1.07764221533E+00 2.39253996237E+01 5.76337256318E-01 2.54106981418E+01 7.59762955367E-01 2.56026406897E+01 1.04839231049E+00 2.49451556171E+01 7.77856820893E-01 
8.80000000000E+01 8.85000000000E+01 8.90000000000E+01 3.51294600320E+01 1.05906792227E+00 3.02986307263E+01 7.83885578122E-01 3.82962191867E+01 1.41112562268E+00 3.14985892860E+01 7.94072122246E-01 3.34427193376E+01 1.04351575422E+00 3.96923266288E+01 1.46732028258E+00 3.36009163708E+01 1.03901649465E+00 
8.90000000000E+01 8.95000000000E+01 9.00000000000E+01 2.49880913654E+01 8.21364043143E-01 2.41878183555E+01 5.90573098407E-01 2.29923138152E+01 1.53013610565E+00 2.46720564978E+01 6.51807497278E-01 2.39532666513E+01 7.47149227011E-01 2.48858344329E+01 1.13710715086E+00 2.24323474948E+01 1.07830569953E+00 
9.00000000000E+01 9.05000000000E+01 9.10000000000E+01 1.99147043634E+01 5.88057389616E-01 1.97787036000E+01 4.41581884033E-01 1.98993942970E+01 8.55096439111E-01 1.97159579892E+01 4.51464796847E-01 2.02419300934E+01 5.83665040247E-01 2.00956468989E+01 8.33619387108E-01 2.08748207877E+01 5.67625317320E-01 
9.10000000000E+01 9.15000000000E+01 9.20000000000E+01 2.44004359052E+01 8.20264474418E-01 2.26791134263E+01 6.10153278295E-01 2.64129918939E+01 1.15148278403E+00 2.27613955880E+01 6.19320549935E-01 2.43729898249E+01 8.07293637061E-01 2.64110326460E+01 1.13019054431E+00 2.48142770886E+01 8.56651378423E-01 
9.20000000000E+01 9.25000000000E+01 9.30000000000E+01 2.12427467681E+01 8.10081396905E-01 2.05982302310E+01 5.82111908129E-01 2.15352530500E+01 1.16368170061E+00 2.09983209247E+01 5.96196015478E-01 2.13831426959E+01 7.73533892516E-01 2.19168303340E+01 1.12089407093E+00 2.09742718450E+01 8.41873611548E-01 
9.30000000000E+01 9.35000000000E+01 9.40000000000E+01 1.71547045369E+01 6.58247488115E-01 1.59001648966E+01 5.26535838579E-01 1.92803013629E+01 9.13959896575E-01 1.68352884034E+01 4.95131248592E-01 1.65494603294E+01 6.89880121281E-01 1.54590319750E+01 9.76618288344E-01 1.74254500951E+01 6.24121554595E-01 
9.40000000000E+01 9.45000000000E+01 9.50000000000E+01 2.28667003244E+01 6.40178683923E-01 2.07558160102E+01 4.92412430423E-01 2.30800328170E+01 8.99819658124E-01 2.15807840880E+01 4.88660795268E-01 2.22606156939E+01 6.16946740425E-01 2.34737808026E+01 8.62016789795E-01 2.21296364329E+01 6.59023965890E-01 
9.50000000000E+01 9.55000000000E+01 9.60000000000E+01 1.44964017247E+01 5.76404572884E-01 1.45587759420E+01 4.21354102139E-01 1.38003881101E+01 8.52685660000E-01 1.48525703468E+01 4.38423359228E-01 1.43292151092E+01 5.54305575295E-01 1.33876422007E+01 7.84536285670E-01 1.49006013115E+01 6.26070321970E-01 
9.60000000000E+01 9.65000000000E+01 9.70000000000E+01 2.15856904360E+01 8.40085321726E-01 1.99546955483E+01 6.33991170091E-01 2.47527704981E+01 1.15665952134E+00 2.00067417178E+01 6.41705874843E-01 2.14760293982E+01 8.29784190566E-01 2.35053665358E+01 1.14285737565E+00 2.24638292869E+01 8.52131834598E-01 
9.70000000000E+01 9.75000000000E+01 9.80000000000E+01 1.59621846614E+01 6.37816539652E-01 1.53148702564E+01 4.48084239207E-01 1.39424292457E+01 8.21294359691E-01 1.49975462739E+01 4.54285168783E-01 1.55080446733E+01 5.84264278457E-01 1.39945434559E+01 8.07519814549E-01 1.54219346805E+01 6.42129274585E-01 
9.80000000000E+01 9.85000000000E+01 9.90000000000E+01 1.52088990203E+01 5.51040432742E-01 1.52080294357E+01 4.03275871603E-01 1.63433163975E+01 8.11447167015E-01 1.52232231220E+01 4.12241105811E-01 1.61236984060E+01 5.51165507374E-01 1.45818145077E+01 7.53252210951E-01 1.64773888598E+01 5.87614585864E-01 
9.90000000000E+01 9.95000000000E+01 1.00000000000E+02 1.87877221604E+01 5.67291701818E-01 1.73753314114E+01 4.21438545045E-01 1.72770573677E+01 9.74396060523E-01 1.74334599741E+01 4.29203498305E-01 1.68685585981E+01 6.92324716960E-01 1.77506816886E+01 9.90887053515E-01 1.76690649714E+01 7.12599797183E-01 
#nx: 3
