#labels: ptz__0p5__0p75_lower[1] ptz__0p5__0p75_center[2] ptz__0p5__0p75_upper[3] tot_scale01[4] tot_scale01_Err[5] tot_scale02[6] tot_scale02_Err[7] tot_scale03[8] tot_scale03_Err[9] tot_scale04[10] tot_scale04_Err[11] tot_scale05[12] tot_scale05_Err[13] tot_scale06[14] tot_scale06_Err[15] tot_scale07[16] tot_scale07_Err[17]
#neval: 862055662261
#overflow:lower center upper 1.49817500270E+03 4.56612093067E+00 1.47532720102E+03 3.43520841634E+00 1.50244742428E+03 6.36458977781E+00 1.47130321188E+03 3.39963145550E+00 1.50459035137E+03 4.61163814879E+00 1.50260403451E+03 6.35199591727E+00 1.49868459581E+03 4.57795966140E+00 
0.00000000000E+00 5.00000000000E-01 1.00000000000E+00 0.00000000000E+00 0.00000000000E+00 0.00000000000E+00 0.00000000000E+00 0.00000000000E+00 0.00000000000E+00 0.00000000000E+00 0.00000000000E+00 0.00000000000E+00 0.00000000000E+00 0.00000000000E+00 0.00000000000E+00 0.00000000000E+00 0.00000000000E+00 
1.00000000000E+00 1.50000000000E+00 2.00000000000E+00 -8.11235507702E+03 3.08297236265E+02 -5.92321112420E+03 2.51283121094E+02 -9.75773374363E+03 3.90601730352E+02 -4.03431823014E+03 2.29083803294E+02 -1.04184276793E+04 3.37955490768E+02 -1.19219347886E+04 4.29897608310E+02 -6.06011627476E+03 2.80144793154E+02 
2.00000000000E+00 2.50000000000E+00 3.00000000000E+00 4.31598840987E+02 1.69229558634E+02 2.18176972697E+03 1.37818156110E+02 -1.45734685793E+03 2.11726843818E+02 2.85258037110E+03 1.25188468030E+02 -6.96757425437E+02 1.87193134602E+02 -2.78571538544E+03 2.37739669454E+02 1.28757775505E+03 1.51475370741E+02 
3.00000000000E+00 3.50000000000E+00 4.00000000000E+00 2.85418326056E+03 2.25896030178E+02 4.06640846153E+03 1.84764089224E+02 1.68595802195E+03 2.77447453050E+02 4.30528633101E+03 1.67768954787E+02 2.40977265275E+03 2.48787179589E+02 8.94160636285E+02 3.15012116777E+02 3.34828304315E+03 1.98954118205E+02 
4.00000000000E+00 4.50000000000E+00 5.00000000000E+00 3.99458583676E+03 9.28448529698E+01 4.70412401124E+03 7.44819695566E+01 3.16851784280E+03 1.18607645634E+02 4.81415733020E+03 6.92880158444E+01 3.77983545494E+03 1.00499780275E+02 2.91229608668E+03 1.29353215944E+02 4.42856482406E+03 8.96406413656E+01 
5.00000000000E+00 5.50000000000E+00 6.00000000000E+00 4.18072624933E+03 6.68502503047E+01 4.57776543784E+03 5.48703139013E+01 3.58025688009E+03 7.90908655630E+01 4.52493585266E+03 4.74913095208E+01 4.00995347386E+03 7.33320785853E+01 3.50516902825E+03 9.29010752331E+01 4.06708211118E+03 5.71251012020E+01 
6.00000000000E+00 6.50000000000E+00 7.00000000000E+00 5.06076041676E+03 7.02940541835E+01 5.15344717094E+03 5.74299693254E+01 5.05404364457E+03 8.71919609041E+01 5.05603006143E+03 5.21844228597E+01 5.12474851010E+03 7.71423795003E+01 5.08528363927E+03 9.77603610107E+01 4.99487506989E+03 6.26900369331E+01 
7.00000000000E+00 7.50000000000E+00 8.00000000000E+00 3.74745676214E+03 4.06537000627E+01 3.89092879964E+03 3.21042976939E+01 3.51475938002E+03 5.25208433356E+01 3.87782467951E+03 3.02742750093E+01 3.68040934710E+03 4.31454064147E+01 3.49331702374E+03 5.53577143218E+01 3.67333079700E+03 3.75471588628E+01 
8.00000000000E+00 8.50000000000E+00 9.00000000000E+00 3.09891952354E+03 3.80321748565E+01 3.30954414863E+03 3.05453098473E+01 2.95249594799E+03 4.80408133907E+01 3.25775949962E+03 2.83475699713E+01 3.10547295500E+03 4.09361291844E+01 2.85150440376E+03 5.29100218126E+01 3.12311418508E+03 3.44870949085E+01 
9.00000000000E+00 9.50000000000E+00 1.00000000000E+01 2.97365376684E+03 4.02170972933E+01 3.07967804563E+03 3.27803442536E+01 2.87024320899E+03 5.02722907251E+01 3.04983878423E+03 2.99188714514E+01 2.96099252050E+03 4.39789087769E+01 2.82088488029E+03 5.58043090146E+01 2.94896056517E+03 3.61575082032E+01 
1.00000000000E+01 1.05000000000E+01 1.10000000000E+01 2.82657206784E+03 3.24262694539E+01 2.89791005830E+03 2.62376400170E+01 2.65126303169E+03 4.09900546466E+01 2.84592038185E+03 2.42896899359E+01 2.83743865824E+03 3.49545066608E+01 2.78011118779E+03 4.52033187253E+01 2.68864617929E+03 2.92329256939E+01 
1.10000000000E+01 1.15000000000E+01 1.20000000000E+01 2.48683820270E+03 2.78079846606E+01 2.58442439004E+03 2.22862698439E+01 2.44289585204E+03 3.82511835825E+01 2.49328965091E+03 2.11225426555E+01 2.54378937468E+03 2.96161743436E+01 2.43471493626E+03 3.86652872011E+01 2.39908271768E+03 2.62628382178E+01 
1.20000000000E+01 1.25000000000E+01 1.30000000000E+01 2.11767501636E+03 2.52326443674E+01 2.22963429474E+03 2.00382867353E+01 2.02993542271E+03 3.29276703244E+01 2.17746625177E+03 1.87584615818E+01 2.15385222570E+03 2.70546781001E+01 2.01087573544E+03 3.49837647116E+01 2.10399119643E+03 2.37283363159E+01 
1.30000000000E+01 1.35000000000E+01 1.40000000000E+01 2.04957153727E+03 2.19904395132E+01 2.11047500443E+03 1.77318070802E+01 2.01213939283E+03 2.80492075452E+01 2.05874104736E+03 1.64204752544E+01 2.08491507866E+03 2.36963425729E+01 2.01279555248E+03 3.04398754686E+01 2.02396589089E+03 2.02161500388E+01 
1.40000000000E+01 1.45000000000E+01 1.50000000000E+01 1.56714882800E+03 3.05741776223E+01 1.66308151244E+03 2.43656156166E+01 1.47946620766E+03 3.84028327158E+01 1.65353195473E+03 2.27762888935E+01 1.55514090034E+03 3.27055107693E+01 1.40743926117E+03 4.25515624669E+01 1.59620941922E+03 2.76171402655E+01 
1.50000000000E+01 1.55000000000E+01 1.60000000000E+01 1.88699711904E+03 1.91212921889E+01 1.83839871886E+03 1.32127774013E+01 1.86403994613E+03 2.45721825769E+01 1.82521504592E+03 1.34748173522E+01 1.84812132620E+03 1.76467568426E+01 1.92533811329E+03 2.65496054102E+01 1.82108863071E+03 1.76995493001E+01 
1.60000000000E+01 1.65000000000E+01 1.70000000000E+01 1.69481504247E+03 2.10113089063E+01 1.68352170883E+03 1.67986627544E+01 1.68334921969E+03 2.72718114765E+01 1.67475097999E+03 1.54792886448E+01 1.65565624633E+03 2.19276923554E+01 1.70937936781E+03 2.92113817973E+01 1.65087088982E+03 1.95649889431E+01 
1.70000000000E+01 1.75000000000E+01 1.80000000000E+01 1.75065332095E+03 2.19207902180E+01 1.70266870169E+03 1.65827433247E+01 1.81903371903E+03 3.15607060502E+01 1.66943005238E+03 1.63235574761E+01 1.76473590309E+03 2.22623740048E+01 1.83937181857E+03 3.05083129406E+01 1.69819954846E+03 2.17129069406E+01 
1.80000000000E+01 1.85000000000E+01 1.90000000000E+01 1.42724083476E+03 1.72008916467E+01 1.43309626193E+03 1.36405393026E+01 1.35950858798E+03 2.11190597458E+01 1.40998626055E+03 1.28138735885E+01 1.38569855660E+03 1.65262318524E+01 1.43565793054E+03 2.39337460927E+01 1.35435179847E+03 1.51721896272E+01 
1.90000000000E+01 1.95000000000E+01 2.00000000000E+01 1.41917362298E+03 2.08288816734E+01 1.41190511289E+03 1.75990324018E+01 1.38916656404E+03 2.16701741484E+01 1.37136031113E+03 1.55124631382E+01 1.45515825972E+03 2.36340758162E+01 1.47062710360E+03 2.89816953257E+01 1.34565690100E+03 1.55613714566E+01 
2.00000000000E+01 2.05000000000E+01 2.10000000000E+01 1.16480557280E+03 1.31753655041E+01 1.16983508462E+03 1.04591141548E+01 1.11559165416E+03 1.64721743197E+01 1.15730420249E+03 9.80594597844E+00 1.17786741991E+03 1.39552058726E+01 1.13973093488E+03 1.81642278580E+01 1.12860795641E+03 1.19335235347E+01 
2.10000000000E+01 2.15000000000E+01 2.20000000000E+01 1.17863202747E+03 1.34473669956E+01 1.19520896076E+03 1.00341897542E+01 1.20203466698E+03 1.72977887357E+01 1.15244676150E+03 1.00565381595E+01 1.22340714966E+03 1.33611828904E+01 1.21622350666E+03 1.84121019162E+01 1.16368678399E+03 1.25804648100E+01 
2.20000000000E+01 2.25000000000E+01 2.30000000000E+01 1.16287206506E+03 1.18000939981E+01 1.14927254375E+03 9.41251831333E+00 1.19445813231E+03 1.47215203450E+01 1.11522349495E+03 8.86033758439E+00 1.19203752731E+03 1.25428308606E+01 1.21582298568E+03 1.64106957147E+01 1.13645551004E+03 1.06322353422E+01 
2.30000000000E+01 2.35000000000E+01 2.40000000000E+01 9.98222960744E+02 1.40834957562E+01 9.99533268835E+02 1.13861164704E+01 9.91654821573E+02 1.72568363253E+01 9.79073472197E+02 1.04872300840E+01 1.01160386293E+03 1.52681664106E+01 1.00704248437E+03 1.95889951644E+01 9.74020145255E+02 1.24072436165E+01 
2.40000000000E+01 2.45000000000E+01 2.50000000000E+01 9.32932544675E+02 1.05800393096E+01 9.30796408596E+02 8.75534391825E+00 9.57732775206E+02 1.30277105418E+01 9.20248110025E+02 8.10104209433E+00 9.45691805529E+02 1.16439457179E+01 9.41873421657E+02 1.47202893367E+01 9.30004188555E+02 9.38123460450E+00 
2.50000000000E+01 2.55000000000E+01 2.60000000000E+01 9.29038436512E+02 1.28972289263E+01 9.13549868371E+02 1.03808556020E+01 9.18626108053E+02 1.76389868030E+01 9.01258139445E+02 9.66910082509E+00 9.38546710482E+02 1.39012235395E+01 9.60532015355E+02 1.78719370140E+01 8.90329326621E+02 1.26751103204E+01 
2.60000000000E+01 2.65000000000E+01 2.70000000000E+01 7.02542739497E+02 1.45305760392E+01 7.32707065864E+02 1.17167118672E+01 6.88421467133E+02 1.87548215771E+01 7.19842897027E+02 1.07927354391E+01 7.13913256976E+02 1.57346216216E+01 6.54746354265E+02 2.02043001637E+01 7.16678832384E+02 1.34672662935E+01 
2.70000000000E+01 2.75000000000E+01 2.80000000000E+01 6.83374882040E+02 9.29497160662E+00 7.06594677107E+02 7.45735043602E+00 6.53509963996E+02 1.27878862274E+01 6.92975618650E+02 6.95615775438E+00 6.87206346212E+02 9.94943160427E+00 6.50185879754E+02 1.30982743850E+01 6.76171622247E+02 9.19092571253E+00 
2.80000000000E+01 2.85000000000E+01 2.90000000000E+01 6.85604441460E+02 1.05249337942E+01 6.99889187807E+02 8.61353546972E+00 6.48092140459E+02 1.31942715950E+01 6.84752803376E+02 8.07205675113E+00 7.00811293742E+02 1.15924422910E+01 6.89318665625E+02 1.51728324134E+01 6.51016106939E+02 8.97566717417E+00 
2.90000000000E+01 2.95000000000E+01 3.00000000000E+01 6.55146053369E+02 9.30836141084E+00 6.66445943014E+02 7.44604126084E+00 6.41929646846E+02 1.24586054293E+01 6.47214623762E+02 6.97823201482E+00 6.60955136638E+02 9.59784078077E+00 6.53876507879E+02 1.28961341420E+01 6.43409241763E+02 8.96799969624E+00 
3.00000000000E+01 3.05000000000E+01 3.10000000000E+01 6.60700060271E+02 7.76235470991E+00 6.63935317771E+02 6.05587731259E+00 6.58186365320E+02 1.00546329579E+01 6.48462163202E+02 5.76747221967E+00 6.78528587480E+02 8.04738445171E+00 6.69387949460E+02 1.07182742272E+01 6.45223064959E+02 7.27872859271E+00 
3.10000000000E+01 3.15000000000E+01 3.20000000000E+01 6.78712544512E+02 8.52208512185E+00 6.66238769453E+02 6.98065544306E+00 6.96148072821E+02 1.13245343637E+01 6.46566233659E+02 6.38111659769E+00 7.01343352812E+02 9.30695148271E+00 7.13721472160E+02 1.18034407841E+01 6.62396486406E+02 8.18423259539E+00 
3.20000000000E+01 3.25000000000E+01 3.30000000000E+01 6.02507886284E+02 7.86851111127E+00 5.93676489826E+02 6.27996849245E+00 6.01021172568E+02 9.39209621223E+00 5.82271586217E+02 5.87605741788E+00 6.06477476860E+02 8.38316164620E+00 6.18420235047E+02 1.10098097152E+01 5.85645479967E+02 6.78112199137E+00 
3.30000000000E+01 3.35000000000E+01 3.40000000000E+01 5.47597629029E+02 6.34681420394E+00 5.58067524973E+02 4.82486881425E+00 5.46067603722E+02 8.21480916267E+00 5.35256614768E+02 4.77249271620E+00 5.71175464642E+02 6.41508831570E+00 5.43005735115E+02 8.81290790710E+00 5.33763251121E+02 5.97871426522E+00 
3.40000000000E+01 3.45000000000E+01 3.50000000000E+01 5.26149315124E+02 1.01685209163E+01 5.25721002506E+02 7.82087370318E+00 5.36381139712E+02 1.34320450208E+01 5.14405932693E+02 7.39306535474E+00 5.31295669708E+02 1.08501328838E+01 5.38063634693E+02 1.45262054057E+01 5.19523469096E+02 9.41293620000E+00 
3.50000000000E+01 3.55000000000E+01 3.60000000000E+01 4.64965993358E+02 6.60664644338E+00 4.58841209120E+02 5.32817554180E+00 4.68855528440E+02 8.55902473346E+00 4.60398087640E+02 4.92417923253E+00 4.58439693511E+02 7.17975706915E+00 4.62391795952E+02 9.22173341731E+00 4.68006170216E+02 6.24332939705E+00 
3.60000000000E+01 3.65000000000E+01 3.70000000000E+01 5.07331103540E+02 6.49228744802E+00 5.06723707411E+02 5.29888404416E+00 5.16432029414E+02 8.44779773720E+00 4.87873940280E+02 4.85804007358E+00 5.27795735173E+02 7.04768925301E+00 5.25613705057E+02 9.08092529876E+00 4.93867639127E+02 6.02367503896E+00 
3.70000000000E+01 3.75000000000E+01 3.80000000000E+01 4.47874425072E+02 5.38974419536E+00 4.44080954718E+02 4.28810030493E+00 4.56991705721E+02 7.04968742327E+00 4.37556087011E+02 4.06559259328E+00 4.53825383051E+02 5.68331054437E+00 4.55482970011E+02 7.42807266146E+00 4.47833580868E+02 5.09104928608E+00 
3.80000000000E+01 3.85000000000E+01 3.90000000000E+01 3.96692755750E+02 6.59995051159E+00 3.89522619759E+02 5.44922890629E+00 4.01397648054E+02 8.71022100139E+00 3.92911813200E+02 4.92215066586E+00 3.84177580217E+02 7.27774064215E+00 3.89219902480E+02 9.18695752426E+00 3.91767705151E+02 6.13333854697E+00 
3.90000000000E+01 3.95000000000E+01 4.00000000000E+01 3.70383170542E+02 5.42227288572E+00 3.87056297862E+02 4.33217101669E+00 3.51938263192E+02 7.03302058110E+00 3.72394694515E+02 4.11594730919E+00 3.83612707590E+02 5.69507558037E+00 3.64922949116E+02 7.53078090360E+00 3.62707335394E+02 5.09530369839E+00 
4.00000000000E+01 4.05000000000E+01 4.10000000000E+01 4.31127401649E+02 5.74065577921E+00 4.17736249111E+02 4.50537167622E+00 4.44408971370E+02 8.61902887156E+00 4.08605299971E+02 4.28593370705E+00 4.40762697569E+02 6.02543046189E+00 4.53081781268E+02 7.97794627950E+00 4.20921826602E+02 6.19702502964E+00 
4.10000000000E+01 4.15000000000E+01 4.20000000000E+01 3.99153087102E+02 4.90308474060E+00 3.82263141093E+02 3.89718378781E+00 4.06702044493E+02 6.35497889544E+00 3.79766865022E+02 3.69557254955E+00 3.98019141541E+02 5.15515827916E+00 4.18391756932E+02 6.74685443094E+00 3.89298287873E+02 4.62474718636E+00 
4.20000000000E+01 4.25000000000E+01 4.30000000000E+01 3.23441743409E+02 5.08708964659E+00 3.27469019244E+02 3.97122717930E+00 3.21491597455E+02 6.68418681898E+00 3.20285130345E+02 3.79537998212E+00 3.27016970903E+02 5.29191508980E+00 3.13004595072E+02 7.06286914976E+00 3.23818033151E+02 4.82914835568E+00 
4.30000000000E+01 4.35000000000E+01 4.40000000000E+01 3.53687480800E+02 5.43039966289E+00 3.48140948465E+02 4.11646238204E+00 3.58264165959E+02 7.39208417524E+00 3.39234912189E+02 4.07154856905E+00 3.63367964538E+02 5.48599410709E+00 3.71205456845E+02 7.55475098849E+00 3.40690755806E+02 5.30206236309E+00 
4.40000000000E+01 4.45000000000E+01 4.50000000000E+01 2.83213393500E+02 4.95624611549E+00 2.99283438546E+02 3.53547886070E+00 2.80458406474E+02 6.75583443607E+00 2.83530026155E+02 3.67773027662E+00 2.92940194628E+02 4.83411852975E+00 2.77542528927E+02 6.89725079421E+00 2.86405427145E+02 4.83746590208E+00 
4.50000000000E+01 4.55000000000E+01 4.60000000000E+01 3.34385390569E+02 3.75248090437E+00 3.22751295428E+02 2.97782906682E+00 3.55571369244E+02 4.97938381666E+00 3.19870030859E+02 2.81826393854E+00 3.35111155478E+02 3.94687524906E+00 3.52849124929E+02 5.21177729295E+00 3.35217120667E+02 3.57367381915E+00 
4.60000000000E+01 4.65000000000E+01 4.70000000000E+01 2.70329493775E+02 4.26814331213E+00 2.68538703147E+02 3.29615188431E+00 2.70247355867E+02 5.68760683524E+00 2.66672381237E+02 3.16287891754E+00 2.67488941651E+02 4.47654279007E+00 2.67287885598E+02 5.90636140416E+00 2.69673252978E+02 4.04240200245E+00 
4.70000000000E+01 4.75000000000E+01 4.80000000000E+01 2.74748919322E+02 3.89266890782E+00 2.75251818925E+02 3.06951686098E+00 2.67959875250E+02 5.14625893116E+00 2.69464905647E+02 2.88412010483E+00 2.78547163911E+02 4.11448729942E+00 2.76796983925E+02 5.41089029258E+00 2.70423965721E+02 3.59971395415E+00 
4.80000000000E+01 4.85000000000E+01 4.90000000000E+01 2.43530785906E+02 4.04442900066E+00 2.47718741197E+02 3.24480398941E+00 2.26418496281E+02 5.38222228918E+00 2.42563523336E+02 3.02126573695E+00 2.44779381127E+02 4.28612352415E+00 2.39364159699E+02 5.63682108968E+00 2.31541687767E+02 3.85851659716E+00 
4.90000000000E+01 4.95000000000E+01 5.00000000000E+01 2.40283955601E+02 8.05127099374E+00 2.67498424000E+02 3.48508658932E+00 2.36120497109E+02 1.06341757362E+01 2.38133194288E+02 5.97199135291E+00 2.78312108852E+02 4.67614266641E+00 2.35892802460E+02 1.12054854611E+01 2.35945762477E+02 7.62786456304E+00 
5.00000000000E+01 5.05000000000E+01 5.10000000000E+01 2.01546711796E+02 5.44576993400E+00 2.16529158433E+02 4.03220048786E+00 1.70049417417E+02 7.36315082904E+00 2.08024246945E+02 3.98534659585E+00 2.07283389331E+02 5.63428399645E+00 1.86220400154E+02 7.69594777738E+00 1.91085187225E+02 5.27232350757E+00 
5.10000000000E+01 5.15000000000E+01 5.20000000000E+01 2.35363193352E+02 4.39267525320E+00 2.46524382066E+02 4.26013138019E+00 2.46962851513E+02 5.55459414765E+00 2.30119858255E+02 3.30003664764E+00 2.42863780982E+02 4.52883067202E+00 2.43453783798E+02 6.07838255841E+00 2.37062866575E+02 3.94375410138E+00 
5.20000000000E+01 5.25000000000E+01 5.30000000000E+01 3.51613260314E+02 3.18181858482E+01 3.22163146495E+02 2.31728124141E+01 4.10695330053E+02 4.50109881953E+01 3.14364679693E+02 2.34914545337E+01 3.59186934160E+02 3.13842129010E+01 4.09420793117E+02 4.46917370786E+01 3.54709473810E+02 3.20504215677E+01 
5.30000000000E+01 5.35000000000E+01 5.40000000000E+01 1.75594279667E+02 2.99082522601E+00 1.80107609691E+02 2.35776970306E+00 1.70867215485E+02 3.99374232321E+00 1.79782627876E+02 2.24164441660E+00 1.75678512854E+02 3.18871041273E+00 1.64870293959E+02 4.14887973381E+00 1.77471100365E+02 2.88692376640E+00 
5.40000000000E+01 5.45000000000E+01 5.50000000000E+01 2.48383632175E+02 3.17679008853E+00 2.37505500680E+02 2.75760048011E+00 2.76288884491E+02 4.85064795698E+00 2.37903374163E+02 2.68937787000E+00 2.54905602595E+02 3.73007957394E+00 2.79925150513E+02 5.07745222045E+00 2.52620609214E+02 3.44823367423E+00 
5.50000000000E+01 5.55000000000E+01 5.60000000000E+01 2.06890087990E+02 3.95175306297E+00 2.04358114148E+02 3.08721309456E+00 2.09292590975E+02 5.28105947149E+00 2.00176305946E+02 2.95896673458E+00 2.10833486009E+02 4.14412293876E+00 2.13550133399E+02 5.51626041210E+00 2.02995480191E+02 3.77939021985E+00 
5.60000000000E+01 5.65000000000E+01 5.70000000000E+01 1.94086410955E+02 3.00136709845E+00 1.86650080480E+02 2.33938200501E+00 1.94980104132E+02 3.89539206842E+00 1.88314896196E+02 2.25968295907E+00 1.88415506682E+02 3.06925453936E+00 1.94109150783E+02 4.13712636511E+00 1.93042041359E+02 2.74399442897E+00 
5.70000000000E+01 5.75000000000E+01 5.80000000000E+01 1.83621778137E+02 2.97443611081E+00 1.77517621072E+02 2.32425558479E+00 1.91068037546E+02 4.08648696383E+00 1.79058007159E+02 2.22608860755E+00 1.80262675400E+02 3.09808600089E+00 1.86180309945E+02 4.07206234155E+00 1.81426201423E+02 2.85495255543E+00 
5.80000000000E+01 5.85000000000E+01 5.90000000000E+01 1.79063605731E+02 2.57410062488E+00 1.71434618105E+02 1.97730424951E+00 1.84610489990E+02 3.33031179822E+00 1.71543159860E+02 1.93197942649E+00 1.77334563285E+02 2.62601590565E+00 1.88255285755E+02 3.63960073183E+00 1.77151934243E+02 2.42165735478E+00 
5.90000000000E+01 5.95000000000E+01 6.00000000000E+01 1.80421573287E+02 2.65106844686E+00 1.73819805674E+02 2.10160631037E+00 1.85354674664E+02 3.68704160342E+00 1.74351702168E+02 1.98077376176E+00 1.77867686713E+02 2.79744701162E+00 1.84554532705E+02 3.68359723707E+00 1.79014256950E+02 2.65156675215E+00 
6.00000000000E+01 6.05000000000E+01 6.10000000000E+01 1.65248118242E+02 3.18842463201E+00 1.63471515175E+02 2.43184560226E+00 1.67950183918E+02 4.37886079604E+00 1.59067530737E+02 2.38471809463E+00 1.69921797976E+02 3.24166865064E+00 1.66739847733E+02 4.46775579773E+00 1.61353730076E+02 3.14024868535E+00 
6.10000000000E+01 6.15000000000E+01 6.20000000000E+01 1.44128291204E+02 2.99002583294E+00 1.44151566647E+02 2.29866673893E+00 1.41203128024E+02 3.93287734908E+00 1.43009537181E+02 2.22732911376E+00 1.43942159701E+02 3.07361000502E+00 1.40757980402E+02 4.16280381920E+00 1.44476125986E+02 2.83783619276E+00 
6.20000000000E+01 6.25000000000E+01 6.30000000000E+01 1.46660062457E+02 2.25909489155E+00 1.47523111751E+02 1.74795035491E+00 1.47374080710E+02 2.89073859283E+00 1.43497822293E+02 1.72376559235E+00 1.51638587514E+02 2.25516209886E+00 1.48875622034E+02 3.06945667682E+00 1.44937009560E+02 2.08826161985E+00 
6.30000000000E+01 6.35000000000E+01 6.40000000000E+01 5.54927581889E+01 2.03623598391E+01 7.93571413213E+01 1.51606814628E+01 2.09064800093E+01 2.75656131781E+01 7.77359816275E+01 1.45385892776E+01 1.45608594607E+02 3.20347896012E+00 1.57131206295E+01 2.94684634536E+01 5.89867896608E+01 1.90628676258E+01 
6.40000000000E+01 6.45000000000E+01 6.50000000000E+01 2.15026549198E+02 2.04983598875E+01 1.92415868903E+02 1.52661790577E+01 2.48722547664E+02 2.77080302717E+01 1.88809545928E+02 1.46433917609E+01 2.18542925874E+02 2.13868860692E+01 2.56360062075E+02 2.96299253622E+01 2.11616877220E+02 1.91661412280E+01 
6.50000000000E+01 6.55000000000E+01 6.60000000000E+01 1.27568200221E+02 2.27152568993E+00 1.27266991406E+02 1.70160050890E+00 1.28484882317E+02 3.05645692073E+00 1.25516308590E+02 1.74265843251E+00 1.28812870882E+02 2.23069683872E+00 1.27750572266E+02 3.12048752884E+00 1.28278997891E+02 2.21032916960E+00 
6.60000000000E+01 6.65000000000E+01 6.70000000000E+01 1.29249994869E+02 2.30906938046E+00 1.21984194481E+02 2.19615498975E+00 1.33951169143E+02 3.15250163928E+00 1.25079661212E+02 1.73340998414E+00 1.24109835592E+02 2.92551566622E+00 1.30623860898E+02 3.29823032088E+00 1.29964901220E+02 2.20543543401E+00 
6.70000000000E+01 6.75000000000E+01 6.80000000000E+01 1.28157802862E+02 1.88218698536E+00 1.24262128058E+02 1.51512094920E+00 1.29562084845E+02 2.59099193460E+00 1.23652303279E+02 1.41800151313E+00 1.28226782316E+02 2.00473727986E+00 1.30926036217E+02 2.62735573649E+00 1.26085443641E+02 1.85914431690E+00 
6.80000000000E+01 6.85000000000E+01 6.90000000000E+01 1.03092063547E+02 2.69587795230E+00 1.05540334287E+02 2.02596759695E+00 9.68987769668E+01 3.70255780404E+00 1.03597965228E+02 1.99568464804E+00 1.06211261628E+02 2.72677384077E+00 1.00182662502E+02 3.75498687106E+00 9.96641555675E+01 2.65295847774E+00 
6.90000000000E+01 6.95000000000E+01 7.00000000000E+01 1.21665558946E+02 2.57105165493E+00 1.20378195227E+02 2.00386897114E+00 1.25732084066E+02 3.43670379742E+00 1.16848963471E+02 1.93421586906E+00 1.24683739877E+02 2.66671696404E+00 1.27488468305E+02 3.56000945963E+00 1.20871159674E+02 2.44298840655E+00 
7.00000000000E+01 7.05000000000E+01 7.10000000000E+01 1.05037267620E+02 2.02367959409E+00 1.04234184697E+02 1.56383158414E+00 1.01289404180E+02 2.78862613025E+00 1.03030888260E+02 1.52862474507E+00 1.04253308973E+02 2.06131177103E+00 1.04130309784E+02 2.81055964270E+00 1.02953037877E+02 2.00030852354E+00 
7.10000000000E+01 7.15000000000E+01 7.20000000000E+01 1.07713889655E+02 2.20671551328E+00 1.06398547106E+02 1.73696030957E+00 1.06158523719E+02 2.90736686244E+00 1.05245219406E+02 1.66759380176E+00 1.09362078309E+02 2.32158727882E+00 1.08092314956E+02 3.07054850786E+00 1.08981583768E+02 2.11775657644E+00 
7.20000000000E+01 7.25000000000E+01 7.30000000000E+01 1.11835400978E+02 2.07736972998E+00 1.06669121612E+02 1.59180257393E+00 1.16217375609E+02 2.84342454153E+00 1.07928742984E+02 1.58794203131E+00 1.12145158340E+02 2.12394228520E+00 1.17989160188E+02 2.87690908360E+00 1.10646560746E+02 2.05499924432E+00 
7.30000000000E+01 7.35000000000E+01 7.40000000000E+01 9.06253963192E+01 1.66088321926E+00 9.15447238575E+01 1.29735236541E+00 8.89708417512E+01 2.20999060217E+00 9.17609042737E+01 1.21539214000E+00 9.15253637064E+01 1.70947065519E+00 8.83258751653E+01 2.29903679660E+00 9.03208267655E+01 1.60344822086E+00 
7.40000000000E+01 7.45000000000E+01 7.50000000000E+01 1.02860854692E+02 1.60985294561E+00 9.94546020767E+01 1.28893326205E+00 1.07476683230E+02 2.13634458109E+00 9.81671108242E+01 1.22457614205E+00 1.03961849750E+02 1.69061855749E+00 1.08064472968E+02 2.21164763193E+00 1.02197697380E+02 1.56458470763E+00 
7.50000000000E+01 7.55000000000E+01 7.60000000000E+01 8.81699768384E+01 1.47646877886E+00 8.71317269610E+01 1.18298079862E+00 8.57544304795E+01 1.96711511498E+00 8.66119888304E+01 1.12653334666E+00 8.84601665742E+01 1.54684570132E+00 8.78752613347E+01 2.03581820157E+00 8.69076293180E+01 1.42954858774E+00 
7.60000000000E+01 7.65000000000E+01 7.70000000000E+01 7.70413916622E+01 1.50987225986E+00 7.97924341684E+01 1.17241407721E+00 7.54867648524E+01 2.03869292901E+00 7.80636868931E+01 1.13900081115E+00 7.87315210691E+01 1.54946037430E+00 7.43117840791E+01 2.10111252041E+00 7.76583587041E+01 1.45831215692E+00 
7.70000000000E+01 7.75000000000E+01 7.80000000000E+01 9.06080931333E+01 1.68582050591E+00 8.73737288022E+01 1.26573745688E+00 6.49202081688E+01 7.95161109862E+00 8.69669264031E+01 1.25435629596E+00 9.17667221580E+01 1.68965624710E+00 9.52143047708E+01 2.34514378351E+00 6.93688919102E+01 5.50618430957E+00 
7.80000000000E+01 7.85000000000E+01 7.90000000000E+01 7.96156552890E+01 1.88783235465E+00 9.57821812637E+01 4.29606596443E+00 1.13645461105E+02 8.02623425495E+00 9.48818590542E+01 4.17343275316E+00 1.04203634913E+02 6.00436868918E+00 7.27973132920E+01 2.03242219015E+00 7.29240167756E+01 1.41866335883E+00 
7.90000000000E+01 7.95000000000E+01 8.00000000000E+01 8.03857433588E+01 2.08145286043E+00 7.91642926517E+01 1.57709871810E+00 7.83098755507E+01 2.81508468137E+00 7.82470339706E+01 1.52287425741E+00 7.94297401535E+01 2.15138174724E+00 7.99924907591E+01 2.95523462018E+00 7.81654351105E+01 1.99457652901E+00 
8.00000000000E+01 8.05000000000E+01 8.10000000000E+01 7.16119746004E+01 1.66413264274E+00 7.00996510891E+01 1.31257809429E+00 7.22960018149E+01 2.28969936169E+00 6.99075064044E+01 1.26562073775E+00 7.11577846951E+01 1.72966684138E+00 7.01292055917E+01 2.33175904296E+00 7.28063763219E+01 1.65179473080E+00 
8.10000000000E+01 8.15000000000E+01 8.20000000000E+01 7.75229772106E+01 2.11376384903E+00 7.27363238251E+01 1.44596747625E+00 7.84078642810E+01 2.80504711092E+00 7.53543607273E+01 1.61668158631E+00 7.36476527959E+01 1.90894396648E+00 8.25770941860E+01 2.92991179531E+00 7.62814171571E+01 2.06995097813E+00 
8.20000000000E+01 8.25000000000E+01 8.30000000000E+01 6.75654890985E+01 1.41970690081E+00 6.73281088714E+01 1.12261313892E+00 6.51210096476E+01 1.93781489819E+00 6.73007567092E+01 1.06916111965E+00 6.75416018898E+01 1.46055702500E+00 6.43021333027E+01 1.94877970803E+00 6.79895094248E+01 1.39280831177E+00 
8.30000000000E+01 8.35000000000E+01 8.40000000000E+01 6.38134061807E+01 1.39503400883E+00 6.47697632363E+01 1.08170029401E+00 6.38736754436E+01 1.82456063623E+00 6.34005868519E+01 1.06223235884E+00 6.54355215599E+01 1.41524924327E+00 6.25641045544E+01 1.90787049694E+00 6.46922249236E+01 1.32659471543E+00 
8.40000000000E+01 8.45000000000E+01 8.50000000000E+01 6.72786784343E+01 1.33373325798E+00 6.83293066235E+01 1.03128252947E+00 6.38338285791E+01 1.76272529444E+00 6.56635496575E+01 1.00705448776E+00 6.96671593869E+01 1.34991434799E+00 6.74878639015E+01 1.84514303941E+00 6.34754763378E+01 1.27829220479E+00 
8.50000000000E+01 8.55000000000E+01 8.60000000000E+01 5.21308481768E+01 1.41970335127E+00 5.39535089625E+01 1.06765878565E+00 5.25411247122E+01 1.85921381830E+00 5.46273661996E+01 1.04166168067E+00 5.18911345467E+01 1.43953761567E+00 4.99230437392E+01 1.93273031063E+00 5.38522456603E+01 1.39763391532E+00 
8.60000000000E+01 8.65000000000E+01 8.70000000000E+01 6.66234567728E+01 1.41845133249E+00 6.42687836289E+01 1.08934112073E+00 6.58936328565E+01 1.90729037244E+00 6.38632184169E+01 1.06913130215E+00 6.66849516213E+01 1.44139178859E+00 6.66283047409E+01 1.89877212479E+00 6.54569489384E+01 1.32963811732E+00 
8.70000000000E+01 8.75000000000E+01 8.80000000000E+01 5.73434868187E+01 1.17152513878E+00 5.60292328253E+01 9.27132062175E-01 5.92810077404E+01 1.47889026489E+00 5.64699508807E+01 8.92406579153E-01 5.71957103390E+01 1.18352949146E+00 5.81650340167E+01 1.56355670948E+00 5.84389881356E+01 1.10035239171E+00 
8.80000000000E+01 8.85000000000E+01 8.90000000000E+01 6.65357976229E+01 1.24897452527E+00 6.43733894539E+01 9.48280381448E-01 7.00317684334E+01 1.66726632663E+00 6.35280971588E+01 9.22793588159E-01 6.76440472532E+01 1.29613260014E+00 6.93266736551E+01 1.71398300861E+00 6.54077027220E+01 1.24995482071E+00 
8.90000000000E+01 8.95000000000E+01 9.00000000000E+01 4.56760047357E+01 1.05276916362E+00 4.78908693184E+01 8.18070460045E-01 4.35335005045E+01 1.41615037659E+00 4.73902424149E+01 7.97667623905E-01 4.63398471650E+01 1.07655053485E+00 4.27614072217E+01 1.42418936369E+00 4.67242171083E+01 1.02499469990E+00 
9.00000000000E+01 9.05000000000E+01 9.10000000000E+01 5.02376404362E+01 1.27833866876E+00 5.06973226599E+01 9.42049585658E-01 4.82444994207E+01 1.34643716887E+00 5.00390477234E+01 9.45983297869E-01 5.09553924586E+01 1.27137760187E+00 5.08557388824E+01 1.81620419615E+00 5.28248990787E+01 1.28426595712E+00 
9.10000000000E+01 9.15000000000E+01 9.20000000000E+01 5.51053825583E+01 1.41318744671E+00 5.38332860893E+01 1.05223290504E+00 5.92682063088E+01 1.59642993528E+00 5.37958303461E+01 1.04381156745E+00 5.52677278716E+01 1.41734723736E+00 5.36796667781E+01 1.99285342370E+00 5.28822174423E+01 1.42665196721E+00 
9.20000000000E+01 9.25000000000E+01 9.30000000000E+01 4.62264385112E+01 1.92129974294E+00 4.52468370046E+01 1.45797115981E+00 4.77008905906E+01 2.60207792003E+00 4.60367805472E+01 1.43608273849E+00 4.48465150078E+01 1.94888994571E+00 4.51519108954E+01 2.66737611765E+00 4.78136999071E+01 1.87346715010E+00 
9.30000000000E+01 9.35000000000E+01 9.40000000000E+01 4.49006201156E+01 9.93059259477E-01 4.51762780927E+01 7.74140105106E-01 4.83601851506E+01 1.50431257745E+00 4.54172132968E+01 7.27341600133E-01 4.64674663320E+01 9.91851031084E-01 4.31982268769E+01 1.36002903704E+00 4.75423034524E+01 1.07622423972E+00 
9.40000000000E+01 9.45000000000E+01 9.50000000000E+01 4.99332540800E+01 1.16678850384E+00 4.71903569897E+01 9.38026124474E-01 5.17022749359E+01 1.54063289988E+00 4.72571435058E+01 8.88756953211E-01 4.82171082305E+01 1.22811632500E+00 5.02215747835E+01 1.61575569584E+00 4.88042375108E+01 1.14747556572E+00 
9.50000000000E+01 9.55000000000E+01 9.60000000000E+01 5.06783326462E+01 1.04411925703E+00 5.04008040366E+01 8.63148441623E-01 5.24142881144E+01 1.35047205264E+00 4.90649212034E+01 7.31508080272E-01 5.29739259533E+01 1.13182182314E+00 5.69502929086E+01 1.37562393484E+00 4.97820332351E+01 9.87268048745E-01 
9.60000000000E+01 9.65000000000E+01 9.70000000000E+01 4.10771082793E+01 8.95037941962E-01 4.21763079276E+01 6.91071044670E-01 3.85720926949E+01 1.20856530761E+00 4.14989586068E+01 6.76009892828E-01 4.20606514133E+01 9.11832022814E-01 4.00338113953E+01 1.23490637606E+00 3.96737715812E+01 8.79974850778E-01 
9.70000000000E+01 9.75000000000E+01 9.80000000000E+01 3.41892746608E+01 9.49315616057E-01 3.50117290838E+01 7.42455921882E-01 3.09876953009E+01 1.27363272020E+00 3.51834335617E+01 7.17226816802E-01 3.37066406757E+01 9.74929385393E-01 3.15983659041E+01 1.30794167851E+00 3.39336782814E+01 9.23808159685E-01 
9.80000000000E+01 9.85000000000E+01 9.90000000000E+01 4.81103429461E+01 8.82241952779E-01 4.63055203534E+01 6.88092592101E-01 4.70653208342E+01 1.21960680557E+00 4.57352450385E+01 6.73209087439E-01 4.86306781167E+01 8.97788138513E-01 5.08522987171E+01 1.21060827547E+00 4.54898061690E+01 8.93163936701E-01 
9.90000000000E+01 9.95000000000E+01 1.00000000000E+02 4.09842699069E+01 8.27573297554E-01 4.05789059965E+01 6.52729256153E-01 4.02881733580E+01 1.05796516846E+00 4.01926397308E+01 6.23204713781E-01 4.15148943306E+01 8.55189430115E-01 3.99288585719E+01 1.12651304585E+00 4.09784532147E+01 8.02908095298E-01 
#nx: 3
