#labels: ptz__-3p25__-3p0_lower[1] ptz__-3p25__-3p0_center[2] ptz__-3p25__-3p0_upper[3] tot_scale01[4] tot_scale01_Err[5] tot_scale02[6] tot_scale02_Err[7] tot_scale03[8] tot_scale03_Err[9] tot_scale04[10] tot_scale04_Err[11] tot_scale05[12] tot_scale05_Err[13] tot_scale06[14] tot_scale06_Err[15] tot_scale07[16] tot_scale07_Err[17]
#neval: 862104527401
#overflow:lower center upper 4.03586333790E+02 2.24910766649E+00 3.88866620852E+02 1.68923506378E+00 4.09851000095E+02 3.23485734732E+00 3.91064276254E+02 1.67838980551E+00 4.02347686103E+02 2.26510102069E+00 4.11035826113E+02 3.12619196719E+00 4.05270862720E+02 2.32817796257E+00 
0.00000000000E+00 5.00000000000E-01 1.00000000000E+00 0.00000000000E+00 0.00000000000E+00 0.00000000000E+00 0.00000000000E+00 0.00000000000E+00 0.00000000000E+00 0.00000000000E+00 0.00000000000E+00 0.00000000000E+00 0.00000000000E+00 0.00000000000E+00 0.00000000000E+00 0.00000000000E+00 0.00000000000E+00 
1.00000000000E+00 1.50000000000E+00 2.00000000000E+00 -1.98382453773E+03 2.14276117077E+02 -4.20099196233E+01 1.70577321114E+02 -3.58743275697E+03 2.80376144847E+02 8.21605075742E+02 1.59484962771E+02 -3.31346058091E+03 2.29247214768E+02 -5.11408719363E+03 2.98396976863E+02 -8.77136293750E+02 2.00763317686E+02 
2.00000000000E+00 2.50000000000E+00 3.00000000000E+00 3.95222055513E+03 1.21840534934E+02 4.80818794267E+03 9.50177363663E+01 2.78200763029E+03 1.51492059557E+02 4.97653761763E+03 9.07467966690E+01 3.64578373600E+03 1.27679487216E+02 2.69805211342E+03 1.69783345219E+02 4.02501382841E+03 1.08467221651E+02 
3.00000000000E+00 3.50000000000E+00 4.00000000000E+00 3.92553779251E+03 1.03093337677E+02 4.78616105692E+03 8.66227355789E+01 3.46216370982E+03 1.36256197481E+02 4.52859318092E+03 7.67879231072E+01 4.19363612983E+03 1.16490530070E+02 3.13275742349E+03 1.43901010233E+02 4.09733388103E+03 9.76944893807E+01 
4.00000000000E+00 4.50000000000E+00 5.00000000000E+00 3.59683214899E+03 6.39650388936E+01 3.98073113791E+03 4.99842025167E+01 3.01143512321E+03 8.46052055625E+01 3.96036503755E+03 4.76857306794E+01 3.54875651149E+03 6.70659556128E+01 3.02616881762E+03 8.91986669324E+01 3.51542954369E+03 6.08038463327E+01 
5.00000000000E+00 5.50000000000E+00 6.00000000000E+00 3.32851821594E+03 6.96418132951E+01 3.59978980512E+03 5.62854700252E+01 2.85595431221E+03 8.03072597823E+01 3.53256879321E+03 5.17335426048E+01 3.35865114734E+03 7.57833214008E+01 3.00878998771E+03 9.68348320820E+01 3.16381880513E+03 5.77882136998E+01 
6.00000000000E+00 6.50000000000E+00 7.00000000000E+00 3.52093882269E+03 6.26865936565E+01 3.52119959623E+03 4.94789367352E+01 3.55457747480E+03 8.12610716578E+01 3.47457486834E+03 4.66577264928E+01 3.53188658445E+03 6.64827417595E+01 3.56521327837E+03 8.74325482138E+01 3.48943955423E+03 5.85612475206E+01 
7.00000000000E+00 7.50000000000E+00 8.00000000000E+00 2.15799769813E+03 5.60766692438E+01 2.37978160917E+03 4.45479000877E+01 1.85314727079E+03 7.25291980086E+01 2.34725797577E+03 4.18682312538E+01 2.13874287771E+03 5.97708655725E+01 1.84196421362E+03 7.80891787445E+01 2.14744926119E+03 5.21464052080E+01 
8.00000000000E+00 8.50000000000E+00 9.00000000000E+00 2.47542887558E+03 4.01824013659E+01 2.50502358156E+03 3.11474296983E+01 2.34068323583E+03 5.21701174221E+01 2.47392658090E+03 2.99395408781E+01 2.48774119212E+03 4.18335602124E+01 2.44329147845E+03 5.60371137033E+01 2.36836904342E+03 3.75003969305E+01 
9.00000000000E+00 9.50000000000E+00 1.00000000000E+01 2.11304926039E+03 3.15591662733E+01 2.14606880111E+03 2.46310075279E+01 2.05508122659E+03 4.21986594634E+01 2.11506230685E+03 2.35641201286E+01 2.11831743747E+03 3.30794109056E+01 2.07266680962E+03 4.39100917198E+01 2.07234908248E+03 3.03373945679E+01 
1.00000000000E+01 1.05000000000E+01 1.10000000000E+01 1.73310939220E+03 2.80419767099E+01 1.78620947612E+03 2.21197172075E+01 1.78227010773E+03 3.26636617192E+01 1.77291862607E+03 2.11111362344E+01 1.73678361829E+03 2.96716094540E+01 1.67562868522E+03 3.92638233684E+01 1.79936275719E+03 2.35238432205E+01 
1.10000000000E+01 1.15000000000E+01 1.20000000000E+01 1.82884067089E+03 2.61122672955E+01 1.82310904052E+03 2.05332942792E+01 1.76185391218E+03 3.67681688877E+01 1.79412741964E+03 1.97068365338E+01 1.85390459930E+03 2.75434012083E+01 1.86195252038E+03 3.63266148584E+01 1.73730110102E+03 2.64153343270E+01 
1.20000000000E+01 1.25000000000E+01 1.30000000000E+01 1.41255761126E+03 2.28117447530E+01 1.46882002429E+03 1.79023539252E+01 1.37216547596E+03 3.02659093240E+01 1.42446780243E+03 1.70155553543E+01 1.44988829055E+03 2.40094661788E+01 1.37227943076E+03 3.18398960460E+01 1.38722697362E+03 2.18731930811E+01 
1.30000000000E+01 1.35000000000E+01 1.40000000000E+01 1.40594109088E+03 1.81812892859E+01 1.41718598982E+03 1.37920771603E+01 1.40699401163E+03 2.17931141292E+01 1.38191871735E+03 1.35931803467E+01 1.43383156798E+03 1.84343615805E+01 1.41260478191E+03 2.52329313372E+01 1.38570796897E+03 1.57230193094E+01 
1.40000000000E+01 1.45000000000E+01 1.50000000000E+01 1.37849388325E+03 1.97910802630E+01 1.35661926183E+03 1.53548879025E+01 1.37569514442E+03 2.58104480592E+01 1.32864761544E+03 1.47681448434E+01 1.39978466570E+03 2.05818021712E+01 1.42914610741E+03 2.75200065018E+01 1.32577843185E+03 1.85719697489E+01 
1.50000000000E+01 1.55000000000E+01 1.60000000000E+01 1.27928773672E+03 2.53077140045E+01 1.27910068144E+03 1.92762225642E+01 1.30631147493E+03 3.27801168757E+01 1.22179223418E+03 1.87982008835E+01 1.33523220561E+03 2.60225166597E+01 1.33026930851E+03 3.53998746873E+01 1.24903111982E+03 2.34096323458E+01 
1.60000000000E+01 1.65000000000E+01 1.70000000000E+01 1.31843796409E+03 4.38999325510E+01 1.27143373701E+03 3.48713674207E+01 1.40237765748E+03 5.61851246873E+01 1.23049893763E+03 3.25411606316E+01 1.35917774972E+03 4.70474020209E+01 1.43982886377E+03 6.13517702379E+01 1.28269510833E+03 4.02057133999E+01 
1.70000000000E+01 1.75000000000E+01 1.80000000000E+01 1.00389280204E+03 2.07147595743E+01 9.88740562003E+02 1.64569801752E+01 9.88624370614E+02 2.57781464971E+01 9.73218988473E+02 1.54071925720E+01 1.01316219798E+03 2.21797075191E+01 1.02099873384E+03 2.89299015728E+01 9.67798300107E+02 1.85024723733E+01 
1.80000000000E+01 1.85000000000E+01 1.90000000000E+01 8.10225191458E+02 1.89148000927E+01 8.32328666142E+02 1.45489810484E+01 8.00757215577E+02 2.39876576582E+01 8.13081739939E+02 1.40936342421E+01 8.23599301805E+02 1.95169853998E+01 7.84182999902E+02 2.63421019016E+01 8.13368710267E+02 1.72369122693E+01 
1.90000000000E+01 1.95000000000E+01 2.00000000000E+01 8.07227770073E+02 1.68166633036E+01 7.84450008993E+02 1.32347024628E+01 8.80179444985E+02 2.30385907030E+01 7.99074589248E+02 1.24010096398E+01 8.14873238005E+02 1.75596126890E+01 8.17985361491E+02 2.33837121284E+01 8.32023688028E+02 1.62223048407E+01 
2.00000000000E+01 2.05000000000E+01 2.10000000000E+01 7.82903191212E+02 1.19226880362E+01 7.56876737434E+02 9.37432570350E+00 7.96897138411E+02 1.56804621468E+01 7.51617341690E+02 9.01473852999E+00 7.75352545376E+02 1.25256242169E+01 8.09505137125E+02 1.65204843530E+01 7.64866189040E+02 1.15567961740E+01 
2.10000000000E+01 2.15000000000E+01 2.20000000000E+01 6.69890420556E+02 1.18524195043E+01 6.71273180548E+02 7.57057835602E+00 6.45189562071E+02 1.56376912623E+01 6.62549663222E+02 8.86331310392E+00 6.69285466109E+02 1.01324918978E+01 6.68038558962E+02 1.64562496425E+01 6.49920415055E+02 1.12679975196E+01 
2.20000000000E+01 2.25000000000E+01 2.30000000000E+01 6.92638888958E+02 1.04611998141E+01 6.80856263590E+02 8.09971966630E+00 7.07340263478E+02 1.38370346883E+01 6.66380556618E+02 7.82992034793E+00 7.04551575168E+02 1.08191045859E+01 7.18157000709E+02 1.45023310866E+01 6.78325425399E+02 9.98444497331E+00 
2.30000000000E+01 2.35000000000E+01 2.40000000000E+01 6.00302583989E+02 1.10683866490E+01 5.93984625805E+02 8.45012949406E+00 5.85823052153E+02 1.42922830526E+01 5.86737499958E+02 8.27377506013E+00 6.03136014144E+02 1.13034707977E+01 6.03290024174E+02 1.53652043737E+01 5.81126038096E+02 1.03007049984E+01 
2.40000000000E+01 2.45000000000E+01 2.50000000000E+01 6.87816555942E+02 1.21498951324E+01 6.24532346688E+02 8.94107281677E+00 7.90454882056E+02 1.93819797488E+01 6.39704715080E+02 9.03129653473E+00 6.62252674762E+02 1.20317865729E+01 7.49142764408E+02 1.69636550546E+01 7.13211853393E+02 1.39004067804E+01 
2.50000000000E+01 2.55000000000E+01 2.60000000000E+01 5.11695055640E+02 8.52781705588E+00 5.16197710832E+02 6.37344479571E+00 5.05168361476E+02 1.14327618337E+01 5.00935755436E+02 6.31955677299E+00 5.25922588869E+02 8.61499821755E+00 5.04835978114E+02 1.18904703450E+01 5.01176928519E+02 8.16933885975E+00 
2.60000000000E+01 2.65000000000E+01 2.70000000000E+01 4.22410020677E+02 9.05275208679E+00 4.23956020682E+02 6.86275659192E+00 4.20299782752E+02 1.09937570517E+01 4.25473201775E+02 6.76872940317E+00 4.15435182867E+02 9.17754350319E+00 4.08648297287E+02 1.25684997201E+01 4.28665514929E+02 7.92474105920E+00 
2.70000000000E+01 2.75000000000E+01 2.80000000000E+01 4.76386962683E+02 1.01098307330E+01 4.63725702405E+02 7.31125810973E+00 4.73923994571E+02 1.37609005384E+01 4.59945800715E+02 7.44002556070E+00 4.70811979213E+02 9.99293303116E+00 4.99986769315E+02 1.41839421765E+01 4.60033628561E+02 9.75974962393E+00 
2.80000000000E+01 2.85000000000E+01 2.90000000000E+01 3.48562923651E+02 1.02658251301E+01 3.61708415057E+02 7.63412127851E+00 3.28358097515E+02 1.42891525535E+01 3.49694654200E+02 7.88197198982E+00 3.48231374551E+02 1.03798416629E+01 3.21328982888E+02 1.44973682797E+01 3.50578086891E+02 1.01278109783E+01 
2.90000000000E+01 2.95000000000E+01 3.00000000000E+01 4.09568537843E+02 6.36956119501E+00 4.06326277126E+02 5.06268053491E+00 4.41137555093E+02 1.03405225061E+01 4.00239456257E+02 4.84101220554E+00 4.18580504091E+02 6.66726617057E+00 4.13368685431E+02 8.79504132402E+00 4.14659702328E+02 6.67227213361E+00 
3.00000000000E+01 3.05000000000E+01 3.10000000000E+01 4.01616960875E+02 6.41731161555E+00 3.92197466094E+02 4.80286446528E+00 4.02373481757E+02 8.39073733831E+00 3.81669077996E+02 4.81338352249E+00 4.11630869298E+02 6.39907577960E+00 4.22403700813E+02 8.90744042410E+00 3.83813451979E+02 6.01735471355E+00 
3.10000000000E+01 3.15000000000E+01 3.20000000000E+01 3.31850632813E+02 5.96042965493E+00 3.53720921907E+02 7.81142491785E+00 3.23566194718E+02 8.17574702468E+00 3.30525298349E+02 4.48791941390E+00 3.59716742008E+02 1.04806836880E+01 3.21892655445E+02 8.37829892159E+00 3.27139521977E+02 5.92254168486E+00 
3.20000000000E+01 3.25000000000E+01 3.30000000000E+01 3.33869743655E+02 7.60496415687E+00 3.21522259730E+02 5.81617138836E+00 3.58317280794E+02 9.98037091609E+00 3.25449692742E+02 5.67372502665E+00 3.26967970389E+02 7.78639555838E+00 3.39887544287E+02 1.05785301632E+01 3.44225962183E+02 7.19056228789E+00 
3.30000000000E+01 3.35000000000E+01 3.40000000000E+01 3.70521247930E+02 7.15024838131E+00 3.59778038561E+02 5.30692097790E+00 3.89584301562E+02 9.68128495487E+00 3.49233164653E+02 5.33292065806E+00 3.80185371637E+02 7.29126843156E+00 3.97793519889E+02 9.98671636010E+00 3.59673489857E+02 6.88222178609E+00 
3.40000000000E+01 3.45000000000E+01 3.50000000000E+01 2.53427604256E+02 6.31291466302E+00 2.62572706887E+02 4.74172208250E+00 2.42889213644E+02 8.69824674869E+00 2.57485753426E+02 4.69480035142E+00 2.57666223369E+02 6.36712877885E+00 2.50256859642E+02 9.00066501962E+00 2.52648285176E+02 6.25647871067E+00 
3.50000000000E+01 3.55000000000E+01 3.60000000000E+01 2.50024729607E+02 5.29465545933E+00 2.55654334566E+02 4.02688868407E+00 2.33125459655E+02 7.22354532231E+00 2.48895107514E+02 3.95854236369E+00 2.54556003541E+02 5.36731316506E+00 2.42588755615E+02 7.34861141609E+00 2.43401736578E+02 5.23759869261E+00 
3.60000000000E+01 3.65000000000E+01 3.70000000000E+01 2.97730717057E+02 5.61926131651E+00 2.82204092346E+02 4.29116567162E+00 3.09683678034E+02 7.72138107250E+00 2.79033110270E+02 4.20822986941E+00 2.98565783791E+02 5.73329222307E+00 3.18445485479E+02 7.79324068649E+00 2.90525053888E+02 5.61326253107E+00 
3.70000000000E+01 3.75000000000E+01 3.80000000000E+01 2.71170782351E+02 5.14129699345E+00 2.49826355165E+02 3.99857806949E+00 2.91601522269E+02 6.78685532744E+00 2.61791607077E+02 3.84830023783E+00 2.55136634129E+02 5.33700585601E+00 2.83363288869E+02 7.08999729638E+00 2.76373897378E+02 4.91767207631E+00 
3.80000000000E+01 3.85000000000E+01 3.90000000000E+01 2.59714841301E+02 4.70039953039E+00 2.65173242715E+02 3.90953240215E+00 2.56821867026E+02 6.42400607644E+00 2.46763633431E+02 3.52828928939E+00 2.82135380825E+02 5.22640695240E+00 2.73065176404E+02 6.51412105727E+00 2.50397175734E+02 4.73901244824E+00 
3.90000000000E+01 3.95000000000E+01 4.00000000000E+01 2.57613462362E+02 4.24525624143E+00 2.43943105987E+02 3.21129990371E+00 2.70000371241E+02 5.84588967809E+00 2.42926433275E+02 3.20851685033E+00 2.56349059968E+02 4.24781644944E+00 2.71968147052E+02 5.85958572963E+00 2.54100760332E+02 4.23032480237E+00 
4.00000000000E+01 4.05000000000E+01 4.10000000000E+01 1.85544033611E+02 6.07489141058E+00 1.99785920654E+02 4.36190712155E+00 1.76982882279E+02 8.14651941583E+00 1.90690881923E+02 4.35284777523E+00 2.00089401961E+02 5.87429461367E+00 1.78023030463E+02 8.43572413106E+00 1.82805606996E+02 5.86428651149E+00 
4.10000000000E+01 4.15000000000E+01 4.20000000000E+01 2.25338012405E+02 4.54998320389E+00 2.17061163657E+02 3.53348184675E+00 2.37879317004E+02 6.18641654594E+00 2.14555899859E+02 3.48186332726E+00 2.26760709932E+02 4.61414745818E+00 2.37976406330E+02 6.21260894736E+00 2.24312642296E+02 4.57958873212E+00 
4.20000000000E+01 4.25000000000E+01 4.30000000000E+01 1.87496859775E+02 4.74037738368E+00 1.81305533747E+02 3.80131039027E+00 1.92578450146E+02 6.28966081348E+00 1.83099205155E+02 3.59524134335E+00 1.83976159357E+02 4.98670360903E+00 1.86459353338E+02 6.42725416715E+00 1.89581177842E+02 4.59256587365E+00 
4.30000000000E+01 4.35000000000E+01 4.40000000000E+01 1.69661999947E+02 4.21836279691E+00 1.72546543663E+02 3.17095486785E+00 1.67092369326E+02 5.66567300474E+00 1.68862590884E+02 3.09555107208E+00 1.82273528830E+02 4.12488951471E+00 1.68130554522E+02 5.87473070917E+00 1.69364849799E+02 4.05082040983E+00 
4.40000000000E+01 4.45000000000E+01 4.50000000000E+01 1.48988867040E+02 3.61817413437E+00 1.47395172805E+02 2.69658482636E+00 1.42898601720E+02 4.87990281288E+00 1.49093311522E+02 2.71650503598E+00 1.45653701890E+02 3.58126799470E+00 1.45690239034E+02 4.95149678811E+00 1.47642281300E+02 3.53785901739E+00 
4.50000000000E+01 4.55000000000E+01 4.60000000000E+01 1.87444306843E+02 3.31890907561E+00 1.80957076596E+02 2.52226945638E+00 2.02158534595E+02 4.96982080082E+00 1.77069160871E+02 2.51113314381E+00 1.90090372720E+02 3.34057547626E+00 1.98202445346E+02 4.59207395847E+00 1.87303819440E+02 3.61519310667E+00 
4.60000000000E+01 4.65000000000E+01 4.70000000000E+01 1.34030232878E+02 3.87857520685E+00 1.27479085897E+02 3.04161546690E+00 1.26718495599E+02 5.45631999236E+00 1.32200240585E+02 2.94970314581E+00 1.25029633724E+02 3.98949281346E+00 1.30087951743E+02 5.36398455771E+00 1.30874946839E+02 3.95091284679E+00 
4.70000000000E+01 4.75000000000E+01 4.80000000000E+01 1.74394246296E+02 3.40524557017E+00 1.59171301790E+02 2.43400249180E+00 1.80515980415E+02 4.53875606905E+00 1.62924543719E+02 2.56377404124E+00 1.68446683448E+02 3.22296833547E+00 1.88257360973E+02 4.70780767274E+00 1.69697848258E+02 3.26346742088E+00 
4.80000000000E+01 4.85000000000E+01 4.90000000000E+01 1.69533459356E+02 3.23872145819E+00 1.62978059969E+02 2.47531407235E+00 1.77929072446E+02 4.44142828410E+00 1.58682771948E+02 2.42254802648E+00 1.74906584223E+02 3.30167759802E+00 1.81477607062E+02 4.51145523729E+00 1.65453079383E+02 3.19101487832E+00 
4.90000000000E+01 4.95000000000E+01 5.00000000000E+01 1.15458248038E+02 2.82603795245E+00 1.16552058181E+02 2.11538313779E+00 1.05182697186E+02 3.80344388058E+00 1.14789187720E+02 2.14721802357E+00 1.14801491446E+02 2.81461542994E+00 1.10605530589E+02 3.91487420444E+00 1.10394501461E+02 2.74955965750E+00 
5.00000000000E+01 5.05000000000E+01 5.10000000000E+01 1.30816662781E+02 2.75642576072E+00 1.31042867285E+02 1.96307766583E+00 1.33017057701E+02 3.75233615394E+00 1.29644918211E+02 1.95996813670E+00 1.35646506027E+02 2.58903309483E+00 1.33457832419E+02 3.79216443985E+00 1.29983898812E+02 2.73200195731E+00 
5.10000000000E+01 5.15000000000E+01 5.20000000000E+01 1.42600003265E+02 2.87759053402E+00 1.31717453029E+02 2.19090696313E+00 1.58997298317E+02 3.83592345893E+00 1.32967221051E+02 2.17115531214E+00 1.40247896328E+02 2.90347326209E+00 1.53426231426E+02 3.95660471046E+00 1.45887490270E+02 2.80152815898E+00 
5.20000000000E+01 5.25000000000E+01 5.30000000000E+01 7.25616398486E+01 6.11073522727E+00 8.00837031969E+01 4.59333288070E+00 9.51907821358E+01 4.87851466345E+00 7.99354796159E+01 4.56789337582E+00 7.15549177179E+01 6.14971661992E+00 5.83465764929E+01 8.47505290488E+00 9.80347368124E+01 3.60343730255E+00 
5.30000000000E+01 5.35000000000E+01 5.40000000000E+01 9.39266434380E+01 3.35858334884E+00 9.55900872929E+01 2.45296876017E+00 9.12430444262E+01 4.86930590724E+00 9.42368356674E+01 2.55843136632E+00 9.56118679011E+01 3.22632196198E+00 9.10213604723E+01 4.58792505063E+00 9.36416914089E+01 3.57594456779E+00 
5.40000000000E+01 5.45000000000E+01 5.50000000000E+01 9.35130305727E+01 2.38620002220E+00 9.57889974315E+01 1.80234465359E+00 9.13819755305E+01 3.17981665632E+00 9.46574981164E+01 1.79993707137E+00 9.46721673562E+01 2.38855462510E+00 9.09702723304E+01 3.28739957336E+00 9.47803431534E+01 2.30419328081E+00 
5.50000000000E+01 5.55000000000E+01 5.60000000000E+01 1.18134949509E+02 2.22855778733E+00 1.09377230454E+02 1.66652364561E+00 1.30840557251E+02 3.33783464863E+00 1.10170547313E+02 1.67084847724E+00 1.16687757493E+02 2.24493480078E+00 1.23566375791E+02 3.00488560370E+00 1.20433818815E+02 2.39465142542E+00 
5.60000000000E+01 5.65000000000E+01 5.70000000000E+01 9.98036538398E+01 2.68614749488E+00 9.70409652882E+01 2.08362831364E+00 1.06474345406E+02 3.44996853135E+00 9.60862939921E+01 2.02488428786E+00 1.01068132020E+02 2.76560637365E+00 1.04443263556E+02 3.72497922724E+00 1.01317879047E+02 2.49072592648E+00 
5.70000000000E+01 5.75000000000E+01 5.80000000000E+01 8.51798639512E+01 2.19330668656E+00 8.62310464722E+01 1.78946377224E+00 8.69380908938E+01 2.91435834918E+00 8.42207010508E+01 1.67086297612E+00 8.75424993941E+01 2.35706702683E+00 8.36669346366E+01 2.99658264732E+00 8.70611896349E+01 2.12110184218E+00 
5.80000000000E+01 5.85000000000E+01 5.90000000000E+01 7.52814595348E+01 2.39256234903E+00 7.69251223120E+01 1.82004704474E+00 7.33314699920E+01 3.34214819204E+00 7.61084525353E+01 1.80062003628E+00 7.63288965435E+01 2.41915885405E+00 7.20198105187E+01 3.30841130524E+00 7.66860231334E+01 2.42512277559E+00 
5.90000000000E+01 5.95000000000E+01 6.00000000000E+01 6.80207165382E+01 2.28637714389E+00 7.04554933742E+01 1.69160973629E+00 5.88732551636E+01 3.48047061724E+00 6.93375177020E+01 1.70776622128E+00 6.96404564455E+01 2.24592898268E+00 6.54887788280E+01 3.15889200717E+00 6.30471102588E+01 2.51568973542E+00 
6.00000000000E+01 6.05000000000E+01 6.10000000000E+01 8.15395832314E+01 2.00526921194E+00 7.87819372929E+01 1.45257294608E+00 8.37228558392E+01 2.94610322274E+00 7.89421529719E+01 1.50574595270E+00 8.07372912884E+01 1.93570943667E+00 8.31836992278E+01 2.78481087141E+00 8.12152204008E+01 2.12640598371E+00 
6.10000000000E+01 6.15000000000E+01 6.20000000000E+01 7.32989920427E+01 1.88517138860E+00 7.30213773575E+01 1.40393811387E+00 7.27940502469E+01 2.52985253236E+00 7.20762395083E+01 1.41361105106E+00 7.43035540119E+01 1.86656971333E+00 7.38291570297E+01 2.60282320567E+00 7.26306407318E+01 1.82879117278E+00 
6.20000000000E+01 6.25000000000E+01 6.30000000000E+01 6.17260632688E+01 1.70146286916E+00 6.35320842468E+01 1.25601719854E+00 6.00687655342E+01 2.45644191547E+00 6.19306479970E+01 1.28632596203E+00 6.35092904669E+01 1.65958377843E+00 5.87553181814E+01 2.35021728768E+00 6.23904846276E+01 1.78012817039E+00 
6.30000000000E+01 6.35000000000E+01 6.40000000000E+01 7.40441567188E+01 1.71648987693E+00 7.22621640160E+01 1.33703946922E+00 7.69461131761E+01 2.56551378277E+00 7.10915075688E+01 1.30078607959E+00 7.69873297422E+01 1.90618240083E+00 7.71639162809E+01 2.36471234027E+00 7.41270069302E+01 1.86344678969E+00 
6.40000000000E+01 6.45000000000E+01 6.50000000000E+01 5.84897804499E+01 1.68622997023E+00 6.08219558202E+01 1.31945932577E+00 5.92370899877E+01 2.35658245232E+00 6.00301796022E+01 1.29401478309E+00 6.08121759441E+01 1.75175749406E+00 5.73120834174E+01 2.25642500950E+00 5.97114557174E+01 1.68119772009E+00 
6.50000000000E+01 6.55000000000E+01 6.60000000000E+01 5.67131646572E+01 2.00983845660E+00 5.74659630662E+01 1.36586581971E+00 5.80359878324E+01 2.84462501761E+00 5.67576948557E+01 1.52124282955E+00 5.75604947055E+01 1.79861113511E+00 5.57470764083E+01 2.72289180961E+00 5.72833827357E+01 2.11693476127E+00 
6.60000000000E+01 6.65000000000E+01 6.70000000000E+01 6.05417098050E+01 1.85312397583E+00 5.92162913631E+01 1.37344108076E+00 6.12319554936E+01 2.63672206561E+00 5.80192337108E+01 1.42076532758E+00 6.18388265204E+01 1.79298067225E+00 6.29688193386E+01 2.51636693866E+00 5.98664009110E+01 1.95147499080E+00 
6.70000000000E+01 6.75000000000E+01 6.80000000000E+01 5.19215763371E+01 1.45671670809E+00 5.43811357478E+01 1.10622522956E+00 5.18893035157E+01 2.04343195803E+00 5.13707713237E+01 1.11309426973E+00 5.56724054799E+01 1.44354004524E+00 5.33981061661E+01 1.99050700392E+00 5.23728220901E+01 1.49475710368E+00 
6.80000000000E+01 6.85000000000E+01 6.90000000000E+01 4.52386246045E+01 2.34274727277E+00 4.29103141136E+01 1.17262943159E+00 4.66498027554E+01 3.03013879413E+00 4.62378116019E+01 1.75386506055E+00 4.10144320848E+01 1.54540575811E+00 4.29299543247E+01 3.24977449855E+00 4.78933486081E+01 2.18663056489E+00 
6.90000000000E+01 6.95000000000E+01 7.00000000000E+01 6.16067604289E+01 1.36772099921E+00 5.72619904368E+01 9.53931889534E-01 6.25026542196E+01 1.85055990278E+00 5.84687811672E+01 1.04954272220E+00 5.98708238130E+01 1.23199625447E+00 6.49541666850E+01 1.85996369728E+00 5.96761930139E+01 1.34967330591E+00 
7.00000000000E+01 7.05000000000E+01 7.10000000000E+01 5.40164903587E+01 1.27342973378E+00 5.24704486207E+01 9.37862544009E-01 5.42655977985E+01 1.83666987424E+00 5.17194826908E+01 9.86757558703E-01 5.38966843103E+01 1.25909087678E+00 5.49116079842E+01 1.80137469140E+00 5.35929410054E+01 1.31265206555E+00 
7.10000000000E+01 7.15000000000E+01 7.20000000000E+01 4.31472087699E+01 1.54457148698E+00 4.35026213892E+01 1.12412700934E+00 3.93545567613E+01 2.11556486767E+00 4.34300578697E+01 1.17038530451E+00 4.38921794914E+01 1.50744843289E+00 4.26510745156E+01 2.13099424234E+00 4.08539617336E+01 1.53948724674E+00 
7.20000000000E+01 7.25000000000E+01 7.30000000000E+01 4.83949221456E+01 1.60107400685E+00 4.66358682730E+01 1.13712228067E+00 5.63544153796E+01 2.23705614997E+00 4.68086142355E+01 1.19377098647E+00 4.98023650477E+01 1.58071830089E+00 5.05274355685E+01 2.22225568841E+00 5.25597260313E+01 1.62390395488E+00 
7.30000000000E+01 7.35000000000E+01 7.40000000000E+01 4.19454941645E+01 1.24312092145E+00 4.10052513373E+01 9.58261193352E-01 4.08685391384E+01 1.71602701447E+00 4.11063754282E+01 9.47196635318E-01 4.12316762325E+01 1.29116991891E+00 4.21586723783E+01 1.70344857160E+00 4.13483250519E+01 1.24956603441E+00 
7.40000000000E+01 7.45000000000E+01 7.50000000000E+01 2.59596375897E+01 1.56636479416E+00 2.96562269420E+01 1.13885227049E+00 2.03199011419E+01 2.20637743548E+00 2.95457384082E+01 1.18244913894E+00 2.70090024850E+01 1.51355328070E+00 2.01099562957E+01 2.15221430697E+00 2.62628160940E+01 1.60433641975E+00 
7.50000000000E+01 7.55000000000E+01 7.60000000000E+01 4.38905438182E+01 1.63264062449E+00 4.00926163808E+01 1.21070456253E+00 4.34306154628E+01 2.24301624091E+00 4.19242238440E+01 1.23268200198E+00 4.10114364252E+01 1.60270929448E+00 4.57415551140E+01 2.24858453476E+00 4.20548737435E+01 1.63238965599E+00 
7.60000000000E+01 7.65000000000E+01 7.70000000000E+01 3.76422299383E+01 1.42272713195E+00 3.70471637441E+01 1.01506679881E+00 3.54712544257E+01 1.90825029875E+00 3.69868048885E+01 1.07604677616E+00 3.61711418543E+01 1.39281383537E+00 3.75146144210E+01 1.95716388179E+00 3.61636712394E+01 1.38963069373E+00 
7.70000000000E+01 7.75000000000E+01 7.80000000000E+01 4.06669361250E+01 1.37588660292E+00 3.95891652689E+01 9.80173310491E-01 3.99700119444E+01 1.96371585517E+00 3.92802768590E+01 1.04696154633E+00 4.12680327052E+01 1.25391206200E+00 4.24283852084E+01 1.84408046817E+00 4.02678184286E+01 1.41735962824E+00 
7.80000000000E+01 7.85000000000E+01 7.90000000000E+01 2.26043695145E+01 1.85928919256E+00 2.63477305439E+01 1.32017806604E+00 2.07108493900E+01 2.71857325737E+00 2.48324467072E+01 1.39513461543E+00 2.51106147718E+01 1.74455184975E+00 1.83784532112E+01 2.57475253498E+00 2.51036735792E+01 1.95362241979E+00 
7.90000000000E+01 7.95000000000E+01 8.00000000000E+01 3.26130215594E+01 1.26466393376E+00 3.38097688337E+01 1.03369027896E+00 3.35992830045E+01 1.77942897117E+00 3.20004696209E+01 9.48503447901E-01 3.52064375412E+01 1.37897127966E+00 3.31661882525E+01 1.75586895385E+00 3.31928874765E+01 1.28399104248E+00 
8.00000000000E+01 8.05000000000E+01 8.10000000000E+01 3.61021514341E+01 1.23986241779E+00 3.42016040872E+01 9.03288006937E-01 3.71408423816E+01 1.77507555522E+00 3.44126955326E+01 9.12812557331E-01 3.71863179196E+01 1.21680782979E+00 3.90226855504E+01 1.74587558403E+00 3.53360657907E+01 1.25796339369E+00 
8.10000000000E+01 8.15000000000E+01 8.20000000000E+01 2.70917199193E+01 1.39436312815E+00 2.75001951319E+01 1.01451818805E+00 2.28161407962E+01 2.08995448296E+00 2.81063164397E+01 1.02952951274E+00 2.86262495791E+01 1.27980422634E+00 2.46124093503E+01 1.96309502246E+00 2.57928627813E+01 1.48538550518E+00 
8.20000000000E+01 8.25000000000E+01 8.30000000000E+01 3.14570383177E+01 1.08499940721E+00 2.93227800114E+01 8.03588123276E-01 3.37286134262E+01 1.50573383941E+00 2.98878636026E+01 8.07688084502E-01 3.07344509834E+01 1.08398981319E+00 3.35865471611E+01 1.51809724654E+00 3.18730020418E+01 1.07730541346E+00 
8.30000000000E+01 8.35000000000E+01 8.40000000000E+01 2.84332591346E+01 1.05790470271E+00 2.68282252694E+01 7.25062369182E-01 2.82906476069E+01 1.50429576325E+00 2.63724758782E+01 7.31340147556E-01 2.86145412690E+01 1.04462219895E+00 2.83474285617E+01 1.47764646646E+00 2.82994330259E+01 1.08179899819E+00 
8.40000000000E+01 8.45000000000E+01 8.50000000000E+01 2.67178908048E+01 9.77832032495E-01 2.67130765302E+01 7.11677067143E-01 2.83132021376E+01 1.55277013652E+00 2.60789010779E+01 7.34928565049E-01 2.76797870079E+01 9.34071462791E-01 2.65085996929E+01 1.43054700245E+00 2.82065434312E+01 1.08611669169E+00 
8.50000000000E+01 8.55000000000E+01 8.60000000000E+01 2.60161829071E+01 9.88873644751E-01 2.59987247044E+01 7.38098585923E-01 2.54581693397E+01 1.37285280770E+00 2.55889940963E+01 7.39096476992E-01 2.61834242926E+01 9.79301616955E-01 2.58450717370E+01 1.37914861683E+00 2.60243449498E+01 9.99249677280E-01 
8.60000000000E+01 8.65000000000E+01 8.70000000000E+01 2.93891368136E+01 9.90444058496E-01 2.74373823073E+01 6.79566335124E-01 3.16164966105E+01 1.41950390530E+00 2.74526739826E+01 7.30345664818E-01 2.89644760056E+01 9.18470251838E-01 3.14191228735E+01 1.40036984508E+00 2.93924017489E+01 1.00794862938E+00 
8.70000000000E+01 8.75000000000E+01 8.80000000000E+01 1.95866779011E+01 9.02783071390E-01 2.14953108109E+01 6.77449009081E-01 2.04985319858E+01 1.24285324289E+00 2.13021899184E+01 6.13516984884E-01 2.13221998961E+01 9.26128508596E-01 1.94008180379E+01 1.16178541033E+00 2.15592201728E+01 8.83057630375E-01 
8.80000000000E+01 8.85000000000E+01 8.90000000000E+01 2.48009429188E+01 8.30324670396E-01 2.37643893386E+01 6.19170357591E-01 2.54983358902E+01 1.21542184376E+00 2.37944984553E+01 6.26955470967E-01 2.48087949251E+01 8.19148736280E-01 2.56948453838E+01 1.14668146067E+00 2.47379637128E+01 8.79046876396E-01 
8.90000000000E+01 8.95000000000E+01 9.00000000000E+01 2.23643060808E+01 8.30511038081E-01 2.30966301894E+01 6.61963450265E-01 2.22274539886E+01 1.15588754992E+00 2.18339973163E+01 6.27839674690E-01 2.39175097876E+01 8.77306539882E-01 2.24818968248E+01 1.14464874296E+00 2.22342497800E+01 8.38491559792E-01 
9.00000000000E+01 9.05000000000E+01 9.10000000000E+01 2.16553378100E+01 1.11652013969E+00 2.12305876976E+01 8.16184827684E-01 2.35051278049E+01 1.60713717982E+00 2.19548262971E+01 8.29107078850E-01 2.24965021931E+01 1.07698439746E+00 2.20275637788E+01 1.53777662170E+00 2.26878685175E+01 1.16824068799E+00 
9.10000000000E+01 9.15000000000E+01 9.20000000000E+01 2.22517219129E+01 1.13048448502E+00 2.18968447653E+01 8.24681921283E-01 2.26945085408E+01 1.61529618328E+00 2.14518735698E+01 8.51138565306E-01 2.27256262974E+01 1.09569354245E+00 2.13082024806E+01 1.53153509949E+00 2.23814353324E+01 1.17249751044E+00 
9.20000000000E+01 9.25000000000E+01 9.30000000000E+01 2.53554210408E+01 7.11322134122E-01 2.41861283592E+01 5.67775613309E-01 3.04120943166E+01 1.15024468071E+00 2.33046103637E+01 5.29225241568E-01 2.65640197990E+01 7.63266321665E-01 2.79211861051E+01 1.00063582392E+00 2.71604529681E+01 8.18711033800E-01 
9.30000000000E+01 9.35000000000E+01 9.40000000000E+01 1.52680224626E+01 9.13820583980E-01 1.64190222732E+01 6.63588395925E-01 1.28072479868E+01 1.33188050001E+00 1.58616569402E+01 6.80451340066E-01 1.57628010936E+01 8.90520119943E-01 1.40314187421E+01 1.29161919267E+00 1.44394343081E+01 9.45577427026E-01 
9.40000000000E+01 9.45000000000E+01 9.50000000000E+01 1.79640209792E+01 6.30375127286E-01 1.69107548754E+01 4.84999663368E-01 1.75625071501E+01 9.51897996549E-01 1.69478549456E+01 4.82357943981E-01 1.73625470976E+01 6.45392584249E-01 1.83725336176E+01 8.76330351045E-01 1.73682276912E+01 6.85755903356E-01 
9.50000000000E+01 9.55000000000E+01 9.60000000000E+01 1.99213649642E+01 7.72344248382E-01 1.89266541611E+01 5.53780891509E-01 1.68479439977E+01 1.40212140671E+00 1.66495161972E+01 7.69248085466E-01 2.00639225099E+01 7.60839063300E-01 2.09635980837E+01 1.10053385138E+00 1.67424721905E+01 1.01932711536E+00 
9.60000000000E+01 9.65000000000E+01 9.70000000000E+01 1.78786378184E+01 9.75151294881E-01 1.75847557475E+01 7.30127472878E-01 1.72554711760E+01 1.35295050276E+00 1.89437356180E+01 6.82518775211E-01 1.75851552473E+01 9.64298877255E-01 1.72771658319E+01 1.34230048791E+00 1.69973657247E+01 5.99203549368E-01 
9.70000000000E+01 9.75000000000E+01 9.80000000000E+01 2.25804597612E+01 6.94324092938E-01 1.72657281086E+01 5.50560182056E-01 2.49840548073E+01 9.43347492080E-01 2.02711968348E+01 5.24174575823E-01 1.83095189374E+01 7.08497818623E-01 2.47817359731E+01 9.07886268525E-01 2.26603790851E+01 7.18343086120E-01 
9.80000000000E+01 9.85000000000E+01 9.90000000000E+01 1.60180060258E+01 6.97780514767E-01 1.59243423758E+01 5.11266831615E-01 1.61121272409E+01 9.80590621871E-01 1.59038307022E+01 5.23199481751E-01 1.60599001776E+01 6.81348820402E-01 1.56606282524E+01 9.68801501568E-01 1.62866667488E+01 7.05869591947E-01 
9.90000000000E+01 9.95000000000E+01 1.00000000000E+02 1.17219449347E+01 5.69910613422E-01 1.27297309056E+01 4.03470755633E-01 1.06293264108E+01 8.10876212300E-01 1.23987535043E+01 4.22411925762E-01 1.21483663053E+01 5.42450878487E-01 1.06352582803E+01 7.83131458673E-01 1.21148761938E+01 5.82849073625E-01 
#nx: 3
