#labels: ptz__-2p25__-2p0_lower[1] ptz__-2p25__-2p0_center[2] ptz__-2p25__-2p0_upper[3] tot_scale01[4] tot_scale01_Err[5] tot_scale02[6] tot_scale02_Err[7] tot_scale03[8] tot_scale03_Err[9] tot_scale04[10] tot_scale04_Err[11] tot_scale05[12] tot_scale05_Err[13] tot_scale06[14] tot_scale06_Err[15] tot_scale07[16] tot_scale07_Err[17]
#neval: 862104527401
#overflow:lower center upper 1.10663091927E+03 5.15185800045E+00 1.12427777878E+03 1.06251096638E+01 1.11220679718E+03 7.06461400742E+00 1.08068414235E+03 3.82872147581E+00 1.10581652192E+03 5.00554088610E+00 1.11119674726E+03 7.10212574753E+00 1.10660239420E+03 5.07534632143E+00 
0.00000000000E+00 5.00000000000E-01 1.00000000000E+00 0.00000000000E+00 0.00000000000E+00 0.00000000000E+00 0.00000000000E+00 0.00000000000E+00 0.00000000000E+00 0.00000000000E+00 0.00000000000E+00 0.00000000000E+00 0.00000000000E+00 0.00000000000E+00 0.00000000000E+00 0.00000000000E+00 0.00000000000E+00 
1.00000000000E+00 1.50000000000E+00 2.00000000000E+00 -3.57379374427E+03 2.53671075748E+02 -1.89456354479E+03 2.01341533457E+02 -4.75311895835E+03 3.11339129316E+02 -4.54949451212E+02 1.89008647612E+02 -5.48935155938E+03 2.70223596097E+02 -6.41571439971E+03 3.53288309534E+02 -2.08152698270E+03 2.23505127582E+02 
2.00000000000E+00 2.50000000000E+00 3.00000000000E+00 3.46826312017E+03 1.30593409851E+02 4.71295258666E+03 9.95155115668E+01 2.54296170283E+03 1.69974986753E+02 4.83320668664E+03 9.53811518986E+01 3.08575373956E+03 1.34137954498E+02 1.80344527637E+03 1.83145114530E+02 4.01686740253E+03 1.21262465852E+02 
3.00000000000E+00 3.50000000000E+00 4.00000000000E+00 4.44123551468E+03 8.69049078106E+01 5.27916727657E+03 7.06005226296E+01 3.42965737915E+03 1.16932891363E+02 5.27147750795E+03 6.45274001467E+01 4.37888984252E+03 9.51595192170E+01 3.37578621187E+03 1.21377823410E+02 4.38861392949E+03 8.41564592010E+01 
4.00000000000E+00 4.50000000000E+00 5.00000000000E+00 4.30329552059E+03 7.10280285929E+01 4.76116319282E+03 5.57062488019E+01 3.86851051166E+03 8.99127388591E+01 4.76221023479E+03 5.27633467720E+01 4.25676567031E+03 7.59313477451E+01 3.63914665481E+03 9.89923810008E+01 4.38968842205E+03 6.44109501967E+01 
5.00000000000E+00 5.50000000000E+00 6.00000000000E+00 3.98941986656E+03 7.61988635966E+01 4.32073788133E+03 6.00591615141E+01 3.59212374595E+03 9.72832496665E+01 4.26926840193E+03 5.66118921975E+01 3.95078573400E+03 8.08576599285E+01 3.53953897688E+03 1.06323284957E+02 3.94155734426E+03 6.98010855921E+01 
6.00000000000E+00 6.50000000000E+00 7.00000000000E+00 3.11870605097E+03 5.31533830833E+01 3.42271724976E+03 4.32111767260E+01 2.80993898929E+03 6.72183166901E+01 3.43272339973E+03 3.97269498543E+01 3.03856676151E+03 5.78218651495E+01 2.66702759783E+03 7.41670016192E+01 3.18316026825E+03 4.82286768034E+01 
7.00000000000E+00 7.50000000000E+00 8.00000000000E+00 3.86577320451E+03 4.39539895172E+01 3.95623714706E+03 3.40822550984E+01 3.88092740084E+03 5.40416645489E+01 3.81711137919E+03 3.26851571299E+01 3.99167809413E+03 4.59896674151E+01 3.93788859235E+03 5.89521844020E+01 3.79930981415E+03 3.87395758375E+01 
8.00000000000E+00 8.50000000000E+00 9.00000000000E+00 6.12844635812E+03 7.84690792704E+02 5.52374434162E+03 6.24690441124E+02 6.65900830360E+03 1.00018879493E+03 5.35314339646E+03 5.81680684477E+02 6.28950104670E+03 8.42714004299E+02 7.26177105714E+03 1.09632816463E+03 5.65619232245E+03 7.15866470962E+02 
9.00000000000E+00 9.50000000000E+00 1.00000000000E+01 2.75745967225E+03 4.03236266696E+01 2.81912712678E+03 3.21304799782E+01 2.67033018671E+03 5.19082122298E+01 2.75549507228E+03 3.00221773227E+01 2.83418140780E+03 4.28236557875E+01 2.73042553538E+03 5.61443183660E+01 2.67940571620E+03 3.72818128112E+01 
1.00000000000E+01 1.05000000000E+01 1.10000000000E+01 2.51939437586E+03 2.51087945902E+01 2.57635544977E+03 2.10643130892E+01 2.45990623903E+03 3.37915079379E+01 2.49701848605E+03 1.88372229980E+01 2.59136961551E+03 2.80955735794E+01 2.57625307198E+03 3.53492492719E+01 2.45052464029E+03 2.43313434479E+01 
1.10000000000E+01 1.15000000000E+01 1.20000000000E+01 2.11717103624E+03 3.42613550925E+01 2.16863241424E+03 2.71096462973E+01 2.08573530799E+03 4.51000210135E+01 2.12169317531E+03 2.59686534404E+01 2.12305422816E+03 3.63895766880E+01 2.06254160164E+03 4.75054128215E+01 2.09101571316E+03 3.23709187824E+01 
1.20000000000E+01 1.25000000000E+01 1.30000000000E+01 2.01764498880E+03 2.18283745633E+01 2.07017462648E+03 1.81204994091E+01 1.90252637122E+03 2.81890011966E+01 1.99716179637E+03 1.62739065991E+01 2.07606327700E+03 2.44253123060E+01 2.01902797880E+03 3.03210999125E+01 1.90704252001E+03 2.02866557132E+01 
1.30000000000E+01 1.35000000000E+01 1.40000000000E+01 1.83360764428E+03 2.11628040012E+01 1.85307355727E+03 1.64865065256E+01 1.82651763025E+03 2.89530364507E+01 1.81489249969E+03 1.57966286669E+01 1.85543338094E+03 2.20799525367E+01 1.80934709034E+03 2.89739994030E+01 1.81272500327E+03 2.08269903795E+01 
1.40000000000E+01 1.45000000000E+01 1.50000000000E+01 1.68667298934E+03 2.28965436884E+01 1.68058099347E+03 1.83749903433E+01 1.68683752135E+03 2.91579482897E+01 1.65676534667E+03 1.70855797404E+01 1.70131931064E+03 2.47393413055E+01 1.71477972314E+03 3.20249736936E+01 1.64916609398E+03 2.09712403437E+01 
1.50000000000E+01 1.55000000000E+01 1.60000000000E+01 1.70548166340E+03 1.90407365110E+01 1.68088567722E+03 1.51137352108E+01 1.80086487223E+03 3.31273614722E+01 1.64181086627E+03 1.41572895280E+01 1.74539033107E+03 2.02432911244E+01 1.78789154966E+03 2.65042013553E+01 1.69908795792E+03 2.36165046635E+01 
1.60000000000E+01 1.65000000000E+01 1.70000000000E+01 1.44418670414E+03 1.61099032641E+01 1.43842328138E+03 1.30015490703E+01 1.47165852977E+03 2.05390875642E+01 1.40654021497E+03 1.20299240542E+01 1.45694817276E+03 1.72152058479E+01 1.49252142399E+03 2.26514180329E+01 1.41344799390E+03 1.45385890722E+01 
1.70000000000E+01 1.75000000000E+01 1.80000000000E+01 1.20602860200E+03 1.72553918286E+01 1.24600933795E+03 1.44419228993E+01 1.19790729302E+03 2.35057045630E+01 1.20439088243E+03 1.30057309616E+01 1.24370207011E+03 1.93693397026E+01 1.18570954889E+03 2.39169111578E+01 1.20225713936E+03 1.69290158917E+01 
1.80000000000E+01 1.85000000000E+01 1.90000000000E+01 1.13656204034E+03 1.49168674776E+01 1.17050961707E+03 1.19935875126E+01 1.12213476151E+03 1.93171290524E+01 1.12971873425E+03 1.11395496796E+01 1.17588052964E+03 1.60643199064E+01 1.13292482700E+03 2.06771706783E+01 1.12181918900E+03 1.39113263688E+01 
1.90000000000E+01 1.95000000000E+01 2.00000000000E+01 9.99339039447E+02 1.77247922266E+01 1.04908861086E+03 1.45622941729E+01 1.03590134146E+03 2.42831817561E+01 1.00196043264E+03 1.31823335869E+01 1.04599300363E+03 1.95746057423E+01 9.57136569909E+02 2.48597970669E+01 1.04356844974E+03 1.72986853767E+01 
2.00000000000E+01 2.05000000000E+01 2.10000000000E+01 9.92459830925E+02 1.32929694908E+01 1.01971907122E+03 1.04110466381E+01 9.82243761014E+02 1.78279523464E+01 9.82345354816E+02 9.86479257990E+00 1.02995828767E+03 1.40194248927E+01 9.88517887417E+02 1.86089593890E+01 9.76054562298E+02 1.27146494077E+01 
2.10000000000E+01 2.15000000000E+01 2.20000000000E+01 9.54377126150E+02 1.16961708044E+01 9.48715992570E+02 9.12423496312E+00 9.15445608617E+02 1.42220939654E+01 9.32458552098E+02 8.75005192621E+00 9.64883408908E+02 1.22185910674E+01 9.68108392501E+02 1.62439541756E+01 9.04761526335E+02 1.02310506241E+01 
2.20000000000E+01 2.25000000000E+01 2.30000000000E+01 8.55051622889E+02 1.05628262967E+01 8.60254502316E+02 8.28687433040E+00 8.20345615220E+02 1.39973006638E+01 8.43570303196E+02 7.93439373383E+00 8.65201538364E+02 1.10420723106E+01 8.34959701948E+02 1.46036667901E+01 8.24645753428E+02 1.01068616049E+01 
2.30000000000E+01 2.35000000000E+01 2.40000000000E+01 7.80514600269E+02 1.14748366222E+01 7.98982538239E+02 8.78870569604E+00 7.69294463384E+02 1.53338536824E+01 7.85703839857E+02 8.53562664413E+00 7.92453336556E+02 1.18720654524E+01 7.69889070086E+02 1.61763089769E+01 7.72906922300E+02 1.09766751060E+01 
2.40000000000E+01 2.45000000000E+01 2.50000000000E+01 7.49671002780E+02 1.42779143411E+01 7.53915238407E+02 1.11737506885E+01 7.55197927840E+02 1.80388876731E+01 7.36158387621E+02 1.05458868478E+01 7.59350355507E+02 1.51163671203E+01 7.54766268935E+02 2.00527595912E+01 7.42054748309E+02 1.28482659430E+01 
2.50000000000E+01 2.55000000000E+01 2.60000000000E+01 6.93783440387E+02 1.09880828551E+01 6.71736538262E+02 8.17285146624E+00 6.52221069626E+02 1.33113295021E+01 6.87106190280E+02 8.20700228333E+00 6.66052593190E+02 1.09287520410E+01 6.90466783019E+02 1.52470818847E+01 6.59566895490E+02 9.58502632583E+00 
2.60000000000E+01 2.65000000000E+01 2.70000000000E+01 6.91434160283E+02 8.92359233624E+00 6.79418050006E+02 6.92868736966E+00 6.93591285165E+02 1.11651306557E+01 6.69470235247E+02 6.71808846109E+00 6.93900759684E+02 9.23404909158E+00 7.02034259531E+02 1.23948818939E+01 6.78807025569E+02 8.01213459652E+00 
2.70000000000E+01 2.75000000000E+01 2.80000000000E+01 6.43094294971E+02 9.21598625544E+00 6.43591083520E+02 7.44976123522E+00 6.57562819379E+02 1.19237844815E+01 6.28585906194E+02 6.89659156459E+00 6.41657995979E+02 1.03140094896E+01 6.42005859002E+02 1.28002735149E+01 6.46437359861E+02 8.56719337415E+00 
2.80000000000E+01 2.85000000000E+01 2.90000000000E+01 6.12875306847E+02 1.30451606122E+01 6.34457190215E+02 9.59352585380E+00 6.07293840638E+02 1.60117561860E+01 5.94556641703E+02 9.71307158738E+00 6.65887794003E+02 1.29388324392E+01 6.25488725237E+02 1.82208813525E+01 5.94048280945E+02 1.14807110333E+01 
2.90000000000E+01 2.95000000000E+01 3.00000000000E+01 5.83609027247E+02 8.08300498275E+00 5.64297040846E+02 6.38723709919E+00 5.86358057294E+02 1.05509251513E+01 5.58292552876E+02 6.18666741004E+00 5.76307800564E+02 8.55596132840E+00 5.97304901214E+02 1.12579747593E+01 5.68792343736E+02 7.57693975323E+00 
3.00000000000E+01 3.05000000000E+01 3.10000000000E+01 4.07114930183E+02 3.67169612721E+01 4.37846711937E+02 2.78690149507E+01 3.39665321651E+02 4.96944583760E+01 4.26997680447E+02 2.72946591614E+01 4.13788535473E+02 3.74870062267E+01 3.53132400527E+02 5.10265984501E+01 3.87579233928E+02 3.56923916219E+01 
3.10000000000E+01 3.15000000000E+01 3.20000000000E+01 4.43722309809E+02 7.74670724712E+00 4.42963140594E+02 6.32677698657E+00 4.44754203116E+02 1.00799775434E+01 4.47346760071E+02 5.79728406544E+00 4.33120656730E+02 8.42784224776E+00 4.24962972221E+02 1.07028396910E+01 4.47541719262E+02 7.25899504922E+00 
3.20000000000E+01 3.25000000000E+01 3.30000000000E+01 4.95246551647E+02 1.01718214036E+01 4.97195714248E+02 7.68177597688E+00 5.05704727699E+02 1.47093065161E+01 4.79117912293E+02 7.58580684927E+00 5.16435225167E+02 1.03200193872E+01 5.11558749763E+02 1.41361965279E+01 4.89547444879E+02 1.05622545162E+01 
3.30000000000E+01 3.35000000000E+01 3.40000000000E+01 4.45656792339E+02 6.95986845183E+00 4.36885590970E+02 4.70160775021E+00 4.61136761462E+02 1.05875160098E+01 4.36008406351E+02 5.20662225417E+00 4.44037028777E+02 6.28055624284E+00 4.58738479256E+02 9.35565216991E+00 4.47560528154E+02 7.60756342873E+00 
3.40000000000E+01 3.45000000000E+01 3.50000000000E+01 4.36804264735E+02 6.02943413803E+00 4.36140487973E+02 4.70885970273E+00 4.33908644688E+02 8.05625966442E+00 4.20797810376E+02 4.42731154997E+00 4.51757802691E+02 6.40451747827E+00 4.47742053501E+02 8.56242740375E+00 4.20027188471E+02 5.65054567361E+00 
3.50000000000E+01 3.55000000000E+01 3.60000000000E+01 3.56256714288E+02 6.88540735039E+00 3.64436011550E+02 5.26721266027E+00 3.50177752575E+02 9.32627989076E+00 3.60379876291E+02 5.14080903250E+00 3.60239405806E+02 7.10934871625E+00 3.45020967082E+02 9.60435831289E+00 3.60431519863E+02 6.70114624784E+00 
3.60000000000E+01 3.65000000000E+01 3.70000000000E+01 3.90592419824E+02 6.98470170909E+00 3.80258238342E+02 5.55598363642E+00 4.06152983475E+02 9.33966486951E+00 3.77764635133E+02 5.23169666141E+00 3.92550129662E+02 7.48064522455E+00 4.05459716987E+02 9.64739465413E+00 3.89132702244E+02 7.04095157507E+00 
3.70000000000E+01 3.75000000000E+01 3.80000000000E+01 3.54463207863E+02 4.95789398326E+00 3.55007163352E+02 4.04790953022E+00 3.48092195763E+02 6.50410260077E+00 3.51013243399E+02 3.73519723967E+00 3.55872926400E+02 5.38221931725E+00 3.55168499747E+02 6.89293605537E+00 3.48529513500E+02 4.70053812072E+00 
3.80000000000E+01 3.85000000000E+01 3.90000000000E+01 3.38614206092E+02 6.16050927426E+00 3.23803110947E+02 4.40416403499E+00 3.23973013395E+02 7.49344745773E+00 3.32383385761E+02 4.60840382530E+00 3.21649140603E+02 5.89494288553E+00 3.40152531715E+02 8.54438724943E+00 3.22814318853E+02 5.39819364015E+00 
3.90000000000E+01 3.95000000000E+01 4.00000000000E+01 3.20209072040E+02 5.03934821685E+00 3.25489001545E+02 4.04811823790E+00 3.23825724348E+02 6.84122571314E+00 3.15035136963E+02 3.80328569900E+00 3.31253522397E+02 5.37713451646E+00 3.23013099054E+02 6.96134729550E+00 3.19767215095E+02 4.98150025967E+00 
4.00000000000E+01 4.05000000000E+01 4.10000000000E+01 3.33631972110E+02 4.59872455481E+00 3.30075367050E+02 3.62412476370E+00 3.46357500348E+02 6.17201143847E+00 3.21745549007E+02 3.48475364187E+00 3.41811356567E+02 4.78505025602E+00 3.43008768450E+02 6.32535244915E+00 3.33748047530E+02 4.48607311530E+00 
4.10000000000E+01 4.15000000000E+01 4.20000000000E+01 2.81668314060E+02 4.33461944493E+00 2.82505607393E+02 3.19797058977E+00 2.70942318066E+02 5.56767854401E+00 2.78068243409E+02 3.26037746247E+00 2.83449738198E+02 4.21204597946E+00 2.80907056683E+02 5.99194242818E+00 2.71322095434E+02 4.03296850021E+00 
4.20000000000E+01 4.25000000000E+01 4.30000000000E+01 2.39700521978E+02 5.19694433881E+00 2.44490389358E+02 4.04378399844E+00 2.23183071980E+02 6.91898407226E+00 2.43199001276E+02 3.90121666269E+00 2.35123505406E+02 5.48978885552E+00 2.27367694954E+02 7.21333745732E+00 2.33985889512E+02 4.98015835426E+00 
4.30000000000E+01 4.35000000000E+01 4.40000000000E+01 2.42529332857E+02 6.83605131721E+00 2.55604857336E+02 5.35326399843E+00 2.35280952725E+02 9.15854592893E+00 2.42899493121E+02 5.10383932518E+00 2.57451670245E+02 7.22367186535E+00 2.34319846664E+02 9.49821833753E+00 2.38244728577E+02 6.59934682346E+00 
4.40000000000E+01 4.45000000000E+01 4.50000000000E+01 2.63958028766E+02 4.89017175716E+00 2.43525328912E+02 5.21829230655E+00 2.68229787719E+02 6.56455534446E+00 2.56534202161E+02 3.66288773604E+00 2.44584804322E+02 7.03721537168E+00 2.71062935193E+02 6.77765325665E+00 2.60730153835E+02 4.73449566626E+00 
4.50000000000E+01 4.55000000000E+01 4.60000000000E+01 2.18147549869E+02 4.88583986622E+00 2.31307530118E+02 3.50938680212E+00 2.14066623705E+02 6.16291246637E+00 2.17113654552E+02 3.67259615154E+00 2.28185726608E+02 4.92245081055E+00 2.09642922631E+02 6.79830806561E+00 2.19591258384E+02 4.41740729291E+00 
4.60000000000E+01 4.65000000000E+01 4.70000000000E+01 2.27279609498E+02 4.25327489824E+00 2.26863869848E+02 3.40801594091E+00 2.25779551152E+02 5.51400010784E+00 2.22704699863E+02 3.24152289091E+00 2.30657458706E+02 4.46301019405E+00 2.30677075751E+02 5.82203975169E+00 2.24009472754E+02 4.04004259516E+00 
4.70000000000E+01 4.75000000000E+01 4.80000000000E+01 2.61448661216E+02 5.23469486664E+00 2.48450950500E+02 4.04248819881E+00 2.77110873618E+02 6.73618061693E+00 2.47846490355E+02 3.95344274324E+00 2.62739173204E+02 5.40906943761E+00 2.77610102323E+02 7.22611140546E+00 2.61720986596E+02 4.92684759493E+00 
4.80000000000E+01 4.85000000000E+01 4.90000000000E+01 2.34503392624E+02 4.21551600564E+00 2.28200132433E+02 3.24451986823E+00 2.40362064407E+02 5.67400167596E+00 2.22527239868E+02 3.16876363790E+00 2.40692520146E+02 4.31098857147E+00 2.45168612496E+02 5.85459065873E+00 2.31939433437E+02 4.05088084364E+00 
4.90000000000E+01 4.95000000000E+01 5.00000000000E+01 2.00365033468E+02 3.57893974826E+00 1.99106116982E+02 2.79334421558E+00 2.02971587140E+02 4.70444396840E+00 1.96200074264E+02 2.69010488864E+00 2.03322929996E+02 3.71035154801E+00 2.03456272438E+02 4.95555619967E+00 1.99886863758E+02 3.42946309427E+00 
5.00000000000E+01 5.05000000000E+01 5.10000000000E+01 2.08004457941E+02 4.19136521085E+00 2.04314933239E+02 3.17880236799E+00 2.09623892475E+02 5.70202052250E+00 1.98702033027E+02 3.21110237262E+00 2.15855325271E+02 4.12069842990E+00 2.14133091709E+02 5.86709767709E+00 2.04301989149E+02 4.07870584171E+00 
5.10000000000E+01 5.15000000000E+01 5.20000000000E+01 2.20263498090E+02 4.79538375335E+00 2.13619486207E+02 3.69439459952E+00 2.26843427425E+02 6.17887632640E+00 2.06786517426E+02 3.53504881007E+00 2.28088363542E+02 5.01360443198E+00 2.33333642199E+02 6.35577965561E+00 2.10419101743E+02 4.15165391559E+00 
5.20000000000E+01 5.25000000000E+01 5.30000000000E+01 1.62280170725E+02 3.23941267051E+00 1.61244138207E+02 2.54120096415E+00 1.70708824486E+02 4.46960982068E+00 1.60846579659E+02 2.42393358532E+00 1.61098782165E+02 3.40561631250E+00 1.59981132945E+02 4.51850153934E+00 1.68746983005E+02 3.20610669051E+00 
5.30000000000E+01 5.35000000000E+01 5.40000000000E+01 1.99584284777E+02 3.25915512156E+00 1.91920050568E+02 2.54539847001E+00 2.06943529439E+02 4.30480339300E+00 1.87513347886E+02 2.46632307529E+00 2.04372341428E+02 3.36881656504E+00 2.11319858847E+02 4.58162893574E+00 1.94387553635E+02 3.10068264579E+00 
5.40000000000E+01 5.45000000000E+01 5.50000000000E+01 1.62367407092E+02 3.99624986085E+00 1.59086892606E+02 3.07738987321E+00 1.62492856111E+02 5.26722503778E+00 1.58801355914E+02 2.99932306094E+00 1.61969133096E+02 4.11681072858E+00 1.63475527849E+02 5.55259316689E+00 1.60487640261E+02 3.80755320024E+00 
5.50000000000E+01 5.55000000000E+01 5.60000000000E+01 1.77413023166E+02 2.88171363939E+00 1.68961221451E+02 2.20118154288E+00 1.85276910731E+02 3.86518791022E+00 1.67964576781E+02 2.13863731452E+00 1.76742794748E+02 2.92169689530E+00 1.86754286230E+02 4.01501740425E+00 1.75856635859E+02 2.77744963068E+00 
5.60000000000E+01 5.65000000000E+01 5.70000000000E+01 1.47484161824E+02 2.75516998496E+00 1.46676471403E+02 2.09397927787E+00 1.50163472099E+02 3.81557703852E+00 1.46962145613E+02 2.03072730937E+00 1.49744746575E+02 2.77555909219E+00 1.56691786864E+02 3.65242349717E+00 1.52054320406E+02 2.69551164517E+00 
5.70000000000E+01 5.75000000000E+01 5.80000000000E+01 1.32400978191E+02 4.13304761750E+00 1.31225619801E+02 3.16143139706E+00 1.22254123859E+02 5.78425300659E+00 1.32827894807E+02 3.08774287051E+00 1.29234680796E+02 4.23529627776E+00 1.30704485795E+02 5.74844856949E+00 1.28680388202E+02 4.16164373941E+00 
5.80000000000E+01 5.85000000000E+01 5.90000000000E+01 1.26627069714E+02 2.54531444623E+00 1.26843470740E+02 1.94995213932E+00 1.21361678813E+02 3.45337639327E+00 1.25908961133E+02 1.91130138642E+00 1.26684726305E+02 2.60155100673E+00 1.23741447326E+02 3.54586632949E+00 1.24699614247E+02 2.47971695808E+00 
5.90000000000E+01 5.95000000000E+01 6.00000000000E+01 1.42678632630E+02 3.18819300627E+00 1.40544265510E+02 2.44013014069E+00 1.57030290148E+02 4.27765577521E+00 1.36959101677E+02 2.36792304930E+00 1.47700357402E+02 3.26080361212E+00 1.59513898461E+02 4.32638030690E+00 1.47634681556E+02 3.05448329649E+00 
6.00000000000E+01 6.05000000000E+01 6.10000000000E+01 1.15458708087E+02 2.87532142869E+00 1.14254306604E+02 2.27923161926E+00 1.12730109829E+02 4.09683471136E+00 1.19381936977E+02 2.07438759252E+00 1.16477008990E+02 2.91349323788E+00 1.11820382861E+02 4.00396170702E+00 1.18697826086E+02 2.86469504059E+00 
6.10000000000E+01 6.15000000000E+01 6.20000000000E+01 1.24794822602E+02 2.41095395180E+00 1.20881569759E+02 1.83886383527E+00 1.25771349820E+02 3.22409955085E+00 1.21272605071E+02 1.80483804418E+00 1.23811532139E+02 2.46542569461E+00 1.28070708713E+02 3.36432539534E+00 1.20239796541E+02 2.38282897164E+00 
6.20000000000E+01 6.25000000000E+01 6.30000000000E+01 1.20572256470E+02 2.59137538262E+00 1.18272600770E+02 1.99072067956E+00 1.21372724203E+02 3.47488785077E+00 1.17125501620E+02 1.95990627022E+00 1.21215468125E+02 2.62127989613E+00 1.23729236314E+02 3.56764236652E+00 1.18816442929E+02 2.52700116107E+00 
6.30000000000E+01 6.35000000000E+01 6.40000000000E+01 8.39536157727E+01 2.80476667315E+00 9.21626229607E+01 1.94397690568E+00 8.30090145660E+01 3.91226338442E+00 9.02157268685E+01 2.00896439317E+00 8.20512183155E+01 2.86307911274E+00 7.61727047036E+01 3.65256799388E+00 9.22723190978E+01 2.65354343829E+00 
6.40000000000E+01 6.45000000000E+01 6.50000000000E+01 8.09806816418E+01 8.21951283402E+00 8.45835423951E+01 6.29287167826E+00 7.20242950971E+01 1.09550345200E+01 8.63178191962E+01 6.10660526908E+00 7.93377277101E+01 8.45619377010E+00 7.10088523818E+01 1.14470758200E+01 8.14761340161E+01 7.86673551037E+00 
6.50000000000E+01 6.55000000000E+01 6.60000000000E+01 1.20175577512E+02 2.16917010706E+00 1.17620438619E+02 1.67618070894E+00 1.22144912902E+02 2.76047126775E+00 1.13954436113E+02 1.62752294450E+00 1.22399381532E+02 2.25905442463E+00 1.28158465206E+02 2.83884522141E+00 1.15451415115E+02 2.09903876952E+00 
6.60000000000E+01 6.65000000000E+01 6.70000000000E+01 1.03463524694E+02 2.00245289089E+00 1.16848982083E+02 2.14230029701E+00 9.53484394872E+01 3.23731120895E+00 1.00398416819E+02 1.49795201715E+00 1.24970982125E+02 2.87084011456E+00 9.65006977569E+01 3.34153365099E+00 1.01288107033E+02 1.97381789586E+00 
6.70000000000E+01 6.75000000000E+01 6.80000000000E+01 1.12914434272E+02 2.36610074934E+00 1.08153786905E+02 1.76912476034E+00 1.23258165084E+02 3.28690830474E+00 1.06478367215E+02 1.72229976593E+00 1.14438802877E+02 2.43317225307E+00 1.20145034611E+02 3.39274595283E+00 1.14689339749E+02 2.28941604980E+00 
6.80000000000E+01 6.85000000000E+01 6.90000000000E+01 7.12480574984E+01 2.17985587327E+00 7.58533493325E+01 1.58843106746E+00 6.82171160206E+01 2.95556142922E+00 7.26910163576E+01 1.55673447272E+00 7.28570678931E+01 2.13269337126E+00 6.48508413923E+01 3.02925581506E+00 6.91886112833E+01 2.21336416526E+00 
6.90000000000E+01 6.95000000000E+01 7.00000000000E+01 9.80748582558E+01 2.00850520042E+00 9.40597879277E+01 1.53094440338E+00 1.01189034400E+02 2.74284542819E+00 9.31709521137E+01 1.51989789195E+00 9.74728306915E+01 2.01044051200E+00 1.01059950989E+02 2.75028616476E+00 9.74942041244E+01 2.00485060358E+00 
7.00000000000E+01 7.05000000000E+01 7.10000000000E+01 6.92093899637E+01 2.51587961567E+00 7.32891418846E+01 1.92722593634E+00 6.81673402109E+01 3.37585593221E+00 7.33316464215E+01 1.89371314657E+00 6.91728869539E+01 2.57518960265E+00 6.19845107121E+01 3.49681454332E+00 7.37540712271E+01 2.44033443773E+00 
7.10000000000E+01 7.15000000000E+01 7.20000000000E+01 7.88319617531E+01 2.38565168219E+00 7.86546448167E+01 1.75217981193E+00 7.68497049387E+01 3.31400946380E+00 7.74223610056E+01 1.78273736958E+00 8.05954298942E+01 2.33815574689E+00 7.89493917983E+01 3.31654318361E+00 7.68444234486E+01 2.38773562159E+00 
7.20000000000E+01 7.25000000000E+01 7.30000000000E+01 8.77763467718E+01 2.48875555895E+00 8.21182415459E+01 2.11028323476E+00 9.22484721822E+01 3.39401646726E+00 8.33960034194E+01 1.88968053071E+00 9.02253968435E+01 2.49506535131E+00 9.17941705798E+01 3.45610330226E+00 8.78441856977E+01 2.47138373358E+00 
7.30000000000E+01 7.35000000000E+01 7.40000000000E+01 7.88660075038E+01 2.36768752977E+00 7.57034787960E+01 1.84742517446E+00 8.68511050128E+01 3.73708527133E+00 8.24879313281E+01 1.99425615112E+00 8.44134129580E+01 2.74453094801E+00 8.11467285481E+01 3.34353120380E+00 7.78630259661E+01 2.44302492387E+00 
7.40000000000E+01 7.45000000000E+01 7.50000000000E+01 6.85208606223E+01 1.92654270893E+00 7.25387676505E+01 1.35787988157E+00 5.91115734476E+01 2.59277169010E+00 6.93212707808E+01 1.47385193002E+00 7.29198967370E+01 1.79099839380E+00 6.60194514971E+01 2.65152918190E+00 6.33827775212E+01 1.89480058860E+00 
7.50000000000E+01 7.55000000000E+01 7.60000000000E+01 8.27596167016E+01 2.03781262128E+00 7.56361643621E+01 1.34578003332E+00 8.59732713969E+01 2.88018876907E+00 7.75554496582E+01 1.53465390857E+00 7.73430313027E+01 1.82095181560E+00 8.50677998832E+01 2.75850408896E+00 8.30997136018E+01 2.11885525003E+00 
7.60000000000E+01 7.65000000000E+01 7.70000000000E+01 5.91278740169E+01 1.58051063389E+00 6.11265318490E+01 1.19735803525E+00 5.42480416693E+01 2.11779164002E+00 5.98380560575E+01 1.19549024887E+00 6.03397394979E+01 1.58406238888E+00 5.66078580071E+01 2.17996174128E+00 5.78507141554E+01 1.56188349071E+00 
7.70000000000E+01 7.75000000000E+01 7.80000000000E+01 7.02126031228E+01 1.64505482470E+00 6.82382129327E+01 1.26224286945E+00 7.23963904475E+01 2.16531019289E+00 6.77653349116E+01 1.25060239573E+00 7.06278470613E+01 1.66902866068E+00 7.10979314352E+01 2.24691105527E+00 7.03678485924E+01 1.57468748876E+00 
7.80000000000E+01 7.85000000000E+01 7.90000000000E+01 4.95725978480E+01 1.70678949554E+00 5.41390273640E+01 1.36367822932E+00 4.93219758516E+01 2.46495873021E+00 5.38621951387E+01 1.34594333137E+00 5.26682490048E+01 1.81192929081E+00 4.53276183414E+01 2.32861478884E+00 5.02201823927E+01 1.70643481701E+00 
7.90000000000E+01 7.95000000000E+01 8.00000000000E+01 6.40983886026E+01 1.59687989587E+00 6.09332675389E+01 1.20049208532E+00 6.59979234604E+01 2.05063430078E+00 6.21442444708E+01 1.12185888649E+00 6.22895564583E+01 1.59421802679E+00 6.53408222695E+01 2.22356906763E+00 6.43306507566E+01 1.48246194000E+00 
8.00000000000E+01 8.05000000000E+01 8.10000000000E+01 6.68790258611E+01 1.58526025767E+00 6.33884537420E+01 1.17089635232E+00 7.39221057655E+01 2.06453675679E+00 6.38832651599E+01 1.20144557532E+00 6.63459448074E+01 1.54381617337E+00 6.85900283657E+01 2.13231156127E+00 6.99458496433E+01 1.55329053822E+00 
8.10000000000E+01 8.15000000000E+01 8.20000000000E+01 5.71703017397E+01 1.72468254251E+00 5.57746744452E+01 1.26889926312E+00 5.74107069394E+01 2.44177391696E+00 5.53507313435E+01 1.29233461622E+00 5.77552132769E+01 1.68145918305E+00 5.88565884090E+01 2.38257095899E+00 5.59015635906E+01 1.76715232157E+00 
8.20000000000E+01 8.25000000000E+01 8.30000000000E+01 7.25631586479E+01 1.91198280813E+00 6.90308708724E+01 1.43803980639E+00 7.86313753715E+01 2.65556121416E+00 6.86272582535E+01 1.41946625278E+00 7.25164185732E+01 1.89603589828E+00 8.19884097947E+01 2.68828541142E+00 7.38357946449E+01 1.90425677280E+00 
8.30000000000E+01 8.35000000000E+01 8.40000000000E+01 4.42005734096E+01 1.64820595251E+00 4.22812188514E+01 1.33888160054E+00 4.03210619024E+01 2.27884315144E+00 4.38418927330E+01 1.26663902125E+00 4.05274881367E+01 1.77694574513E+00 3.93941641548E+01 2.31254545131E+00 4.23663273980E+01 1.65787337834E+00 
8.40000000000E+01 8.45000000000E+01 8.50000000000E+01 4.49831637749E+01 1.47689889655E+00 4.71785387688E+01 1.10331079676E+00 4.28421771219E+01 2.02933660210E+00 4.68688337788E+01 1.09894860367E+00 4.61262624057E+01 1.48524921844E+00 4.33315739430E+01 2.06321793757E+00 4.48945087078E+01 1.46485701872E+00 
8.50000000000E+01 8.55000000000E+01 8.60000000000E+01 5.61700137435E+01 1.49296831922E+00 5.36628433680E+01 1.11763277515E+00 5.63118015350E+01 2.10691308477E+00 5.32301556008E+01 1.11485270421E+00 5.59111080559E+01 1.48669395737E+00 5.88597837488E+01 2.05134240093E+00 5.39982192472E+01 1.51195287757E+00 
8.60000000000E+01 8.65000000000E+01 8.70000000000E+01 4.78806442382E+01 1.44447517234E+00 4.83546267302E+01 1.10483380851E+00 4.57747978324E+01 1.88090108571E+00 4.68611373468E+01 1.08053002108E+00 5.04381884464E+01 1.26575015402E+00 5.08063232274E+01 1.70644088550E+00 4.59575657634E+01 1.36977037561E+00 
8.70000000000E+01 8.75000000000E+01 8.80000000000E+01 4.48688348187E+01 1.17773859059E+00 4.45597679767E+01 9.10725199338E-01 4.86703685666E+01 1.52474074610E+00 4.44341886968E+01 9.01364754493E-01 4.60674011872E+01 1.15058055461E+00 4.52534184985E+01 1.55885033993E+00 4.73260596657E+01 1.15448476723E+00 
8.80000000000E+01 8.85000000000E+01 8.90000000000E+01 4.98863772618E+01 1.37392027488E+00 4.81573310460E+01 1.02649598851E+00 5.19092576870E+01 1.90794062153E+00 4.71140471756E+01 1.03882545378E+00 5.06990335367E+01 1.34704973985E+00 5.23198356149E+01 1.87562594157E+00 4.94259036294E+01 1.41112282230E+00 
8.90000000000E+01 8.95000000000E+01 9.00000000000E+01 3.57359318369E+01 1.40280441172E+00 3.61629816772E+01 1.04553966694E+00 3.58318113074E+01 1.97235975262E+00 3.66179763617E+01 1.06024902921E+00 3.59333237687E+01 1.38840349275E+00 3.46155142072E+01 1.94047063969E+00 3.70527528309E+01 1.43263412905E+00 
9.00000000000E+01 9.05000000000E+01 9.10000000000E+01 3.28875118141E+01 2.67533494376E+00 3.41912870272E+01 2.06948351626E+00 3.08110230168E+01 3.59532764824E+00 3.39877681462E+01 1.98879041352E+00 3.23543072085E+01 2.77117305393E+00 3.05771896422E+01 3.72332295903E+00 3.32699471450E+01 2.57745715535E+00 
9.10000000000E+01 9.15000000000E+01 9.20000000000E+01 4.51461877551E+01 1.94682833624E+00 4.39520190128E+01 1.48998133441E+00 3.98264060245E+01 2.12483707006E+00 4.28197110645E+01 1.46405984119E+00 4.60959856465E+01 1.97935242702E+00 4.68993770801E+01 2.68126155532E+00 4.03792146080E+01 1.54843269545E+00 
9.20000000000E+01 9.25000000000E+01 9.30000000000E+01 4.41292864287E+01 1.12794335689E+00 4.36128624225E+01 8.53472662614E-01 4.45889463571E+01 1.57840397287E+00 4.24750395647E+01 8.59438894758E-01 4.67096973548E+01 1.23240530463E+00 4.70157911528E+01 1.70114483504E+00 4.26671335993E+01 1.19397355498E+00 
9.30000000000E+01 9.35000000000E+01 9.40000000000E+01 3.85026946746E+01 1.24747629622E+00 3.75504528093E+01 9.38425218181E-01 4.00958191388E+01 1.71659012420E+00 3.72907615414E+01 9.51997082744E-01 3.85456380708E+01 1.23356106918E+00 3.86194942782E+01 1.70134983764E+00 3.85469585555E+01 1.26433551929E+00 
9.40000000000E+01 9.45000000000E+01 9.50000000000E+01 3.37058175480E+01 1.03652591892E+00 3.31428809393E+01 8.07661953099E-01 3.27836972357E+01 1.42879495468E+00 3.30609085039E+01 8.07697141426E-01 3.38816932675E+01 1.03227866201E+00 3.34007284228E+01 1.43433468061E+00 3.42246710549E+01 1.04911899587E+00 
9.50000000000E+01 9.55000000000E+01 9.60000000000E+01 4.12504779100E+01 1.10282151499E+00 4.02593636351E+01 8.52406483019E-01 4.46098046057E+01 1.48559618893E+00 3.99102265693E+01 8.49541336024E-01 4.15234339921E+01 1.10784865384E+00 4.42430073315E+01 1.49360377037E+00 4.14922767535E+01 1.07030347153E+00 
9.60000000000E+01 9.65000000000E+01 9.70000000000E+01 3.52725719983E+01 9.50222904674E-01 3.19961445918E+01 7.73479173065E-01 3.70076543125E+01 1.24659408964E+00 3.29195804766E+01 7.63131969612E-01 3.47579801083E+01 9.46720936015E-01 3.42927948888E+01 1.36666089935E+00 3.36729883054E+01 9.41455583304E-01 
9.70000000000E+01 9.75000000000E+01 9.80000000000E+01 3.34675820878E+01 7.85111098508E-01 3.39216686565E+01 6.76799453345E-01 3.52518126377E+01 1.15214353355E+00 3.38130099531E+01 6.57834345852E-01 3.34988874078E+01 8.03755629499E-01 3.54026622211E+01 1.17390844213E+00 3.34352450663E+01 7.80125120334E-01 
9.80000000000E+01 9.85000000000E+01 9.90000000000E+01 2.80189033322E+01 9.08034800478E-01 2.91944737016E+01 6.82924926703E-01 2.47370506291E+01 1.26148643741E+00 2.87081890004E+01 6.84777415568E-01 2.83609996579E+01 9.08158663840E-01 2.60602211347E+01 1.25972081536E+00 2.72065547203E+01 9.08604559127E-01 
9.90000000000E+01 9.95000000000E+01 1.00000000000E+02 3.06468488055E+01 9.30479308648E-01 2.94223422858E+01 6.96478624749E-01 3.10787691652E+01 1.21914363643E+00 2.94623956942E+01 6.93971634926E-01 3.05246867525E+01 9.33613346594E-01 3.13933989922E+01 1.22756827867E+00 3.12854366902E+01 9.12817520543E-01 
#nx: 3
