#labels: ptz__1p0__1p25_lower[1] ptz__1p0__1p25_center[2] ptz__1p0__1p25_upper[3] tot_scale01[4] tot_scale01_Err[5] tot_scale02[6] tot_scale02_Err[7] tot_scale03[8] tot_scale03_Err[9] tot_scale04[10] tot_scale04_Err[11] tot_scale05[12] tot_scale05_Err[13] tot_scale06[14] tot_scale06_Err[15] tot_scale07[16] tot_scale07_Err[17]
#neval: 862055662261
#overflow:lower center upper 1.37667463101E+03 6.27289367129E+00 1.37403138815E+03 4.15185863426E+00 1.35945467180E+03 8.77446445464E+00 1.36249728492E+03 4.65657891853E+00 1.39132513502E+03 5.58650017956E+00 1.36061357791E+03 8.76628730264E+00 1.37150610882E+03 6.17119151559E+00 
0.00000000000E+00 5.00000000000E-01 1.00000000000E+00 0.00000000000E+00 0.00000000000E+00 0.00000000000E+00 0.00000000000E+00 0.00000000000E+00 0.00000000000E+00 0.00000000000E+00 0.00000000000E+00 0.00000000000E+00 0.00000000000E+00 0.00000000000E+00 0.00000000000E+00 0.00000000000E+00 0.00000000000E+00 
1.00000000000E+00 1.50000000000E+00 2.00000000000E+00 -1.07544352382E+04 2.88522467353E+02 -7.83033544766E+03 2.55299161342E+02 -1.33191407333E+04 3.57696647242E+02 -5.78509855057E+03 2.14135101635E+02 -1.35320231301E+04 3.46854020252E+02 -1.59670212124E+04 4.02419461254E+02 -8.58767750393E+03 2.58117935226E+02 
2.00000000000E+00 2.50000000000E+00 3.00000000000E+00 2.84107298906E+03 1.68720204539E+02 3.96430479749E+03 1.37102918969E+02 1.61452527129E+03 2.10341685071E+02 4.57389300593E+03 1.25255234836E+02 1.88550056118E+03 1.84471787311E+02 7.53888355003E+02 2.34525772428E+02 3.49302279329E+03 1.51626911265E+02 
3.00000000000E+00 3.50000000000E+00 4.00000000000E+00 4.86501281545E+03 8.49148404906E+01 5.62149102727E+03 6.94319827377E+01 4.21423473611E+03 1.06700966693E+02 5.75362149984E+03 6.34334325452E+01 4.59001929321E+03 9.29313434767E+01 3.82903153837E+03 1.18355131582E+02 5.06477870055E+03 7.71242449158E+01 
4.00000000000E+00 4.50000000000E+00 5.00000000000E+00 3.78135319393E+03 9.19592618193E+01 4.45094720005E+03 7.49393228795E+01 3.03583214607E+03 1.16334382859E+02 4.54809531103E+03 6.84521059999E+01 3.56102253485E+03 1.00693137709E+02 2.67809930008E+03 1.27942133835E+02 3.93566975728E+03 8.34198554999E+01 
5.00000000000E+00 5.50000000000E+00 6.00000000000E+00 4.47296708249E+03 5.60302240238E+01 4.77886963241E+03 4.60597321873E+01 4.07622781373E+03 7.04537907924E+01 4.77323990074E+03 4.20062616078E+01 4.38137152936E+03 6.10559030474E+01 4.03042428288E+03 7.82134023279E+01 4.40087323222E+03 5.02918838103E+01 
6.00000000000E+00 6.50000000000E+00 7.00000000000E+00 4.06269271924E+03 5.15606105970E+01 4.31319421232E+03 4.31120906001E+01 3.88175917753E+03 6.51763682890E+01 4.26511545710E+03 3.87690153770E+01 4.04316563298E+03 5.71632390464E+01 3.78980610613E+03 7.18189699358E+01 4.09225713207E+03 4.69587179907E+01 
7.00000000000E+00 7.50000000000E+00 8.00000000000E+00 3.34489284855E+03 4.78063744102E+01 3.57950711549E+03 3.84382438599E+01 3.13091072893E+03 5.43360602087E+01 3.53332428015E+03 3.55743463356E+01 3.31767804076E+03 5.17775621752E+01 3.03684117422E+03 6.65733888381E+01 3.35980161972E+03 3.90101593722E+01 
8.00000000000E+00 8.50000000000E+00 9.00000000000E+00 3.22672073286E+03 5.02056456087E+01 3.36489102465E+03 4.05673435040E+01 3.14611436216E+03 5.58170706792E+01 3.31726515204E+03 3.73593194901E+01 3.22858356306E+03 5.44964358052E+01 3.05800233247E+03 6.98352649488E+01 3.25147799466E+03 4.00483727280E+01 
9.00000000000E+00 9.50000000000E+00 1.00000000000E+01 3.08460218684E+03 3.51761234047E+01 3.15180849246E+03 2.88719034168E+01 2.93101271172E+03 4.41412505201E+01 3.09984759088E+03 2.62023186459E+01 3.09673598836E+03 3.88054613214E+01 2.97980543584E+03 4.82581974552E+01 2.99404592122E+03 3.21836790036E+01 
1.00000000000E+01 1.05000000000E+01 1.10000000000E+01 2.52028534446E+03 3.59333741351E+01 2.58575002751E+03 2.87087171349E+01 2.45643136242E+03 4.50123113247E+01 2.58367605526E+03 2.67965829371E+01 2.48334053205E+03 3.84736677289E+01 2.38676799013E+03 5.00016722447E+01 2.54088457683E+03 3.22768561089E+01 
1.10000000000E+01 1.15000000000E+01 1.20000000000E+01 2.43278053492E+03 2.54936096532E+01 2.53234160740E+03 2.08049567711E+01 2.48773531683E+03 4.24576527333E+01 2.46323250784E+03 1.89648285015E+01 2.51033794681E+03 2.78615957993E+01 2.37891881261E+03 3.54809287707E+01 2.46691230875E+03 3.04620176253E+01 
1.20000000000E+01 1.25000000000E+01 1.30000000000E+01 2.37195716426E+03 2.85908798538E+01 2.39174997250E+03 2.30989748691E+01 2.39229476129E+03 3.77117108766E+01 2.32747866578E+03 2.12649692005E+01 2.42531780930E+03 3.10198618755E+01 2.40253838788E+03 3.97967393656E+01 2.33216185828E+03 2.70768815077E+01 
1.30000000000E+01 1.35000000000E+01 1.40000000000E+01 2.08584533775E+03 6.33566841347E+01 2.09980834299E+03 4.54162135310E+01 2.19639337747E+03 9.09870828603E+01 2.06425218977E+03 4.70807253939E+01 2.09756927488E+03 6.12004316776E+01 2.10088505350E+03 8.83525439934E+01 2.13115519942E+03 6.51720854135E+01 
1.40000000000E+01 1.45000000000E+01 1.50000000000E+01 1.67457072298E+03 4.75111782087E+01 1.77520001158E+03 3.49296118354E+01 1.55645037576E+03 6.66248160130E+01 1.72213667528E+03 3.52046109629E+01 1.72487818313E+03 4.70540115147E+01 1.58070787923E+03 6.63350502405E+01 1.62512111201E+03 4.77766751404E+01 
1.50000000000E+01 1.55000000000E+01 1.60000000000E+01 1.80600604858E+03 2.09327631264E+01 1.77699904274E+03 1.62321528778E+01 1.79876371181E+03 2.61945171271E+01 1.76695111269E+03 1.56368448184E+01 1.78904767566E+03 2.16912118308E+01 1.82990644434E+03 2.90715755098E+01 1.76170595393E+03 1.87946660843E+01 
1.60000000000E+01 1.65000000000E+01 1.70000000000E+01 1.52371842104E+03 1.78308600925E+01 1.54511952185E+03 1.36717817457E+01 1.51386601763E+03 2.31930425109E+01 1.52383285115E+03 1.33135439886E+01 1.52791401341E+03 1.82734110588E+01 1.51100886883E+03 2.48254371061E+01 1.50949869450E+03 1.67626139954E+01 
1.70000000000E+01 1.75000000000E+01 1.80000000000E+01 1.41746040163E+03 2.15853853331E+01 1.45946732373E+03 1.67885105946E+01 1.43650912525E+03 2.65706265550E+01 1.41015523828E+03 1.60173317875E+01 1.46107378240E+03 2.26254417826E+01 1.43914082918E+03 2.96604216255E+01 1.39741487178E+03 1.92441512189E+01 
1.80000000000E+01 1.85000000000E+01 1.90000000000E+01 1.20862269144E+03 1.46063037923E+01 1.23788486489E+03 1.22918529857E+01 1.15422958244E+03 1.88589902595E+01 1.22796755036E+03 1.08883886067E+01 1.20211222391E+03 1.64871059124E+01 1.15377572160E+03 2.03526211071E+01 1.19279350430E+03 1.35245583389E+01 
1.90000000000E+01 1.95000000000E+01 2.00000000000E+01 1.38697172204E+03 1.94793513192E+01 1.34785139656E+03 1.59070611504E+01 1.40596434145E+03 2.44804186863E+01 1.33191509275E+03 1.44829255186E+01 1.38782316228E+03 2.13857754680E+01 1.44096526693E+03 2.71918181493E+01 1.34316521580E+03 1.75572111659E+01 
2.00000000000E+01 2.05000000000E+01 2.10000000000E+01 1.21575495945E+03 1.38814149525E+01 1.21098081204E+03 1.12887033202E+01 1.20479300920E+03 1.72472874790E+01 1.18950382487E+03 1.03723917956E+01 1.23007678619E+03 1.50919518681E+01 1.22989595795E+03 1.92712833920E+01 1.16377901608E+03 1.20238187354E+01 
2.10000000000E+01 2.15000000000E+01 2.20000000000E+01 1.08913829576E+03 3.44835251172E+01 1.09347791859E+03 2.64404351406E+01 1.08478213017E+03 4.58497116466E+01 1.07457276271E+03 2.56096231543E+01 1.09851653874E+03 3.55994102960E+01 1.09139316451E+03 4.80645924011E+01 1.07874193381E+03 3.28951727001E+01 
2.20000000000E+01 2.25000000000E+01 2.30000000000E+01 1.01732455206E+03 1.06973726743E+01 1.02140479742E+03 8.41433184114E+00 1.04135917516E+03 1.44817321334E+01 1.00413685950E+03 8.18135174401E+00 1.03458091998E+03 1.12077545947E+01 1.02251359950E+03 1.46526609987E+01 1.00726462335E+03 1.02789407554E+01 
2.30000000000E+01 2.35000000000E+01 2.40000000000E+01 1.01457577079E+03 1.13322257066E+01 1.00748680140E+03 9.25938497243E+00 1.05315394732E+03 1.55871919821E+01 9.82424765887E+02 8.43816685014E+00 1.02987494457E+03 1.23792415443E+01 1.04713615302E+03 1.56897799490E+01 1.00888213321E+03 1.12112145662E+01 
2.40000000000E+01 2.45000000000E+01 2.50000000000E+01 8.13792477482E+02 1.14165929240E+01 8.41410793593E+02 9.01906975146E+00 8.09910765056E+02 1.45854230571E+01 8.18697879843E+02 8.58596423661E+00 8.33066775774E+02 1.20460096433E+01 8.01421018715E+02 1.57104070455E+01 8.13727595508E+02 1.04943553936E+01 
2.50000000000E+01 2.55000000000E+01 2.60000000000E+01 7.52242279292E+02 1.30912736588E+01 7.77189308593E+02 1.02368972107E+01 7.12700621118E+02 1.67550751014E+01 7.58483313352E+02 9.75769739974E+00 7.70540967588E+02 1.37087907971E+01 7.25901738364E+02 1.82044930654E+01 7.36425288424E+02 1.20358819693E+01 
2.60000000000E+01 2.65000000000E+01 2.70000000000E+01 8.93598054220E+02 1.62155866226E+01 8.60233547178E+02 1.29972135714E+01 9.56254208497E+02 2.03305831931E+01 8.48457445308E+02 1.20469268436E+01 8.97479126874E+02 1.74605471603E+01 9.43954824788E+02 2.25807944604E+01 8.93662732717E+02 1.46035535113E+01 
2.70000000000E+01 2.75000000000E+01 2.80000000000E+01 7.42387009409E+02 9.50547610335E+00 7.44732533617E+02 7.53125525409E+00 7.55851124026E+02 1.24812834862E+01 7.28643400681E+02 7.06951796570E+00 7.59432962756E+02 1.00854153869E+01 7.49616006744E+02 1.31518919218E+01 7.36377279733E+02 8.99543768660E+00 
2.80000000000E+01 2.85000000000E+01 2.90000000000E+01 6.79582664902E+02 1.06957506230E+01 6.85977731186E+02 8.38793479757E+00 7.02630729487E+02 1.45296211013E+01 6.74680196245E+02 8.02551059043E+00 6.94216019942E+02 1.12381066520E+01 6.84777623382E+02 1.48571449156E+01 6.97567365170E+02 1.01483277590E+01 
2.90000000000E+01 2.95000000000E+01 3.00000000000E+01 6.79257878075E+02 7.54578638589E+00 6.73488422821E+02 5.89943250760E+00 6.93776938866E+02 9.72531545575E+00 6.61550206130E+02 5.59787686102E+00 6.90603928160E+02 7.89775582302E+00 6.96766929487E+02 1.05162308883E+01 6.73200643274E+02 7.09897715379E+00 
3.00000000000E+01 3.05000000000E+01 3.10000000000E+01 6.21801950637E+02 7.60229497578E+00 6.21688419417E+02 6.09482065986E+00 6.47176763121E+02 9.50933577818E+00 6.08591352267E+02 5.68032034463E+00 6.31053623219E+02 8.14962784069E+00 6.35818850819E+02 1.03999515446E+01 6.23595660327E+02 6.93511914356E+00 
3.10000000000E+01 3.15000000000E+01 3.20000000000E+01 5.61562806259E+02 8.05394752118E+00 5.75710686909E+02 6.45024983833E+00 5.62136976494E+02 1.03731659679E+01 5.57079081566E+02 6.01070987428E+00 5.80393018068E+02 8.65642514239E+00 5.61881517149E+02 1.11873360662E+01 5.56710526370E+02 7.45113153754E+00 
3.20000000000E+01 3.25000000000E+01 3.30000000000E+01 5.60115723888E+02 1.34693509357E+01 5.54733667826E+02 1.07984107172E+01 5.67555622248E+02 1.70522953522E+01 5.43595313229E+02 1.00187476585E+01 5.67221299862E+02 1.44890773145E+01 5.77657997745E+02 1.86737142256E+01 5.47948821307E+02 1.23023264837E+01 
3.30000000000E+01 3.35000000000E+01 3.40000000000E+01 5.19984344295E+02 9.76764773383E+00 5.25518475776E+02 7.82214875678E+00 4.82570891728E+02 1.20722067609E+01 5.11156774805E+02 7.29080981863E+00 5.33992306248E+02 1.04745415185E+01 5.20617293451E+02 1.35286056901E+01 4.82770722546E+02 8.66775476346E+00 
3.40000000000E+01 3.45000000000E+01 3.50000000000E+01 5.17616797669E+02 1.42135230091E+01 5.15225115910E+02 1.11763252401E+01 5.36202138407E+02 1.84145061736E+01 5.03695747755E+02 1.05177725061E+01 5.29511774094E+02 1.50811952435E+01 5.42509688478E+02 1.98040963583E+01 5.20381131971E+02 1.31391892835E+01 
3.50000000000E+01 3.55000000000E+01 3.60000000000E+01 5.15513686908E+02 7.20174164525E+00 4.97731779239E+02 5.76536643864E+00 5.16007759892E+02 9.63459636825E+00 4.91393205220E+02 5.40866992221E+00 5.13842882411E+02 7.66549251852E+00 5.37886717003E+02 1.00155215549E+01 4.94391605375E+02 6.93826107592E+00 
3.60000000000E+01 3.65000000000E+01 3.70000000000E+01 4.33307223254E+02 6.96340039464E+00 4.36845359915E+02 5.53135192678E+00 4.26732890055E+02 9.11855130449E+00 4.28080789468E+02 5.22114068755E+00 4.36194860028E+02 7.40757105386E+00 4.30105874966E+02 9.65301044405E+00 4.26529240403E+02 6.57175109480E+00 
3.70000000000E+01 3.75000000000E+01 3.80000000000E+01 3.65292738140E+02 6.22868161070E+00 3.82782215296E+02 4.86986564504E+00 3.68420373256E+02 8.08298181120E+00 3.75527234209E+02 4.59742666003E+00 3.63816838688E+02 6.52590735685E+00 3.61826794998E+02 8.30452787566E+00 3.73229461321E+02 5.84119889012E+00 
3.80000000000E+01 3.85000000000E+01 3.90000000000E+01 4.12804560134E+02 6.91173688065E+00 4.10906402591E+02 5.50435268880E+00 4.32047625710E+02 9.09939626898E+00 4.00365469751E+02 5.12522576757E+00 4.17025816020E+02 7.34436258947E+00 4.25313712037E+02 9.74378308962E+00 4.15620142920E+02 6.48536678775E+00 
3.90000000000E+01 3.95000000000E+01 4.00000000000E+01 3.66142344473E+02 5.47543251710E+00 3.61504602256E+02 4.32524413429E+00 3.61517101706E+02 7.07627148170E+00 3.63276246987E+02 4.11893127770E+00 3.61032193922E+02 5.78259253026E+00 3.66445144847E+02 7.63460114815E+00 3.61682777135E+02 5.08972251159E+00 
4.00000000000E+01 4.05000000000E+01 4.10000000000E+01 3.73322964389E+02 5.52388367567E+00 3.67103813831E+02 4.39561674676E+00 3.71690990425E+02 6.85308688520E+00 3.62452996409E+02 4.20323401969E+00 3.74422412737E+02 5.75685184862E+00 3.78073339859E+02 7.54131976735E+00 3.63862077603E+02 5.01744760638E+00 
4.10000000000E+01 4.15000000000E+01 4.20000000000E+01 3.72658263652E+02 6.00863104718E+00 3.59317377161E+02 4.83450237144E+00 3.76355094559E+02 7.64774878068E+00 3.57379222689E+02 4.50645767863E+00 3.70912888833E+02 6.44342372643E+00 3.89787223264E+02 8.21617503059E+00 3.65087675537E+02 5.52130628676E+00 
4.20000000000E+01 4.25000000000E+01 4.30000000000E+01 3.66091565708E+02 4.33642039705E+00 3.51860726130E+02 3.48060610286E+00 3.85586093424E+02 5.65925461190E+00 3.47658914536E+02 3.31009599772E+00 3.65525219842E+02 4.62209033825E+00 3.76260593708E+02 6.05455762295E+00 3.60599934634E+02 4.13329679402E+00 
4.30000000000E+01 4.35000000000E+01 4.40000000000E+01 2.82952144851E+02 5.02523982546E+00 2.97867546160E+02 4.45290183383E+00 2.82466869226E+02 6.42130114892E+00 2.81476752706E+02 3.78609409206E+00 3.00551931307E+02 5.92934071636E+00 2.72354966672E+02 6.92337680979E+00 2.88120383843E+02 4.60456578446E+00 
4.40000000000E+01 4.45000000000E+01 4.50000000000E+01 3.33710630165E+02 4.68200163498E+00 3.19566632734E+02 3.55329723696E+00 3.44663800525E+02 6.13843114723E+00 3.20773909684E+02 3.53776136559E+00 3.30769360469E+02 4.69951429885E+00 3.48012617583E+02 6.45643511695E+00 3.28536040751E+02 4.45062344795E+00 
4.50000000000E+01 4.55000000000E+01 4.60000000000E+01 2.89324587579E+02 4.28769203197E+00 2.91121328289E+02 3.13592361112E+00 2.93464493688E+02 5.73543506361E+00 2.83229490197E+02 3.20905098348E+00 2.91659338126E+02 4.41916323653E+00 2.90436584850E+02 5.97211061575E+00 2.88853690502E+02 4.12727555071E+00 
4.60000000000E+01 4.65000000000E+01 4.70000000000E+01 3.08916359563E+02 4.80659451919E+00 2.95502007580E+02 3.65369099914E+00 3.24198337241E+02 6.31900147125E+00 2.94888529771E+02 3.54408214706E+00 3.06038688527E+02 4.89047611234E+00 3.24445472288E+02 6.66236051649E+00 3.06022507063E+02 4.55904209037E+00 
4.70000000000E+01 4.75000000000E+01 4.80000000000E+01 3.14270006236E+02 6.50543383933E+00 3.03434329174E+02 5.08400866978E+00 3.21949283733E+02 8.56193890859E+00 2.96308481618E+02 4.80905619532E+00 3.18867079309E+02 6.79639994730E+00 3.36628893639E+02 9.06135339941E+00 3.05058346586E+02 6.14212751549E+00 
4.80000000000E+01 4.85000000000E+01 4.90000000000E+01 2.66298370116E+02 3.57221831909E+00 2.59674060123E+02 2.75596746589E+00 2.75732345483E+02 4.69124297074E+00 2.56649748699E+02 2.67096469429E+00 2.67437761550E+02 3.68673886819E+00 2.76630590829E+02 4.94600851558E+00 2.62821651991E+02 3.40741495283E+00 
4.90000000000E+01 4.95000000000E+01 5.00000000000E+01 2.53773137119E+02 3.55046273328E+00 2.48781989188E+02 2.79802531629E+00 2.57699756997E+02 4.69225341990E+00 2.46206984576E+02 2.67600419713E+00 2.55777566497E+02 3.69090871914E+00 2.59251267783E+02 5.00739715271E+00 2.51682073338E+02 3.34877858620E+00 
5.00000000000E+01 5.05000000000E+01 5.10000000000E+01 2.26636743059E+02 3.76529617753E+00 2.25768472918E+02 3.00088230183E+00 2.32057238708E+02 4.73531452000E+00 2.23402208132E+02 2.86514691762E+00 2.29372710745E+02 3.97366389066E+00 2.31200305936E+02 5.22236054539E+00 2.27401949544E+02 3.43580853035E+00 
5.10000000000E+01 5.15000000000E+01 5.20000000000E+01 1.99517411671E+02 5.14424124383E+00 2.02648630867E+02 4.00087369714E+00 2.05659202385E+02 7.03587198140E+00 1.98509256465E+02 3.82116027871E+00 1.97184114623E+02 5.29945794037E+00 1.94270108942E+02 7.17124955517E+00 2.08181920856E+02 5.05647086818E+00 
5.20000000000E+01 5.25000000000E+01 5.30000000000E+01 2.46475942729E+02 3.77029768326E+00 2.34200973697E+02 2.97068496428E+00 2.61508548978E+02 5.06806638513E+00 2.33333191197E+02 2.81657637729E+00 2.46508820562E+02 3.97928830638E+00 2.62543109192E+02 5.29407951000E+00 2.45473725605E+02 3.62762720628E+00 
5.30000000000E+01 5.35000000000E+01 5.40000000000E+01 1.77819022454E+02 4.07710278573E+00 1.83889815516E+02 3.25458051438E+00 1.69742785757E+02 5.38107908377E+00 1.78852672835E+02 3.05291934693E+00 1.82471995559E+02 4.28653802168E+00 1.71735383614E+02 5.65733445132E+00 1.76009699236E+02 3.87495786171E+00 
5.40000000000E+01 5.45000000000E+01 5.50000000000E+01 2.05691717613E+02 2.73238470406E+00 2.00613814245E+02 2.15082315159E+00 2.08688960308E+02 3.55622772333E+00 1.99253876085E+02 2.07386690512E+00 2.05814522373E+02 2.83285099460E+00 2.10307484311E+02 3.75303233190E+00 2.00781416940E+02 2.63755123167E+00 
5.50000000000E+01 5.55000000000E+01 5.60000000000E+01 3.06809130802E+02 2.21105566373E+01 2.73841385572E+02 1.68313472204E+01 3.40300578403E+02 2.96615994943E+01 2.70839827020E+02 1.64201066073E+01 3.10453029601E+02 2.26629534992E+01 3.55849338725E+02 3.08291901042E+01 2.93996581138E+02 2.12700656052E+01 
5.60000000000E+01 5.65000000000E+01 5.70000000000E+01 1.80272341475E+02 3.20864767654E+00 1.76069325759E+02 2.50589002065E+00 1.83507888146E+02 4.28412789514E+00 1.76017744749E+02 2.41908570996E+00 1.79042040416E+02 3.32364033126E+00 1.85745696177E+02 4.42398587128E+00 1.79850621825E+02 3.09085381048E+00 
5.70000000000E+01 5.75000000000E+01 5.80000000000E+01 1.62239651176E+02 4.75874689411E+00 1.77729931533E+02 2.26557766313E+00 1.69498920048E+02 6.27970090442E+00 1.62283688151E+02 3.54878857081E+00 1.82676524940E+02 2.97836850070E+00 1.60345214028E+02 6.61461897079E+00 1.66378057865E+02 4.51242829724E+00 
5.80000000000E+01 5.85000000000E+01 5.90000000000E+01 1.48489202540E+02 4.09165910648E+00 1.49154156403E+02 3.14040464550E+00 1.54666128592E+02 5.69218068649E+00 1.46457736356E+02 3.04342792830E+00 1.48664180272E+02 4.19541982360E+00 1.44796316365E+02 5.67686778095E+00 1.54702179632E+02 4.11614280299E+00 
5.90000000000E+01 5.95000000000E+01 6.00000000000E+01 1.36438942896E+02 3.25251546574E+00 1.40710249939E+02 2.53787680197E+00 1.28108090246E+02 4.30937018428E+00 1.39373807891E+02 2.44443522903E+00 1.38921431628E+02 3.37971560771E+00 1.29456081741E+02 4.53381861996E+00 1.34412820209E+02 3.08705613308E+00 
6.00000000000E+01 6.05000000000E+01 6.10000000000E+01 1.50809595859E+02 2.64767993161E+00 1.48919060425E+02 1.97122031645E+00 1.56280053472E+02 3.49639708505E+00 1.47370545937E+02 1.99090813776E+00 1.47267051951E+02 2.85527666139E+00 1.44963473030E+02 3.97727609201E+00 1.51034983668E+02 2.52751642884E+00 
6.10000000000E+01 6.15000000000E+01 6.20000000000E+01 1.45329444059E+02 2.50370516640E+00 1.42435315978E+02 1.83025363375E+00 1.41273398902E+02 3.38303507255E+00 1.41057875989E+02 1.77736323058E+00 1.45717593834E+02 2.57000874582E+00 1.46763981631E+02 3.49389928273E+00 1.40760726397E+02 2.41982472028E+00 
6.20000000000E+01 6.25000000000E+01 6.30000000000E+01 1.27510961721E+02 2.87499150209E+00 1.25023955436E+02 2.25052517009E+00 1.32970422877E+02 3.85388017031E+00 1.26650730684E+02 2.15215109977E+00 1.23201600905E+02 2.99255067705E+00 1.22969895919E+02 3.97606094513E+00 1.33832704211E+02 2.78310598716E+00 
6.30000000000E+01 6.35000000000E+01 6.40000000000E+01 1.31179497299E+02 2.52270198824E+00 1.31706996024E+02 2.08502320915E+00 1.26549830859E+02 3.25870436959E+00 1.29341769688E+02 1.90635185367E+00 1.32469244707E+02 2.76890962643E+00 1.30780441200E+02 3.47014189749E+00 1.28366304736E+02 2.36072531857E+00 
6.40000000000E+01 6.45000000000E+01 6.50000000000E+01 1.39064824841E+02 2.48962348465E+00 1.36417656129E+02 2.00719243294E+00 1.46142385031E+02 3.05309963701E+00 1.32993133424E+02 1.74569796984E+00 1.39518141914E+02 2.64902430972E+00 1.41483675607E+02 3.43375408611E+00 1.43130086948E+02 2.20911267950E+00 
6.50000000000E+01 6.55000000000E+01 6.60000000000E+01 1.44092218411E+02 2.16374511706E+00 1.39193697321E+02 1.80377546673E+00 1.57855280524E+02 2.86120548444E+00 1.36510011856E+02 1.67602601332E+00 1.46316449272E+02 2.50838165469E+00 1.50682763311E+02 3.20391760601E+00 1.45123708531E+02 2.07683479287E+00 
6.60000000000E+01 6.65000000000E+01 6.70000000000E+01 1.29253864290E+02 2.39141809118E+00 1.26604568990E+02 1.87122732014E+00 1.33234649233E+02 3.16268425120E+00 1.24699059276E+02 1.79281581985E+00 1.31661047063E+02 2.48650354087E+00 1.34443391574E+02 3.27618189707E+00 1.27668813766E+02 2.28866426758E+00 
6.70000000000E+01 6.75000000000E+01 6.80000000000E+01 1.12961783272E+02 2.08292245045E+00 1.11981727863E+02 1.61393140124E+00 1.12976080127E+02 2.74127460819E+00 1.12735753902E+02 1.55398790141E+00 1.15210242812E+02 2.10925184437E+00 1.11873480241E+02 2.87965961942E+00 1.12378343460E+02 1.99927378374E+00 
6.80000000000E+01 6.85000000000E+01 6.90000000000E+01 9.08569881065E+01 2.47696491675E+00 9.55618508861E+01 1.90064937536E+00 8.49012905425E+01 3.33519626797E+00 9.38428241898E+01 1.85580161582E+00 9.27610890466E+01 2.53605700035E+00 8.43198421803E+01 3.44455412784E+00 9.09225890590E+01 2.40084190773E+00 
6.90000000000E+01 6.95000000000E+01 7.00000000000E+01 1.09233490593E+02 1.55468867694E+00 1.05219905508E+02 1.22410178221E+00 1.07406919388E+02 1.95294353793E+00 1.05676629162E+02 1.18958379665E+00 1.07596588101E+02 1.59766386693E+00 1.12967158934E+02 2.15279508042E+00 1.07710261221E+02 1.48084127157E+00 
7.00000000000E+01 7.05000000000E+01 7.10000000000E+01 1.01532994842E+02 1.74373175512E+00 1.02773084780E+02 1.33308647883E+00 9.72061178415E+01 2.82546025003E+00 1.00209851297E+02 1.29927117292E+00 1.04604719901E+02 1.78774805355E+00 1.02648660633E+02 2.41191774482E+00 1.02830485536E+02 1.70484050200E+00 
7.10000000000E+01 7.15000000000E+01 7.20000000000E+01 9.23339483211E+01 3.35017509861E+00 1.04422042349E+02 1.52479480980E+00 9.69855633431E+01 4.57237888906E+00 1.01443450217E+02 1.49402203169E+00 1.08911983213E+02 2.01498344683E+00 9.13983195045E+01 4.75870213444E+00 9.65346604500E+01 3.21875011471E+00 
7.20000000000E+01 7.25000000000E+01 7.30000000000E+01 9.64481392431E+01 5.82183056374E+00 9.52512764717E+01 4.29071748467E+00 9.67763207442E+01 7.98315331030E+00 9.44731742374E+01 4.15895932091E+00 9.67205586433E+01 6.01163733485E+00 9.66674363055E+01 8.43210310613E+00 9.59799496830E+01 5.51803131266E+00 
7.30000000000E+01 7.35000000000E+01 7.40000000000E+01 1.13121198801E+02 5.09311876098E+00 1.06441889326E+02 3.73250707254E+00 1.18565344660E+02 7.06097569472E+00 1.05981506626E+02 3.63713056681E+00 1.14570658744E+02 5.24336224262E+00 1.24401931196E+02 7.40475544113E+00 1.07936383857E+02 4.86664102300E+00 
7.40000000000E+01 7.45000000000E+01 7.50000000000E+01 9.77236077630E+01 1.78417796667E+00 9.54235161568E+01 1.38893032846E+00 9.92587560704E+01 2.44703996586E+00 9.42036056739E+01 1.33979568175E+00 9.77094191363E+01 1.92295991039E+00 9.85474777463E+01 2.58112969847E+00 9.69055481320E+01 1.67288017116E+00 
7.50000000000E+01 7.55000000000E+01 7.60000000000E+01 8.40146306248E+01 1.85911875374E+00 8.03886040228E+01 1.40271921622E+00 8.87250083493E+01 2.30631267299E+00 8.12640579551E+01 1.40823379876E+00 8.14849041896E+01 1.87229882464E+00 8.84077391902E+01 2.70049556578E+00 8.69150202784E+01 1.70031824615E+00 
7.60000000000E+01 7.65000000000E+01 7.70000000000E+01 8.20126564777E+01 1.89460846563E+00 8.02788509893E+01 1.56643049562E+00 8.39630264307E+01 2.52804610494E+00 8.05275056071E+01 1.42415080114E+00 8.12313092944E+01 2.08566822996E+00 8.19739159962E+01 2.83841963298E+00 8.26574368904E+01 1.82207269984E+00 
7.70000000000E+01 7.75000000000E+01 7.80000000000E+01 7.83774670217E+01 1.61455852958E+00 7.72096248768E+01 1.14984335873E+00 7.75541684963E+01 2.19868739098E+00 7.68338130929E+01 1.21086225586E+00 7.80862491187E+01 1.53338359930E+00 8.00856768003E+01 2.26977617504E+00 7.83583219698E+01 1.58757550895E+00 
7.80000000000E+01 7.85000000000E+01 7.90000000000E+01 7.63738009797E+01 2.20935473326E+00 7.86542289627E+01 1.31052257262E+00 8.07868827291E+01 3.05855351952E+00 7.50762684158E+01 1.65476113201E+00 7.52759401871E+01 2.16927476317E+00 7.64659601503E+01 3.03708363132E+00 7.87181967547E+01 2.21680073511E+00 
7.90000000000E+01 7.95000000000E+01 8.00000000000E+01 8.22755703724E+01 1.56823193565E+00 7.80666596072E+01 1.21854109198E+00 8.20734807380E+01 2.02877874214E+00 7.86127464460E+01 1.20364232632E+00 8.11479092153E+01 1.59053122490E+00 8.66024749164E+01 2.12629537877E+00 7.90227378323E+01 1.49263214847E+00 
8.00000000000E+01 8.05000000000E+01 8.10000000000E+01 6.79736731453E+01 1.46228937890E+00 6.92220182879E+01 1.12565614025E+00 5.98195112670E+01 2.08943736115E+00 6.83238148517E+01 1.10039370153E+00 6.80914017494E+01 1.49833047631E+00 6.41102679960E+01 2.00947006769E+00 6.40239513420E+01 1.52569844334E+00 
8.10000000000E+01 8.15000000000E+01 8.20000000000E+01 6.30734436153E+01 1.48749559349E+00 6.34894608013E+01 1.11936369549E+00 6.53528590699E+01 2.07364993584E+00 6.19554650026E+01 1.08669041184E+00 6.23255850716E+01 1.46706560359E+00 6.21410138160E+01 2.08528816318E+00 6.49031931563E+01 1.47742640114E+00 
8.20000000000E+01 8.25000000000E+01 8.30000000000E+01 6.88831435007E+01 2.17377171609E+00 6.65008693073E+01 1.59133343845E+00 7.07615186681E+01 2.94168481143E+00 6.69326353067E+01 1.61740272112E+00 6.79753509929E+01 2.14034868347E+00 6.66908802516E+01 2.98791521823E+00 6.87759289959E+01 2.10676151855E+00 
8.30000000000E+01 8.35000000000E+01 8.40000000000E+01 5.78437872892E+01 1.51845997234E+00 5.92099033568E+01 1.14425331298E+00 5.36689905678E+01 2.16817939635E+00 5.84783568973E+01 1.12753067283E+00 5.80779333404E+01 1.51330391323E+00 5.38005859858E+01 2.17034514894E+00 5.62928499586E+01 1.53666007816E+00 
8.40000000000E+01 8.45000000000E+01 8.50000000000E+01 5.96295290950E+01 1.43323370756E+00 6.16757318379E+01 1.14044431275E+00 5.70868188558E+01 2.03170491657E+00 6.05546565736E+01 1.13053999932E+00 6.10308698045E+01 1.43228312308E+00 5.90824371169E+01 2.00630267610E+00 5.79677577752E+01 1.45186026494E+00 
8.50000000000E+01 8.55000000000E+01 8.60000000000E+01 6.96161797981E+01 1.40856589999E+00 6.38329025215E+01 1.05063092415E+00 6.95195154232E+01 1.99483880144E+00 6.56296936237E+01 1.07159158598E+00 6.76362196260E+01 1.38434689272E+00 7.26147211060E+01 1.97063890817E+00 6.85032363826E+01 1.37643578641E+00 
8.60000000000E+01 8.65000000000E+01 8.70000000000E+01 6.55777370379E+01 1.53827717036E+00 5.92215986026E+01 1.03578225830E+00 6.89639055758E+01 2.07700979381E+00 6.26148291250E+01 1.15055616226E+00 6.11350045684E+01 1.38025945544E+00 6.93807963044E+01 2.13704031494E+00 6.53903527429E+01 1.49853258291E+00 
8.70000000000E+01 8.75000000000E+01 8.80000000000E+01 6.19845901463E+01 1.09959757621E+00 6.04003264984E+01 8.83453578805E-01 6.44633512238E+01 1.55346947417E+00 5.96766755234E+01 8.64007183000E-01 6.27406239481E+01 1.17072157243E+00 6.53973344121E+01 1.62761009286E+00 6.33162792911E+01 1.12662392643E+00 
8.80000000000E+01 8.85000000000E+01 8.90000000000E+01 5.10597649875E+01 1.50899438193E+00 5.20849511581E+01 1.14372119560E+00 5.07636457862E+01 2.03161865144E+00 5.11330682707E+01 1.11070405329E+00 5.28548716322E+01 1.52227644119E+00 4.99176461477E+01 2.10984693189E+00 5.09311988979E+01 1.45545838137E+00 
8.90000000000E+01 8.95000000000E+01 9.00000000000E+01 3.89551474230E+01 1.48870686009E+00 4.21121178785E+01 1.15376671599E+00 3.53855229404E+01 1.96683311110E+00 4.11147960799E+01 1.11184599424E+00 4.04300540337E+01 1.54369211138E+00 3.43157157722E+01 2.07078068363E+00 3.84570502532E+01 1.40081683447E+00 
9.00000000000E+01 9.05000000000E+01 9.10000000000E+01 5.28826535310E+01 1.28091360049E+00 5.11996292551E+01 1.00524940537E+00 5.47953052193E+01 1.63316172333E+00 5.13367097956E+01 9.69878689374E-01 5.24473825803E+01 1.32982227078E+00 5.21489527211E+01 1.72401195463E+00 5.31249263041E+01 1.18500732114E+00 
9.10000000000E+01 9.15000000000E+01 9.20000000000E+01 5.74146662732E+01 1.68959840704E+00 5.67780693502E+01 1.28280351063E+00 6.01833860852E+01 2.28433745585E+00 5.46284983718E+01 1.27145593306E+00 5.99710922005E+01 1.70135662571E+00 6.04149517437E+01 2.33009409334E+00 5.81329957945E+01 1.64774396139E+00 
9.20000000000E+01 9.25000000000E+01 9.30000000000E+01 5.25714925012E+01 2.39929259817E+00 4.97362748533E+01 1.86229146042E+00 5.31476505404E+01 3.20804848297E+00 5.05338070373E+01 1.79938298945E+00 5.37087153598E+01 2.49946159729E+00 5.60938330599E+01 3.33480311958E+00 4.97123274507E+01 2.31409177479E+00 
9.30000000000E+01 9.35000000000E+01 9.40000000000E+01 4.86449270695E+01 1.20232785345E+00 4.80234350753E+01 9.18297299872E-01 5.16522580329E+01 1.75414034248E+00 4.82284473752E+01 8.99893721827E-01 4.84051058098E+01 1.22319037390E+00 4.83304979300E+01 1.66183007256E+00 4.80262165059E+01 1.18237901523E+00 
9.40000000000E+01 9.45000000000E+01 9.50000000000E+01 4.36927189035E+01 9.89128158674E-01 4.37315040941E+01 7.56724083775E-01 4.40125537006E+01 1.35063624696E+00 4.33449570357E+01 7.43608735835E-01 4.32154027132E+01 1.00705630393E+00 4.36298172116E+01 1.36753140414E+00 4.34730237482E+01 9.76007211747E-01 
9.50000000000E+01 9.55000000000E+01 9.60000000000E+01 4.07232137978E+01 1.19444466733E+00 4.03740745500E+01 9.10467193054E-01 3.99665940039E+01 1.61297022624E+00 4.01601136774E+01 9.05216448670E-01 4.13144794524E+01 1.19961074433E+00 4.09414722858E+01 1.63914823808E+00 4.06421356119E+01 1.17973190650E+00 
9.60000000000E+01 9.65000000000E+01 9.70000000000E+01 3.90780612206E+01 1.03567818136E+00 3.98988154300E+01 7.92123768937E-01 3.84121849191E+01 1.37424468770E+00 3.95678752613E+01 7.87448812997E-01 3.93765250056E+01 1.03968920897E+00 3.76148862379E+01 1.40196498468E+00 3.91794919657E+01 1.00494733555E+00 
9.70000000000E+01 9.75000000000E+01 9.80000000000E+01 4.58469296121E+01 1.37635352036E+00 4.38070153542E+01 1.07932976112E+00 4.87760225503E+01 1.79636863469E+00 4.34112923568E+01 1.04582260777E+00 4.59533825328E+01 1.40807647219E+00 4.77643561868E+01 1.87233265265E+00 4.63153539369E+01 1.31841336124E+00 
9.80000000000E+01 9.85000000000E+01 9.90000000000E+01 3.62510702116E+01 1.00568609899E+00 3.61349361213E+01 7.91278562372E-01 3.60312990890E+01 1.35222068396E+00 3.60416646799E+01 7.76734455970E-01 3.59674569575E+01 1.02062399849E+00 3.53468252499E+01 1.36456068170E+00 3.76322885762E+01 9.86079885848E-01 
9.90000000000E+01 9.95000000000E+01 1.00000000000E+02 3.67713690064E+01 2.94698335855E+00 4.36860747444E+01 7.32347971797E-01 3.34661219455E+01 4.29977622562E+00 4.32631436721E+01 7.28510877221E-01 3.73659043249E+01 2.94592119822E+00 3.52878315900E+01 4.42222113441E+00 3.52663942086E+01 2.87078112378E+00 
#nx: 3
