#labels: ptz__-1p25__-1p0_lower[1] ptz__-1p25__-1p0_center[2] ptz__-1p25__-1p0_upper[3] tot_scale01[4] tot_scale01_Err[5] tot_scale02[6] tot_scale02_Err[7] tot_scale03[8] tot_scale03_Err[9] tot_scale04[10] tot_scale04_Err[11] tot_scale05[12] tot_scale05_Err[13] tot_scale06[14] tot_scale06_Err[15] tot_scale07[16] tot_scale07_Err[17]
#neval: 862104527401
#overflow:lower center upper 1.36079029749E+03 2.01192779118E+01 1.35035075281E+03 1.48766777113E+01 1.34398292121E+03 2.79387981646E+01 1.35153802625E+03 1.49297086765E+01 1.35856234608E+03 2.00517524586E+01 1.33931699426E+03 2.80800992091E+01 1.36650345672E+03 2.00216701462E+01 
0.00000000000E+00 5.00000000000E-01 1.00000000000E+00 0.00000000000E+00 0.00000000000E+00 0.00000000000E+00 0.00000000000E+00 0.00000000000E+00 0.00000000000E+00 0.00000000000E+00 0.00000000000E+00 0.00000000000E+00 0.00000000000E+00 0.00000000000E+00 0.00000000000E+00 0.00000000000E+00 0.00000000000E+00 
1.00000000000E+00 1.50000000000E+00 2.00000000000E+00 -5.75851956338E+03 3.17315816275E+02 -4.22213873314E+03 2.56388098929E+02 -6.77360272225E+03 3.95066145070E+02 -2.51238961778E+03 2.31610492411E+02 -7.78547698948E+03 3.51255718125E+02 -8.98024679972E+03 4.42228209653E+02 -3.78465380117E+03 2.83471903381E+02 
2.00000000000E+00 2.50000000000E+00 3.00000000000E+00 3.67817210190E+03 2.08683403240E+02 4.73895446295E+03 1.70188386605E+02 2.69132257396E+03 2.58831772501E+02 5.29104486264E+03 1.55074301013E+02 2.92750425838E+03 2.29130169543E+02 1.94611781669E+03 2.91212398339E+02 4.22855018311E+03 1.85574654721E+02 
3.00000000000E+00 3.50000000000E+00 4.00000000000E+00 4.48523736137E+03 1.01602724616E+02 5.37499773674E+03 8.16239059509E+01 3.71685465879E+03 1.30637878446E+02 5.46084348982E+03 7.56282293736E+01 4.26036839948E+03 1.09628099645E+02 3.24519106744E+03 1.41597455895E+02 4.74101205538E+03 9.38437125101E+01 
4.00000000000E+00 4.50000000000E+00 5.00000000000E+00 4.40068190960E+03 9.79383104986E+01 4.94862598180E+03 8.01013309234E+01 3.83805115003E+03 1.22761898009E+02 5.01566968482E+03 7.27833730854E+01 4.22115804985E+03 1.07745000910E+02 3.55218749877E+03 1.36488487351E+02 4.52758398235E+03 8.79570964392E+01 
5.00000000000E+00 5.50000000000E+00 6.00000000000E+00 4.60862187905E+03 6.53001853224E+01 4.90510076679E+03 5.29438290676E+01 4.09505338864E+03 7.63880301560E+01 4.87865357118E+03 4.87070892706E+01 4.55070641839E+03 7.09876644284E+01 4.22466734271E+03 9.06810651345E+01 4.44489637025E+03 5.48544108504E+01 
6.00000000000E+00 6.50000000000E+00 7.00000000000E+00 4.39331303484E+03 1.01187109339E+02 4.59060287174E+03 8.20464978666E+01 4.24844204400E+03 1.26766489095E+02 4.50978926420E+03 7.51194616758E+01 4.43892277708E+03 1.10555824327E+02 4.20238647583E+03 1.41246606809E+02 4.38799581648E+03 9.06148471832E+01 
7.00000000000E+00 7.50000000000E+00 8.00000000000E+00 3.29275192292E+03 5.82741326914E+01 3.48558758851E+03 4.62212884177E+01 3.00186660015E+03 7.30346347002E+01 3.51094315177E+03 4.34076885561E+01 3.24334561011E+03 6.16636621288E+01 2.93937837126E+03 8.09235584615E+01 3.30088775457E+03 5.26006306067E+01 
8.00000000000E+00 8.50000000000E+00 9.00000000000E+00 3.10945985351E+03 3.92360814534E+01 3.31080805235E+03 3.20382244090E+01 2.99030978154E+03 4.79813658980E+01 3.23051133268E+03 2.92353099519E+01 3.15014111414E+03 4.29842808476E+01 2.89114069850E+03 5.46214431358E+01 3.12805718241E+03 3.44622570853E+01 
9.00000000000E+00 9.50000000000E+00 1.00000000000E+01 3.03406830246E+03 3.56231537478E+01 2.94487112672E+03 3.18219438321E+01 2.62041156635E+03 4.25440696430E+01 2.96514271738E+03 2.86353702221E+01 2.83096129847E+03 4.25806258370E+01 2.94892623121E+03 4.95137347520E+01 2.74207873889E+03 3.06753740017E+01 
1.00000000000E+01 1.05000000000E+01 1.10000000000E+01 2.56249828154E+03 3.14023400841E+01 2.69190202495E+03 2.60887640584E+01 2.42125834852E+03 3.96251199576E+01 2.61717687963E+03 2.34286951339E+01 2.61440707392E+03 3.49865790930E+01 2.42780436100E+03 4.36450051468E+01 2.50739329342E+03 2.84967228287E+01 
1.10000000000E+01 1.15000000000E+01 1.20000000000E+01 2.56884785087E+03 2.87359069083E+01 2.62500403986E+03 2.52516213608E+01 2.58028391838E+03 3.68993549118E+01 2.54567754874E+03 2.14367755457E+01 2.59816532295E+03 3.12009462518E+01 2.59146800263E+03 4.13394080712E+01 2.53618310114E+03 2.75334145439E+01 
1.20000000000E+01 1.25000000000E+01 1.30000000000E+01 2.18064404839E+03 2.80793749857E+01 2.24352526335E+03 2.28113311714E+01 2.09095587710E+03 3.54290369938E+01 2.19827217874E+03 2.09574426747E+01 2.19582386032E+03 3.06449802493E+01 2.11954879202E+03 3.90805741669E+01 2.12814726654E+03 2.54425216908E+01 
1.30000000000E+01 1.35000000000E+01 1.40000000000E+01 1.97800033850E+03 1.86151621477E+01 2.01871428635E+03 1.52089634958E+01 1.93945604788E+03 2.23431789579E+01 1.99043810970E+03 1.40673339493E+01 1.98918483754E+03 2.00343907471E+01 1.93514917026E+03 2.58189260733E+01 1.95401706550E+03 1.61847461779E+01 
1.40000000000E+01 1.45000000000E+01 1.50000000000E+01 1.78994413997E+03 1.84464683320E+01 1.83853789317E+03 1.47526691822E+01 1.76664508872E+03 2.34410244063E+01 1.80135462959E+03 1.38031624976E+01 1.80936083034E+03 1.96871363114E+01 1.75524697209E+03 2.56718657940E+01 1.77466621823E+03 1.68406725414E+01 
1.50000000000E+01 1.55000000000E+01 1.60000000000E+01 1.78527620595E+03 2.00450041290E+01 1.81113471283E+03 1.65530107923E+01 1.79478631133E+03 2.56036047901E+01 1.74625871193E+03 1.49953966518E+01 1.84733673958E+03 2.21882009114E+01 1.80823765831E+03 2.79073232964E+01 1.74337856063E+03 1.84372714107E+01 
1.60000000000E+01 1.65000000000E+01 1.70000000000E+01 1.55928035296E+03 1.74061584105E+01 1.57737086876E+03 1.27092148762E+01 1.55493351465E+03 2.26231165361E+01 1.54371452913E+03 1.30030984513E+01 1.57894941523E+03 1.70014689395E+01 1.55060733302E+03 2.42261668320E+01 1.55272929053E+03 1.61623287885E+01 
1.70000000000E+01 1.75000000000E+01 1.80000000000E+01 1.43740981699E+03 1.60975872634E+01 1.47491735216E+03 1.25727547934E+01 1.39200634280E+03 2.08480915840E+01 1.42600299586E+03 1.20375734720E+01 1.48662857774E+03 1.67160317504E+01 1.42511169700E+03 2.23622613375E+01 1.39372368317E+03 1.50179464769E+01 
1.80000000000E+01 1.85000000000E+01 1.90000000000E+01 1.37153472649E+03 1.57947567826E+01 1.38579055134E+03 1.30548837803E+01 1.33767341847E+03 2.17525194891E+01 1.32628360710E+03 1.23762876653E+01 1.40944345782E+03 1.74616818355E+01 1.39585556935E+03 2.18843643274E+01 1.32012940496E+03 1.56402022971E+01 
1.90000000000E+01 1.95000000000E+01 2.00000000000E+01 1.41147538314E+03 1.97232851569E+01 1.36120050505E+03 1.58402870687E+01 1.43557144613E+03 2.52619581255E+01 1.34231088104E+03 1.46005977374E+01 1.41040843193E+03 2.12665117651E+01 1.47718264706E+03 2.74817616953E+01 1.36646473698E+03 1.82102381969E+01 
2.00000000000E+01 2.05000000000E+01 2.10000000000E+01 1.22168828654E+03 1.38362128452E+01 1.21644100330E+03 1.09973300641E+01 1.21229957100E+03 1.79394860099E+01 1.17892155859E+03 1.01078420026E+01 1.25478960362E+03 1.49993233229E+01 1.23886111092E+03 1.93205997282E+01 1.18821469160E+03 1.28404924256E+01 
2.10000000000E+01 2.15000000000E+01 2.20000000000E+01 9.07908335868E+02 1.66183292984E+01 9.39623743509E+02 1.30139507477E+01 8.54963153480E+02 2.16883373843E+01 9.32628738464E+02 1.24014953228E+01 8.89505308834E+02 1.75700530472E+01 8.40880655878E+02 2.31245400426E+01 9.01255875032E+02 1.55549273906E+01 
2.20000000000E+01 2.25000000000E+01 2.30000000000E+01 1.12707977695E+03 1.25103609263E+01 1.10653103315E+03 1.01243754532E+01 1.15952859292E+03 1.77052810749E+01 1.08541566252E+03 9.38187938632E+00 1.15279025148E+03 1.35132770138E+01 1.17262743444E+03 1.75525158362E+01 1.10252137338E+03 1.27531237882E+01 
2.30000000000E+01 2.35000000000E+01 2.40000000000E+01 9.98246047542E+02 1.01705012293E+01 9.86972084925E+02 8.17157926488E+00 1.01906997750E+03 1.26224368739E+01 9.68860577538E+02 7.61948303096E+00 1.00985785499E+03 1.08954580769E+01 1.02389480383E+03 1.40998672358E+01 9.62813159770E+02 9.03116188660E+00 
2.40000000000E+01 2.45000000000E+01 2.50000000000E+01 8.87451359084E+02 9.50925941744E+00 8.82689536459E+02 7.59824339443E+00 8.89590304906E+02 1.24886378370E+01 8.69934071959E+02 7.31384511164E+00 8.99145828253E+02 1.01893783729E+01 8.87943347461E+02 1.31791452556E+01 8.73362434271E+02 9.11524988723E+00 
2.50000000000E+01 2.55000000000E+01 2.60000000000E+01 8.70800784390E+02 9.74844218673E+00 8.53361555747E+02 7.82340240889E+00 8.81978991190E+02 1.28210717341E+01 8.43991393708E+02 7.30310987651E+00 8.73231703181E+02 1.04091779914E+01 8.83265926687E+02 1.33646998767E+01 8.50722365742E+02 9.24892912603E+00 
2.60000000000E+01 2.65000000000E+01 2.70000000000E+01 6.88666309332E+02 1.20993463463E+01 7.11818574939E+02 9.73171184244E+00 6.74382774943E+02 1.54065629580E+01 6.97824277548E+02 9.01213641425E+00 7.02787460940E+02 1.30289857361E+01 6.64305159009E+02 1.68346617847E+01 6.85423620199E+02 1.11007543132E+01 
2.70000000000E+01 2.75000000000E+01 2.80000000000E+01 7.05692721823E+02 9.45210309637E+00 7.12749462823E+02 7.39492098153E+00 7.03122476073E+02 1.14438536575E+01 7.02165361244E+02 7.06936914905E+00 7.10211174420E+02 9.89749356923E+00 6.88823361519E+02 1.27702194751E+01 7.01881504075E+02 8.24134671013E+00 
2.80000000000E+01 2.85000000000E+01 2.90000000000E+01 7.49231258208E+02 8.08365798866E+00 7.31291495848E+02 6.52488965862E+00 7.74723775899E+02 1.03743209877E+01 7.17233452380E+02 6.07821980278E+00 7.60086801787E+02 8.67250434846E+00 7.81752481940E+02 1.12637890741E+01 7.35904409997E+02 7.48372023647E+00 
2.90000000000E+01 2.95000000000E+01 3.00000000000E+01 6.19979840366E+02 1.01564831725E+01 6.20870790217E+02 7.72176984504E+00 6.08987367277E+02 1.30989040698E+01 6.15745366190E+02 7.53867964162E+00 6.23442337365E+02 1.06407961072E+01 6.13283278605E+02 1.42085269125E+01 6.09505126919E+02 9.17315417895E+00 
3.00000000000E+01 3.05000000000E+01 3.10000000000E+01 6.21189465684E+02 1.00330025314E+01 6.11156137556E+02 7.76736393249E+00 6.33559272710E+02 1.32799461432E+01 6.06126966421E+02 7.41621641187E+00 6.20592336925E+02 1.05003537268E+01 6.29268866697E+02 1.40253086219E+01 6.15934091858E+02 9.49657127149E+00 
3.10000000000E+01 3.15000000000E+01 3.20000000000E+01 5.05298075708E+02 1.05510949130E+01 5.41897929011E+02 8.15343541483E+00 4.97792392675E+02 1.43221816605E+01 5.12268870230E+02 7.87696227501E+00 5.35643993398E+02 1.09545466651E+01 4.93021355747E+02 1.48963997735E+01 5.09756177148E+02 1.00789745836E+01 
3.20000000000E+01 3.25000000000E+01 3.30000000000E+01 5.47817604874E+02 1.08037479597E+01 5.43155112336E+02 8.20610739800E+00 5.49071201617E+02 1.46281294913E+01 5.40714627158E+02 7.95776653226E+00 5.56165323620E+02 1.09264061202E+01 5.49713619085E+02 1.50851772350E+01 5.43545380746E+02 1.04770036325E+01 
3.30000000000E+01 3.35000000000E+01 3.40000000000E+01 1.35444424963E+02 1.01240066528E+02 2.02125473197E+02 8.24395592352E+01 3.16340603041E+01 1.25458661708E+02 2.24966699637E+02 7.50904821753E+01 9.77935065397E+01 1.11150500386E+02 -1.76080160702E+01 1.41354923570E+02 1.63391443974E+02 8.98576907499E+01 
3.40000000000E+01 3.45000000000E+01 3.50000000000E+01 4.29706582051E+02 6.83608322326E+00 4.37988980699E+02 5.51948407219E+00 3.98096940232E+02 8.63065114301E+00 4.34045073775E+02 5.17148033879E+00 4.24996809602E+02 7.34754896646E+00 4.13547005077E+02 9.46616966247E+00 4.09577520685E+02 6.17333661389E+00 
3.50000000000E+01 3.55000000000E+01 3.60000000000E+01 4.25380337377E+02 7.30746863581E+00 4.39429991066E+02 5.45533766017E+00 4.08639258069E+02 9.83689369403E+00 4.25983775870E+02 5.46724730893E+00 4.27036904492E+02 7.73465685739E+00 4.11924485334E+02 1.03205411659E+01 4.17417168338E+02 7.07669167445E+00 
3.60000000000E+01 3.65000000000E+01 3.70000000000E+01 4.09398625902E+02 6.09350486627E+00 4.16276377696E+02 4.76909996870E+00 3.95628734106E+02 8.07851175286E+00 4.09032324682E+02 4.57510235395E+00 4.15279237895E+02 6.34087529480E+00 3.94111822881E+02 8.53577210483E+00 4.01626083929E+02 5.72767723633E+00 
3.70000000000E+01 3.75000000000E+01 3.80000000000E+01 4.81727601582E+02 5.44541296427E+00 4.67015908427E+02 4.33723513106E+00 4.96939702752E+02 7.06288573465E+00 4.60560903534E+02 4.09784291152E+00 4.86458709962E+02 5.75827100020E+00 5.04837221229E+02 7.52591117588E+00 4.71216874184E+02 5.10753707567E+00 
3.80000000000E+01 3.85000000000E+01 3.90000000000E+01 3.61772103651E+02 5.03907402008E+00 3.61711919609E+02 4.05587643751E+00 3.58429450741E+02 6.55769831970E+00 3.62420942306E+02 3.80098190490E+00 3.55795414762E+02 5.31991411993E+00 3.50570444299E+02 6.96109699244E+00 3.64276814341E+02 4.74009258899E+00 
3.90000000000E+01 3.95000000000E+01 4.00000000000E+01 3.93206121817E+02 5.47840502510E+00 3.89332354302E+02 4.40281747785E+00 4.01083724584E+02 7.24177909807E+00 3.82837382655E+02 4.11264324218E+00 3.98687590923E+02 5.86488671086E+00 4.00480836386E+02 7.60521827809E+00 3.91162743326E+02 5.20838504157E+00 
4.00000000000E+01 4.05000000000E+01 4.10000000000E+01 4.32711100344E+02 1.08309586086E+01 4.23962993165E+02 8.21732590908E+00 4.35024914243E+02 1.41303517515E+01 4.01655384870E+02 8.08330680736E+00 4.60677057772E+02 1.09997820444E+01 4.66028533318E+02 1.50932225981E+01 4.06469886056E+02 1.01311898116E+01 
4.10000000000E+01 4.15000000000E+01 4.20000000000E+01 3.18311548866E+02 6.22529818647E+00 3.23286408827E+02 4.85043076043E+00 2.98022718374E+02 8.27836797977E+00 3.20330495126E+02 4.64624059815E+00 3.18850286458E+02 6.49338346673E+00 3.07768061422E+02 8.60896275156E+00 3.09433092139E+02 6.00241631575E+00 
4.20000000000E+01 4.25000000000E+01 4.30000000000E+01 3.12413444082E+02 4.80617071043E+00 3.14984999289E+02 3.81955474641E+00 3.20576404664E+02 6.24546840423E+00 3.15885109337E+02 3.78466700120E+00 3.15416777706E+02 5.06385076154E+00 3.12439333244E+02 6.53250584816E+00 3.16773928962E+02 4.63020728908E+00 
4.30000000000E+01 4.35000000000E+01 4.40000000000E+01 2.98209831898E+02 4.56784005917E+00 2.99112372619E+02 3.70776742295E+00 2.86902956072E+02 6.00676903403E+00 2.95551908688E+02 3.46332510110E+00 2.98389018932E+02 4.89806443863E+00 2.92936133801E+02 6.29552626504E+00 2.92631266949E+02 4.33277759494E+00 
4.40000000000E+01 4.45000000000E+01 4.50000000000E+01 3.30363693467E+02 4.56121938677E+00 3.17488618159E+02 3.72046485099E+00 3.45575826360E+02 5.92460885643E+00 3.15254220829E+02 3.41831842437E+00 3.32075776615E+02 4.92622579896E+00 3.45866916871E+02 6.32051916243E+00 3.27477110171E+02 4.26907215564E+00 
4.50000000000E+01 4.55000000000E+01 4.60000000000E+01 2.91893933072E+02 4.05008180669E+00 2.83637164157E+02 3.17165968812E+00 2.93902064699E+02 5.49966798950E+00 2.83862913706E+02 3.04762300412E+00 2.87149197038E+02 4.22019025511E+00 2.93873129530E+02 5.60702492778E+00 2.85838781820E+02 3.96106805722E+00 
4.60000000000E+01 4.65000000000E+01 4.70000000000E+01 2.79622932140E+02 3.96557866497E+00 2.71884520688E+02 3.08268024082E+00 2.86344829994E+02 5.08590449558E+00 2.70934323453E+02 2.98219000271E+00 2.77940884457E+02 4.09948416738E+00 2.86322526184E+02 5.49066311118E+00 2.77496904506E+02 3.68268720351E+00 
4.70000000000E+01 4.75000000000E+01 4.80000000000E+01 2.39645878014E+02 4.51781848852E+00 2.42435896647E+02 3.61127407264E+00 2.36465912303E+02 6.09172670230E+00 2.41079272209E+02 3.33150312205E+00 2.35265789654E+02 4.74909914278E+00 2.30035199113E+02 6.27158425540E+00 2.41783048467E+02 4.36318702998E+00 
4.80000000000E+01 4.85000000000E+01 4.90000000000E+01 2.72574983215E+02 4.75823259333E+00 2.65037017602E+02 3.79563392213E+00 2.77328264960E+02 6.29464219219E+00 2.61172956197E+02 3.54070992988E+00 2.74153075171E+02 5.10486872482E+00 2.84837712060E+02 6.65335661530E+00 2.65054463041E+02 4.50258296743E+00 
4.90000000000E+01 4.95000000000E+01 5.00000000000E+01 2.40764538096E+02 4.30880728303E+00 2.44576350786E+02 3.48952486407E+00 2.55416199412E+02 5.07107922894E+00 2.35523719935E+02 3.27130396032E+00 2.51226405259E+02 4.65513771717E+00 2.45905397174E+02 6.04008986920E+00 2.46556286479E+02 3.65048150930E+00 
5.00000000000E+01 5.05000000000E+01 5.10000000000E+01 2.12338449728E+02 5.06337268699E+00 2.12878505277E+02 4.00826847590E+00 2.04651616347E+02 6.61076984682E+00 2.10240876556E+02 3.78300260783E+00 2.13673782909E+02 5.34902845951E+00 2.09337155902E+02 7.03815883856E+00 2.06873778015E+02 4.75448620751E+00 
5.10000000000E+01 5.15000000000E+01 5.20000000000E+01 2.11683590131E+02 3.05259928247E+00 2.11995727755E+02 2.46026770417E+00 2.15092131700E+02 4.05150909153E+00 2.10668333644E+02 2.34560972936E+00 2.11494571951E+02 3.20756391300E+00 2.15862018243E+02 4.30902548269E+00 2.09594586979E+02 2.86932408270E+00 
5.20000000000E+01 5.25000000000E+01 5.30000000000E+01 1.93171079905E+02 4.10753523422E+00 1.95986856837E+02 3.25356494164E+00 1.88728083286E+02 5.33011499560E+00 1.95617733004E+02 3.12262386097E+00 1.92520766376E+02 4.27951141157E+00 1.85759522245E+02 5.62844665529E+00 1.95777792394E+02 3.85128562208E+00 
5.30000000000E+01 5.35000000000E+01 5.40000000000E+01 2.13203883020E+02 3.30439727097E+00 2.05749013029E+02 2.57931234557E+00 2.20063760563E+02 4.26241098152E+00 2.06925793283E+02 2.52337097591E+00 2.09509144208E+02 3.36757168113E+00 2.20681482523E+02 4.49364617711E+00 2.10898392269E+02 3.14194545515E+00 
5.40000000000E+01 5.45000000000E+01 5.50000000000E+01 1.87234010028E+02 2.90910773079E+00 1.90133861096E+02 2.34136517113E+00 1.89801961253E+02 3.86005596007E+00 1.87137514814E+02 2.21885025087E+00 1.89790291457E+02 3.08757941483E+00 1.87125193191E+02 4.07413801269E+00 1.89823702784E+02 2.78388801167E+00 
5.50000000000E+01 5.55000000000E+01 5.60000000000E+01 2.08035968593E+02 3.19625097311E+00 2.05418673632E+02 2.48859116761E+00 2.11453651425E+02 4.09267201693E+00 2.00073171305E+02 2.42009744333E+00 2.15008097628E+02 3.30647917036E+00 2.16748170363E+02 4.42657080783E+00 2.01278406009E+02 2.96880877165E+00 
5.60000000000E+01 5.65000000000E+01 5.70000000000E+01 1.90155252565E+02 3.14982881175E+00 1.88451400072E+02 2.54969800953E+00 1.96228604792E+02 4.18259106855E+00 1.83367336181E+02 2.36490960002E+00 1.96686877096E+02 3.39558331872E+00 1.96981516816E+02 4.36035276752E+00 1.88560711243E+02 3.01748033060E+00 
5.70000000000E+01 5.75000000000E+01 5.80000000000E+01 1.71324841073E+02 2.82159459898E+00 1.71394730152E+02 2.19152604263E+00 1.68779065491E+02 3.78997506275E+00 1.69037710789E+02 2.12460575312E+00 1.74196835502E+02 2.89244921101E+00 1.71361113843E+02 3.90559253135E+00 1.67175524323E+02 2.73532918333E+00 
5.80000000000E+01 5.85000000000E+01 5.90000000000E+01 1.83109746992E+02 2.60100238106E+00 1.78682503163E+02 2.14108348333E+00 1.84553653769E+02 3.53788511006E+00 1.72683636583E+02 1.96924000211E+00 1.89142378596E+02 2.83185811339E+00 1.91980219397E+02 3.56163733373E+00 1.75528930791E+02 2.54960415935E+00 
5.90000000000E+01 5.95000000000E+01 6.00000000000E+01 1.65887917117E+02 2.59881921717E+00 1.64056391664E+02 1.96062771141E+00 1.60408658831E+02 3.48064032468E+00 1.58722770224E+02 1.95467580477E+00 1.70253992162E+02 2.60244387671E+00 1.72618032623E+02 3.59525806425E+00 1.58581735229E+02 2.52635526432E+00 
6.00000000000E+01 6.05000000000E+01 6.10000000000E+01 1.40945952818E+02 2.49857497960E+00 1.44293930012E+02 2.02301307571E+00 1.44296014258E+02 3.39734128608E+00 1.39681437841E+02 1.89241757397E+00 1.44035389117E+02 2.68385543320E+00 1.41199005715E+02 3.42847473018E+00 1.45234278620E+02 2.43663833126E+00 
6.10000000000E+01 6.15000000000E+01 6.20000000000E+01 1.38209888711E+02 2.47792719414E+00 1.42949423346E+02 1.82539527911E+00 1.43170013125E+02 3.55942119704E+00 1.38316445354E+02 1.87598707979E+00 1.43447864362E+02 2.42490404685E+00 1.35282311491E+02 3.43359567097E+00 1.42776465358E+02 2.58163352829E+00 
6.20000000000E+01 6.25000000000E+01 6.30000000000E+01 1.64482238985E+02 2.53931618274E+00 1.57144678109E+02 2.01160997432E+00 1.78243788405E+02 3.38629266970E+00 1.56227192226E+02 1.93559660813E+00 1.63513177357E+02 2.64033719469E+00 1.72932869234E+02 3.49072332092E+00 1.67712241166E+02 2.46156224932E+00 
6.30000000000E+01 6.35000000000E+01 6.40000000000E+01 1.23964713721E+02 2.91920020230E+00 1.24779217455E+02 2.24832547349E+00 1.14317740578E+02 3.79504993501E+00 1.23590916884E+02 2.14839491426E+00 1.24253525165E+02 2.99831822487E+00 1.17182195831E+02 4.00303527175E+00 1.20622669086E+02 2.79902909885E+00 
6.40000000000E+01 6.45000000000E+01 6.50000000000E+01 1.30423927129E+02 2.47257434421E+00 1.31803698716E+02 1.85540105781E+00 1.27810280446E+02 2.93685173571E+00 1.26609765504E+02 1.86295859042E+00 1.35254566851E+02 2.54578619482E+00 1.34519171616E+02 3.42500653178E+00 1.26687926837E+02 2.14186473854E+00 
6.50000000000E+01 6.55000000000E+01 6.60000000000E+01 1.30033556831E+02 2.34979849033E+00 1.24186949289E+02 1.84856865281E+00 1.29884301346E+02 3.15548179609E+00 1.25343813515E+02 1.77350697215E+00 1.26873659034E+02 2.45638546648E+00 1.33037250653E+02 3.26124822397E+00 1.28398628102E+02 2.25326059905E+00 
6.60000000000E+01 6.65000000000E+01 6.70000000000E+01 1.13273081985E+02 2.33317661932E+00 1.23229362772E+02 2.38533774778E+00 1.09292704458E+02 3.20988396139E+00 1.11604264424E+02 1.75894928568E+00 1.18153345112E+02 2.40314463397E+00 1.21076253887E+02 3.76771773504E+00 1.10802270993E+02 2.31456963686E+00 
6.70000000000E+01 6.75000000000E+01 6.80000000000E+01 1.02537222090E+02 2.75646974666E+00 1.04229062654E+02 2.28544410671E+00 1.01072916374E+02 3.39979839307E+00 1.02946231955E+02 1.91305994430E+00 1.02327725815E+02 3.26495131311E+00 9.86744236664E+01 3.86022457184E+00 1.03928535576E+02 2.42756726087E+00 
6.80000000000E+01 6.85000000000E+01 6.90000000000E+01 1.25706128248E+02 2.06312237190E+00 1.23148690632E+02 1.61276417579E+00 1.29296710272E+02 2.80184915455E+00 1.19303600653E+02 1.52452174606E+00 1.32042400041E+02 2.15869797380E+00 1.32427965880E+02 2.92171872203E+00 1.23930482949E+02 1.97381576653E+00 
6.90000000000E+01 6.95000000000E+01 7.00000000000E+01 1.03658754251E+02 2.34024776185E+00 1.01266328397E+02 1.81184056547E+00 1.10568643098E+02 2.64471623897E+00 1.02308666497E+02 1.74318097741E+00 1.01800467680E+02 2.41626301242E+00 1.03242379146E+02 3.25075076711E+00 1.09235270892E+02 1.90858536984E+00 
7.00000000000E+01 7.05000000000E+01 7.10000000000E+01 1.02417989108E+02 2.02422107093E+00 1.01684425018E+02 1.61428411932E+00 9.66054972677E+01 2.47193512345E+00 1.01228441260E+02 1.54959793931E+00 1.02601919816E+02 2.10304000052E+00 1.00625512546E+02 2.77012967523E+00 1.00184553212E+02 1.98757163877E+00 
7.10000000000E+01 7.15000000000E+01 7.20000000000E+01 1.06917208251E+02 1.70120603356E+00 1.04302797342E+02 1.31702335535E+00 1.13494440717E+02 2.28452328041E+00 1.02656561305E+02 1.28269330873E+00 1.07593651208E+02 1.73869119481E+00 1.11240449453E+02 2.34994175656E+00 1.07211098349E+02 1.64982736427E+00 
7.20000000000E+01 7.25000000000E+01 7.30000000000E+01 1.00748777695E+02 1.80528022624E+00 9.75481186680E+01 1.38046739856E+00 1.01344540896E+02 2.41574910013E+00 9.53190103735E+01 1.33441805608E+00 1.02031868949E+02 1.84347341969E+00 1.03235693041E+02 2.49143869375E+00 9.89550778848E+01 1.74203501901E+00 
7.30000000000E+01 7.35000000000E+01 7.40000000000E+01 9.35382860798E+01 1.70992668464E+00 9.19976930197E+01 1.36576583315E+00 9.50795307200E+01 2.33326367360E+00 9.18450675516E+01 1.28706706163E+00 9.32220100742E+01 1.81508343630E+00 9.60726641543E+01 2.42803941955E+00 9.27633263995E+01 1.65916508440E+00 
7.40000000000E+01 7.45000000000E+01 7.50000000000E+01 9.52798188170E+01 1.62853654407E+00 9.21327941890E+01 1.37293055055E+00 1.00104725467E+02 2.18380095358E+00 9.17331536522E+01 1.27345608851E+00 9.45332173649E+01 1.75268227047E+00 9.82282694749E+01 2.19051186270E+00 9.67507207666E+01 1.60580133054E+00 
7.50000000000E+01 7.55000000000E+01 7.60000000000E+01 7.42514638538E+01 1.66120711079E+00 7.58407527449E+01 1.39506548945E+00 7.45344347768E+01 2.14147804050E+00 7.48672930172E+01 1.29453939441E+00 7.51033726972E+01 1.78137295618E+00 7.18773395396E+01 2.24705261912E+00 7.58465719443E+01 1.56796425708E+00 
7.60000000000E+01 7.65000000000E+01 7.70000000000E+01 9.04605386692E+01 2.02813063167E+00 8.59926053639E+01 1.54931898101E+00 1.00738602233E+02 2.81002238379E+00 8.65297156307E+01 1.54203365316E+00 8.92233205069E+01 2.03430600742E+00 9.48023735581E+01 2.78029919906E+00 9.38369682198E+01 2.04601445062E+00 
7.70000000000E+01 7.75000000000E+01 7.80000000000E+01 7.72779822599E+01 2.32105806652E+00 7.65747232773E+01 1.78643833058E+00 7.94082181545E+01 3.10256987522E+00 7.65451852442E+01 1.75974583323E+00 7.62976613263E+01 2.36279910648E+00 7.90748255091E+01 3.18376062616E+00 7.84761316735E+01 2.25995369822E+00 
7.80000000000E+01 7.85000000000E+01 7.90000000000E+01 7.72449748977E+01 1.61869264619E+00 7.56541885655E+01 1.11313196453E+00 8.00152335447E+01 2.29385140368E+00 7.63061575407E+01 1.23252094027E+00 7.55586038088E+01 1.43415760644E+00 7.99916096583E+01 2.26541375307E+00 7.79386179907E+01 1.67685967313E+00 
7.90000000000E+01 7.95000000000E+01 8.00000000000E+01 8.35775805042E+01 1.56121232476E+00 8.09232446396E+01 1.20799399081E+00 8.62287329912E+01 2.11989324310E+00 7.96651593608E+01 1.18294819356E+00 8.44546668271E+01 1.59304488777E+00 8.94063738271E+01 2.21209635870E+00 8.20706530381E+01 1.51576108930E+00 
8.00000000000E+01 8.05000000000E+01 8.10000000000E+01 5.95458021252E+01 1.52000181175E+00 6.07487951506E+01 1.19074552320E+00 5.99712189399E+01 2.10343374357E+00 6.12028079837E+01 1.15841037101E+00 5.90186645451E+01 1.56174471061E+00 5.70762023122E+01 2.10481002863E+00 5.95069991243E+01 1.60026702886E+00 
8.10000000000E+01 8.15000000000E+01 8.20000000000E+01 7.78094193328E+01 1.64307721841E+00 7.65162186271E+01 1.26355967643E+00 8.24591543070E+01 2.25937374595E+00 7.40866281097E+01 1.23017434189E+00 8.03891085688E+01 1.68274619527E+00 8.12881793887E+01 2.28651472758E+00 7.80392636811E+01 1.62402628319E+00 
8.20000000000E+01 8.25000000000E+01 8.30000000000E+01 6.73128242981E+01 1.56140166497E+00 6.52641597918E+01 1.21196902294E+00 7.18095897195E+01 2.28049191937E+00 6.47756554780E+01 1.19117806687E+00 6.85557833757E+01 1.71952173799E+00 7.16453008583E+01 2.32644014197E+00 6.64705284498E+01 1.51536689482E+00 
8.30000000000E+01 8.35000000000E+01 8.40000000000E+01 6.74444800259E+01 1.56529391895E+00 6.41269733692E+01 1.17811936799E+00 6.92886064255E+01 2.18485300320E+00 6.49041012625E+01 1.16728702281E+00 6.56527566090E+01 1.57582086353E+00 6.91469919173E+01 2.15554609178E+00 6.73940633996E+01 1.56072893330E+00 
8.40000000000E+01 8.45000000000E+01 8.50000000000E+01 5.92439586497E+01 1.68543232309E+00 5.98632252473E+01 1.27300891897E+00 5.85642334527E+01 2.30742077269E+00 5.86442831089E+01 1.26469249650E+00 6.01701967256E+01 1.69435060890E+00 5.97072502516E+01 2.33408564959E+00 5.85536764226E+01 1.66466059805E+00 
8.50000000000E+01 8.55000000000E+01 8.60000000000E+01 3.78602254129E+01 4.77029225114E+00 4.02300953285E+01 3.84801044998E+00 3.03114142357E+01 6.05782723596E+00 4.12866231215E+01 3.76602760259E+00 3.60050288271E+01 4.87604976222E+00 3.13171356585E+01 6.23524755731E+00 3.80521318199E+01 4.64519382469E+00 
8.60000000000E+01 8.65000000000E+01 8.70000000000E+01 6.26506321855E+01 5.40151316985E+00 6.13320684772E+01 4.31132526697E+00 6.52215005718E+01 6.92924884219E+00 6.13908312958E+01 4.20748040654E+00 6.15875404749E+01 5.53692990827E+00 6.24365643256E+01 7.16859793138E+00 6.32056328932E+01 5.22924783153E+00 
8.70000000000E+01 8.75000000000E+01 8.80000000000E+01 6.99281615926E+01 1.63842145676E+00 6.25892575367E+01 1.32147229822E+00 6.91912517375E+01 1.54041531767E+00 6.44890114611E+01 1.27207235101E+00 6.72040439824E+01 1.70489365594E+00 7.41082891581E+01 2.18168253537E+00 6.59869405806E+01 1.09687921333E+00 
8.80000000000E+01 8.85000000000E+01 8.90000000000E+01 5.66316451703E+01 1.40510478791E+00 5.22361375463E+01 1.42735906433E+00 5.82795029964E+01 1.93773691052E+00 5.54688641625E+01 1.12235511003E+00 5.30939220046E+01 1.84915477355E+00 5.82607283470E+01 1.92378926531E+00 5.53720269589E+01 1.36011010522E+00 
8.90000000000E+01 8.95000000000E+01 9.00000000000E+01 5.55330452310E+01 1.51515647117E+00 5.01195243941E+01 1.17688903177E+00 5.47056429769E+01 1.95341117560E+00 5.32206709319E+01 1.14928306606E+00 5.13003223867E+01 1.55389747493E+00 5.73484750517E+01 2.11494644495E+00 5.28469807268E+01 1.42174179560E+00 
9.00000000000E+01 9.05000000000E+01 9.10000000000E+01 5.05680847778E+01 1.28568555235E+00 4.95326299681E+01 1.13524307268E+00 4.60930945010E+01 1.66838691040E+00 5.05528657226E+01 9.68202854126E-01 4.88253122210E+01 1.50969065066E+00 4.69483004544E+01 1.63629338444E+00 4.79867760560E+01 1.18865955270E+00 
9.10000000000E+01 9.15000000000E+01 9.20000000000E+01 4.85365094792E+01 1.09797958611E+00 4.82059365067E+01 8.59657417877E-01 4.45277599688E+01 1.55662529788E+00 4.83518744893E+01 8.20258264416E-01 4.63681878105E+01 1.21776681861E+00 4.49528614004E+01 1.61297052823E+00 4.79468019728E+01 1.05173396179E+00 
9.20000000000E+01 9.25000000000E+01 9.30000000000E+01 4.97351059222E+01 1.06539401672E+00 4.74231837492E+01 8.29617933615E-01 5.33577635846E+01 1.50466694613E+00 4.74067050448E+01 8.20050728162E-01 4.95976050025E+01 1.07662915373E+00 5.04007057364E+01 1.46963055565E+00 5.17634343301E+01 1.09338947307E+00 
9.30000000000E+01 9.35000000000E+01 9.40000000000E+01 4.04526702825E+01 1.17499971016E+00 4.15972701068E+01 9.00425598816E-01 3.86156378977E+01 1.55235110436E+00 4.07932998428E+01 8.82086953889E-01 4.10754778588E+01 1.18521035375E+00 3.81630491253E+01 1.62091051276E+00 3.84584011175E+01 1.13471355880E+00 
9.40000000000E+01 9.45000000000E+01 9.50000000000E+01 5.45603385886E+01 1.07518501870E+00 5.13624350949E+01 8.32819998351E-01 5.50419031632E+01 1.46392005864E+00 5.02199704277E+01 8.10895248778E-01 5.40643694139E+01 1.08645292581E+00 5.86790506430E+01 1.46866296530E+00 5.20921110141E+01 1.07904682987E+00 
9.50000000000E+01 9.55000000000E+01 9.60000000000E+01 4.49382153063E+01 1.22886640914E+00 4.24790525018E+01 9.24207447813E-01 4.36312675347E+01 1.71481491623E+00 4.25667896345E+01 9.22269300489E-01 4.41851392114E+01 1.23628442738E+00 4.58144454803E+01 1.73443471077E+00 4.25824329973E+01 1.23416285587E+00 
9.60000000000E+01 9.65000000000E+01 9.70000000000E+01 3.79472007257E+01 1.03894415640E+00 3.85450615056E+01 7.73529664446E-01 3.67935734254E+01 1.55579483259E+00 3.94152354302E+01 7.35214906565E-01 3.83603368757E+01 1.07067953549E+00 3.56210040552E+01 1.49505527890E+00 3.79590599692E+01 1.10003342017E+00 
9.70000000000E+01 9.75000000000E+01 9.80000000000E+01 4.17091289724E+01 1.07326139756E+00 3.97701214435E+01 7.93329111307E-01 4.38821688786E+01 1.50787884264E+00 4.00223489237E+01 7.92272771026E-01 4.16214540635E+01 1.06845689872E+00 4.40463454928E+01 1.51263542808E+00 4.19214948616E+01 1.06448457665E+00 
9.80000000000E+01 9.85000000000E+01 9.90000000000E+01 3.63749618893E+01 1.16432874929E+00 3.65824033870E+01 8.54981460397E-01 3.90227764163E+01 1.31157039421E+00 3.67924897634E+01 8.69084400095E-01 3.58805958495E+01 1.14314609323E+00 3.56374898154E+01 1.63080152065E+00 3.86774726724E+01 9.58878509193E-01 
9.90000000000E+01 9.95000000000E+01 1.00000000000E+02 4.06609998943E+01 1.00121374929E+00 3.99634514260E+01 7.71388615612E-01 4.31276391188E+01 1.35163782785E+00 3.93105001508E+01 7.65934094903E-01 4.10294979102E+01 1.00636382390E+00 4.17278177992E+01 1.36737622610E+00 4.15057475449E+01 9.88073518399E-01 
#nx: 3
