#labels: ptz__4p0__5p0_lower[1] ptz__4p0__5p0_center[2] ptz__4p0__5p0_upper[3] tot_scale01[4] tot_scale01_Err[5] tot_scale02[6] tot_scale02_Err[7] tot_scale03[8] tot_scale03_Err[9] tot_scale04[10] tot_scale04_Err[11] tot_scale05[12] tot_scale05_Err[13] tot_scale06[14] tot_scale06_Err[15] tot_scale07[16] tot_scale07_Err[17]
#neval: 862055662261
#overflow:lower center upper 3.61515897294E+00 3.63736848497E-02 3.46811250578E+00 2.73649264862E-02 3.65893281148E+00 4.99505669957E-02 3.54394363839E+00 2.94770304355E-02 3.57153812931E+00 3.40308206459E-02 3.60780084993E+00 4.85248564848E-02 3.72654893075E+00 3.66607486250E-02 
0.00000000000E+00 5.00000000000E-01 1.00000000000E+00 0.00000000000E+00 0.00000000000E+00 0.00000000000E+00 0.00000000000E+00 0.00000000000E+00 0.00000000000E+00 0.00000000000E+00 0.00000000000E+00 0.00000000000E+00 0.00000000000E+00 0.00000000000E+00 0.00000000000E+00 0.00000000000E+00 0.00000000000E+00 
1.00000000000E+00 1.50000000000E+00 2.00000000000E+00 2.71312080573E+03 1.14240743325E+02 3.61837882889E+03 8.50801401845E+01 2.01912560937E+03 1.59976090991E+02 3.71569185798E+03 8.49641903331E+01 2.44721578680E+03 1.14415128129E+02 1.46561119962E+03 1.59331462552E+02 3.00593936433E+03 1.14619123047E+02 
2.00000000000E+00 2.50000000000E+00 3.00000000000E+00 3.53698297504E+03 8.34443137989E+01 3.89082050265E+03 6.19661418020E+01 3.24703719373E+03 1.28935600802E+02 3.86871198516E+03 6.76271854809E+01 3.62001537563E+03 8.32615108830E+01 3.17176563602E+03 1.16274132677E+02 3.52202932730E+03 9.22750499582E+01 
3.00000000000E+00 3.50000000000E+00 4.00000000000E+00 2.54137329383E+03 3.68392910341E+01 2.63871983912E+03 4.11303480717E+01 2.09392496065E+03 7.00282121731E+01 2.71282180188E+03 2.75224001762E+01 2.52578052692E+03 4.85151078291E+01 2.28265257754E+03 6.11147386063E+01 2.37576112868E+03 5.02901313546E+01 
4.00000000000E+00 4.50000000000E+00 5.00000000000E+00 2.26765177268E+03 5.09868377018E+01 2.42710812890E+03 4.46573426155E+01 1.89969549189E+03 7.53139164359E+01 2.30350568460E+03 3.78322136115E+01 2.35848815448E+03 6.27166214500E+01 2.04621812340E+03 7.49883885889E+01 2.04794207345E+03 5.36587940757E+01 
5.00000000000E+00 5.50000000000E+00 6.00000000000E+00 1.84658129784E+03 3.14567431164E+01 1.96845349118E+03 2.43432575303E+01 1.77675943859E+03 4.40223676905E+01 1.84376245518E+03 2.30847556566E+01 1.99005232633E+03 3.32468524104E+01 1.80458890053E+03 4.42987763660E+01 1.76456266316E+03 3.21335851455E+01 
6.00000000000E+00 6.50000000000E+00 7.00000000000E+00 1.62537006441E+03 2.58814092818E+01 1.62031244624E+03 1.90961021326E+01 1.63940086380E+03 3.70173824811E+01 1.59641617316E+03 1.92438831658E+01 1.64658349705E+03 2.57158480263E+01 1.64264092707E+03 3.62921064395E+01 1.61504001388E+03 2.62151055698E+01 
7.00000000000E+00 7.50000000000E+00 8.00000000000E+00 1.37241958570E+03 1.97962061435E+01 1.37044988225E+03 1.45593277686E+01 1.36950512994E+03 2.86939157871E+01 1.33924675146E+03 1.46968741495E+01 1.39945157816E+03 1.95495095851E+01 1.39356881283E+03 2.77706194454E+01 1.34306992702E+03 2.03829924460E+01 
8.00000000000E+00 8.50000000000E+00 9.00000000000E+00 1.06254688930E+03 1.86955037500E+01 1.09196105667E+03 1.45472375524E+01 1.02912386127E+03 2.69134437862E+01 1.05612559173E+03 1.39065812352E+01 1.10346620176E+03 1.93942359675E+01 1.04769155165E+03 2.60891331174E+01 1.04000592356E+03 1.93007289303E+01 
9.00000000000E+00 9.50000000000E+00 1.00000000000E+01 9.35583849080E+02 1.53730682771E+01 9.32787961107E+02 1.12786602660E+01 9.18146128159E+02 2.13430708118E+01 9.18429573996E+02 1.14314401391E+01 9.46543477843E+02 1.51687818109E+01 9.37024962469E+02 2.14697329403E+01 9.13857737840E+02 1.52692635739E+01 
1.00000000000E+01 1.05000000000E+01 1.10000000000E+01 8.89420815245E+02 1.44498553076E+01 8.73550518415E+02 1.07599549855E+01 9.10009858390E+02 2.02314352682E+01 8.54508698999E+02 1.07796131954E+01 9.05568850610E+02 1.44360194045E+01 9.10660192478E+02 1.98047097839E+01 8.57650073020E+02 1.43000658449E+01 
1.10000000000E+01 1.15000000000E+01 1.20000000000E+01 7.25175459882E+02 1.53676656179E+01 7.33230991801E+02 1.10471471993E+01 7.32336292778E+02 2.10641855931E+01 7.17724748116E+02 1.09915683957E+01 7.56641921737E+02 1.48082474008E+01 7.39940904204E+02 2.13794093456E+01 7.13407130374E+02 1.51463379420E+01 
1.20000000000E+01 1.25000000000E+01 1.30000000000E+01 6.45291467009E+02 9.90377135331E+00 6.50397807342E+02 7.99570852356E+00 6.60781328957E+02 1.39684660097E+01 6.24586722836E+02 7.42274896386E+00 6.75743497111E+02 1.06768934215E+01 6.84881097797E+02 1.48949887203E+01 6.40300876209E+02 1.00687191644E+01 
1.30000000000E+01 1.35000000000E+01 1.40000000000E+01 4.96311295000E+02 1.42872007056E+01 5.14364660029E+02 1.04967838035E+01 4.79400889161E+02 2.02762605901E+01 4.96050656219E+02 1.06541672251E+01 5.15361555696E+02 1.41328070455E+01 4.75153294040E+02 1.98769672433E+01 4.93419762172E+02 1.45765466835E+01 
1.40000000000E+01 1.45000000000E+01 1.50000000000E+01 5.25466362509E+02 1.46588005491E+01 4.46842541946E+02 6.34614412913E+00 5.27473276513E+02 2.04279592062E+01 4.99416098111E+02 1.08686841469E+01 4.50381834310E+02 8.47663199891E+00 5.54395293974E+02 2.05152772072E+01 5.03672188198E+02 1.46066967866E+01 
1.50000000000E+01 1.55000000000E+01 1.60000000000E+01 3.91578099377E+02 6.35329105904E+00 4.01891912505E+02 4.93426256601E+00 3.95781440299E+02 1.02396905513E+01 3.90736635122E+02 4.75192177083E+00 3.99611114619E+02 6.33316858034E+00 3.92103297748E+02 8.99845098597E+00 3.98154412024E+02 7.38605839901E+00 
1.60000000000E+01 1.65000000000E+01 1.70000000000E+01 3.52321535577E+02 1.00583407930E+01 3.69599808701E+02 7.61878511416E+00 3.34041579616E+02 1.40567417375E+01 3.50830887565E+02 7.50718624585E+00 3.74317139274E+02 1.02082620293E+01 3.54742830628E+02 1.41518515686E+01 3.43880941668E+02 1.01167963326E+01 
1.70000000000E+01 1.75000000000E+01 1.80000000000E+01 3.02683720960E+02 6.79021009534E+00 3.07940863444E+02 4.97372906297E+00 3.04843687415E+02 8.94813078983E+00 3.03088108413E+02 5.08805710190E+00 3.07180181627E+02 6.66570707100E+00 2.90964568601E+02 9.40586123229E+00 3.11084035091E+02 6.48070970999E+00 
1.80000000000E+01 1.85000000000E+01 1.90000000000E+01 3.04561096965E+02 6.23038628810E+00 3.07993857847E+02 4.52127276852E+00 2.95160941769E+02 8.70693151664E+00 2.97628665219E+02 4.66519175391E+00 3.16790236406E+02 6.03536302820E+00 3.05276457531E+02 8.64580420178E+00 2.95008175445E+02 6.26929851117E+00 
1.90000000000E+01 1.95000000000E+01 2.00000000000E+01 2.67289824051E+02 6.14900623387E+00 2.64740923275E+02 4.49518697066E+00 2.66116944053E+02 8.79966224550E+00 2.61073686962E+02 4.58697941762E+00 2.70527180479E+02 6.02468950553E+00 2.68607718688E+02 8.55909686653E+00 2.63485191224E+02 6.32072144498E+00 
2.00000000000E+01 2.05000000000E+01 2.10000000000E+01 2.43698644346E+02 6.98295948991E+00 2.51006043617E+02 2.73828096032E+00 2.68969226288E+02 6.57257775257E+00 2.36837827833E+02 5.20623964570E+00 2.60816259369E+02 3.61454282553E+00 2.46430157247E+02 9.73105177179E+00 2.41252787968E+02 7.32055290616E+00 
2.10000000000E+01 2.15000000000E+01 2.20000000000E+01 2.25624766784E+02 4.26800951859E+00 2.12608906772E+02 4.24902363791E+00 2.15767014696E+02 6.62141895065E+00 2.08051752563E+02 4.55815998097E+00 2.12677260835E+02 6.15956104433E+00 2.30156987405E+02 5.85847596093E+00 2.14592629053E+02 4.82307659946E+00 
2.20000000000E+01 2.25000000000E+01 2.30000000000E+01 1.90661390011E+02 6.95140857951E+00 1.79893191066E+02 3.23542189001E+00 1.78018437389E+02 6.08395961662E+00 1.85283548210E+02 4.77206608553E+00 1.76105424144E+02 4.39686656943E+00 1.65350692657E+02 6.49468613426E+00 1.94244323575E+02 7.27353558444E+00 
2.30000000000E+01 2.35000000000E+01 2.40000000000E+01 2.31495255471E+02 3.55736323969E+00 2.12270653985E+02 2.68856555841E+00 2.45905228547E+02 4.92178224113E+00 2.12220126097E+02 2.69395693894E+00 2.29112329793E+02 3.58567491314E+00 2.50991987043E+02 4.89102390133E+00 2.27789209049E+02 3.53001971623E+00 
2.40000000000E+01 2.45000000000E+01 2.50000000000E+01 1.12726110946E+02 1.51942534854E+01 1.29196310765E+02 1.05386949596E+01 8.29404924236E+01 2.27160520337E+01 1.22327010691E+02 1.12871887571E+01 1.21491063310E+02 1.41861421947E+01 9.20226596245E+01 2.11784760833E+01 1.05337271905E+02 1.62838506174E+01 
2.50000000000E+01 2.55000000000E+01 2.60000000000E+01 1.47585896482E+02 3.42582996010E+00 1.46812082862E+02 2.51820647622E+00 1.52257794437E+02 5.02820245364E+00 1.42830998042E+02 2.53943666477E+00 1.52293199870E+02 3.40837401374E+00 1.50136160368E+02 4.76555835446E+00 1.44760875693E+02 3.51423611039E+00 
2.60000000000E+01 2.65000000000E+01 2.70000000000E+01 1.56900611644E+02 2.30054014185E+00 1.49281891154E+02 1.59392227320E+00 1.65659455538E+02 4.01764923055E+00 1.48814766316E+02 1.75490295594E+00 1.57242740802E+02 2.08033990420E+00 1.65081412450E+02 3.14432687596E+00 1.57007000447E+02 2.91714120821E+00 
2.70000000000E+01 2.75000000000E+01 2.80000000000E+01 1.58827714072E+02 4.04827545548E+00 1.53423855731E+02 2.76179799331E+00 1.72711294976E+02 5.65733204951E+00 1.47118513020E+02 3.02278022181E+00 1.66940045852E+02 3.69836338770E+00 1.72597721461E+02 5.62752213422E+00 1.56568415830E+02 4.03536104986E+00 
2.80000000000E+01 2.85000000000E+01 2.90000000000E+01 1.24028394054E+02 3.14792132650E+00 1.20015709713E+02 2.40825346242E+00 1.28926463370E+02 4.46024206206E+00 1.18758714622E+02 2.45500491227E+00 1.22436251470E+02 2.92465333855E+00 1.30766551736E+02 4.35416736223E+00 1.23114317251E+02 3.23241099704E+00 
2.90000000000E+01 2.95000000000E+01 3.00000000000E+01 1.20985319927E+02 2.44550272304E+00 1.17864933727E+02 1.79818371667E+00 1.26025594496E+02 3.45651520607E+00 1.14297647528E+02 1.85047133576E+00 1.25761526516E+02 2.37987696036E+00 1.27803467577E+02 3.36191508628E+00 1.19608393059E+02 2.51754080959E+00 
3.00000000000E+01 3.05000000000E+01 3.10000000000E+01 9.40337871637E+01 2.20845070717E+00 9.73783993908E+01 1.39634466902E+00 9.20114086956E+01 3.23065678087E+00 9.15762147564E+01 1.67230806325E+00 1.01169509408E+02 1.90318487740E+00 9.52704584951E+01 3.03828246734E+00 9.70660946246E+01 1.94913116511E+00 
3.10000000000E+01 3.15000000000E+01 3.20000000000E+01 9.65344862880E+01 1.90626231583E+00 9.24732425860E+01 1.41204633910E+00 9.98140660940E+01 2.74673801884E+00 9.22338889872E+01 1.41898068969E+00 9.74201631419E+01 1.85645362857E+00 1.01136836671E+02 2.61257669201E+00 9.56312075004E+01 2.00238322115E+00 
3.20000000000E+01 3.25000000000E+01 3.30000000000E+01 9.48829177592E+01 2.91168061623E+00 8.82993973708E+01 2.14345566808E+00 1.00867472922E+02 4.17256870916E+00 8.86295401581E+01 2.19269555030E+00 9.43531459542E+01 2.86099611912E+00 1.01805939821E+02 4.05659918609E+00 9.42461704867E+01 2.98939349681E+00 
3.30000000000E+01 3.35000000000E+01 3.40000000000E+01 1.02227795222E+02 4.26114121755E+00 9.43547759334E+01 3.11164404555E+00 1.13548627758E+02 6.02428828981E+00 9.32158974257E+01 3.17387529303E+00 1.03772926502E+02 4.17922763224E+00 1.14911271565E+02 5.93896174799E+00 1.02034187188E+02 4.32897248270E+00 
3.40000000000E+01 3.45000000000E+01 3.50000000000E+01 7.99834659115E+01 1.73327526003E+00 7.61082562864E+01 1.28919364937E+00 7.92554836301E+01 2.52185352145E+00 7.58070654877E+01 1.31359434762E+00 8.05333059026E+01 1.70208671640E+00 8.23486687963E+01 2.34038517736E+00 7.66942328327E+01 1.83707204058E+00 
3.50000000000E+01 3.55000000000E+01 3.60000000000E+01 6.88934639428E+01 1.70609266951E+00 6.54239369863E+01 1.24456959515E+00 7.20189740766E+01 2.38715951774E+00 6.52671336618E+01 1.29420670027E+00 6.88884836615E+01 1.64129491324E+00 7.23958836488E+01 2.33994182921E+00 6.83493536245E+01 1.74056435508E+00 
3.60000000000E+01 3.65000000000E+01 3.70000000000E+01 6.95348633235E+01 1.44829139072E+00 6.46197596659E+01 1.07496529446E+00 7.58988394632E+01 2.07207643204E+00 6.51925805315E+01 1.10205357548E+00 6.87815303427E+01 1.41021601700E+00 7.45546102568E+01 1.98218969176E+00 7.05472915941E+01 1.51262810378E+00 
3.70000000000E+01 3.75000000000E+01 3.80000000000E+01 6.18633686530E+01 1.40372985895E+00 5.81129586264E+01 1.03370185564E+00 6.49531514656E+01 1.99632613207E+00 5.77691289516E+01 1.06614662970E+00 6.23303206292E+01 1.36029047293E+00 6.66554547622E+01 1.92411682443E+00 6.06931250737E+01 1.45690423790E+00 
3.80000000000E+01 3.85000000000E+01 3.90000000000E+01 3.89211308596E+01 1.19799475774E+00 4.20348968706E+01 8.62116196278E-01 3.42022326166E+01 1.57722422472E+00 4.04197584167E+01 9.06673995423E-01 4.08699302535E+01 1.14258687036E+00 3.73872085600E+01 1.56548558136E+00 3.84981138075E+01 1.22682880938E+00 
3.90000000000E+01 3.95000000000E+01 4.00000000000E+01 5.91515895319E+01 1.13678240065E+00 5.37495506670E+01 8.31901612135E-01 6.70350149734E+01 1.47207664491E+00 5.41370104315E+01 8.62218977539E-01 5.86256069552E+01 1.09606005636E+00 6.48982561880E+01 1.55069265677E+00 5.96572469622E+01 1.18440976885E+00 
4.00000000000E+01 4.05000000000E+01 4.10000000000E+01 3.84880355813E+01 1.28873578992E+00 3.74324928398E+01 9.45758006794E-01 4.34329264434E+01 1.80356526133E+00 3.78772025921E+01 9.75709548841E-01 3.79608665695E+01 1.24855883704E+00 3.80211116865E+01 1.78013859156E+00 4.21184981841E+01 1.31276732113E+00 
4.10000000000E+01 4.15000000000E+01 4.20000000000E+01 4.71238740471E+01 1.16341754675E+00 4.40515341717E+01 8.41337099894E-01 5.40858985036E+01 1.31474945596E+00 4.38368947911E+01 8.78394620820E-01 4.65962132907E+01 1.13214888520E+00 5.09968939728E+01 1.61090191282E+00 4.99559685454E+01 9.69668450586E-01 
4.20000000000E+01 4.25000000000E+01 4.30000000000E+01 4.04748922702E+01 1.03911925612E+00 3.87418174198E+01 7.53566917707E-01 4.29272717796E+01 1.46973507781E+00 3.81302735880E+01 7.76713654728E-01 4.11117307801E+01 9.96061598914E-01 4.33040011868E+01 1.42197345961E+00 4.03742483805E+01 1.07574680053E+00 
4.30000000000E+01 4.35000000000E+01 4.40000000000E+01 3.44953882177E+01 8.05232703523E-01 3.36586540939E+01 6.20234100278E-01 3.44053877604E+01 1.20435105010E+00 3.33164455393E+01 6.18938095581E-01 3.50876272071E+01 8.08941785066E-01 3.53373945690E+01 1.09529777517E+00 3.38921902285E+01 8.83599098543E-01 
4.40000000000E+01 4.45000000000E+01 4.50000000000E+01 3.30524874085E+01 7.76492152383E-01 3.14368927386E+01 5.56341654282E-01 3.62394666300E+01 1.15806864886E+00 3.13584261483E+01 5.98498557537E-01 3.29946763310E+01 7.33376509704E-01 3.54082039414E+01 1.03263332241E+00 3.43117524588E+01 8.49983993662E-01 
4.50000000000E+01 4.55000000000E+01 4.60000000000E+01 2.94496486176E+01 7.96432109740E-01 2.79747393822E+01 5.60441557531E-01 2.76319960290E+01 1.08804791219E+00 2.81512363193E+01 5.90103200150E-01 2.86561652082E+01 7.33394263436E-01 2.80010817428E+01 1.03829008273E+00 2.78924749393E+01 7.91216421525E-01 
4.60000000000E+01 4.65000000000E+01 4.70000000000E+01 2.72593525286E+01 6.52402484517E-01 2.57712232678E+01 5.09996378839E-01 2.84949638858E+01 9.55209629804E-01 2.59849651562E+01 5.07611456741E-01 2.69132268900E+01 6.62835859078E-01 2.84846015363E+01 8.56181841575E-01 2.73796793684E+01 6.65905104879E-01 
4.70000000000E+01 4.75000000000E+01 4.80000000000E+01 2.60288799466E+01 7.01061448090E-01 2.56616210635E+01 5.05675099187E-01 2.65875717223E+01 1.02711844263E+00 2.48202434672E+01 5.41015871692E-01 2.72305475239E+01 6.55265436844E-01 2.76356723224E+01 9.41508981371E-01 2.57515531452E+01 7.59065197819E-01 
4.80000000000E+01 4.85000000000E+01 4.90000000000E+01 2.07843119620E+01 6.93580347214E-01 2.02769849324E+01 5.06164135620E-01 1.97851007343E+01 1.02053847742E+00 2.03145620336E+01 5.29690606192E-01 2.07444054019E+01 6.62529582622E-01 2.08595981866E+01 9.48264921025E-01 2.00174615621E+01 7.46275631907E-01 
4.90000000000E+01 4.95000000000E+01 5.00000000000E+01 2.94892207181E+01 9.15865341950E-01 2.55989162396E+01 6.07184609236E-01 3.43891512212E+01 1.45980546979E+00 2.62036343892E+01 6.46256814850E-01 2.87173271267E+01 8.68420173192E-01 3.40354102035E+01 1.36551193993E+00 2.99952027912E+01 9.78972932792E-01 
5.00000000000E+01 5.05000000000E+01 5.10000000000E+01 1.67394047264E+01 8.99501944418E-01 1.69386790451E+01 5.83924266270E-01 1.53012030777E+01 1.39855207466E+00 1.71434760916E+01 6.25790663960E-01 1.65174076778E+01 8.41837213895E-01 1.49525196450E+01 1.33681246090E+00 1.66339705851E+01 9.34930650359E-01 
5.10000000000E+01 5.15000000000E+01 5.20000000000E+01 1.90519406838E+01 5.88636576070E-01 1.70567998008E+01 4.05138948299E-01 1.97316193793E+01 8.72145450402E-01 1.81924510111E+01 4.46018213782E-01 1.75519155359E+01 5.34735354524E-01 1.78525018606E+01 7.35951771470E-01 1.90155924069E+01 6.33193644600E-01 
5.20000000000E+01 5.25000000000E+01 5.30000000000E+01 1.75812245225E+01 5.83184857729E-01 1.62184462672E+01 4.40095596354E-01 1.82216003892E+01 8.63824903274E-01 1.65690145522E+01 4.39239263852E-01 1.71622944746E+01 5.85270584953E-01 1.86548160932E+01 8.09947377960E-01 1.70355367935E+01 6.23963924426E-01 
5.30000000000E+01 5.35000000000E+01 5.40000000000E+01 1.42187311893E+01 4.82008313669E-01 2.02629318823E+01 1.24999144963E+00 1.42558656192E+01 7.03205619829E-01 1.93625255464E+01 1.21610493872E+00 1.53437243289E+01 5.07735851038E-01 1.39238696958E+01 6.59530932951E-01 2.13250508326E+01 1.62672634861E+00 
5.40000000000E+01 5.45000000000E+01 5.50000000000E+01 6.34932348066E+00 1.71539894867E+00 8.10490330492E+00 1.23420739565E+00 2.85031849766E+00 2.37020945684E+00 8.08208308036E+00 1.20688455542E+00 6.42044264974E+00 1.75075745609E+00 3.17553901059E+00 2.52132903767E+00 1.23072104053E+01 4.84561884466E-01 
5.50000000000E+01 5.55000000000E+01 5.60000000000E+01 1.61721074045E+01 5.33974114103E-01 1.48960016184E+01 3.92044693652E-01 1.80609863375E+01 7.98962377003E-01 1.48329124603E+01 4.06568300430E-01 1.63215592644E+01 5.14955888370E-01 1.77681698683E+01 7.41984150960E-01 1.64787011423E+01 5.73384926227E-01 
5.60000000000E+01 5.65000000000E+01 5.70000000000E+01 1.37820777177E+01 5.57287005122E-01 1.27237786392E+01 3.99051428429E-01 1.49864781028E+01 8.18398587897E-01 1.30168920401E+01 4.19797334354E-01 1.33839403419E+01 5.34452308143E-01 1.44479775972E+01 7.78773674084E-01 1.42181376159E+01 5.86818026156E-01 
5.70000000000E+01 5.75000000000E+01 5.80000000000E+01 1.32183788488E+01 5.54260059040E-01 1.18815202004E+01 3.57408624677E-01 1.44576638687E+01 8.37215171997E-01 1.19036948754E+01 3.67010994509E-01 1.27318045145E+01 4.80639793692E-01 1.43084950442E+01 7.78328324838E-01 1.34204904572E+01 6.00131137266E-01 
5.80000000000E+01 5.85000000000E+01 5.90000000000E+01 8.54398864375E+00 4.36936876381E-01 9.04681155617E+00 2.83852714407E-01 6.87558249112E+00 6.63552781065E-01 8.67291286530E+00 3.35873136401E-01 9.02663368460E+00 3.66820599119E-01 7.97038650517E+00 5.92947565224E-01 7.83286174804E+00 4.88674508153E-01 
5.90000000000E+01 5.95000000000E+01 6.00000000000E+01 3.50056381947E+00 1.06851728325E+00 4.51832880144E+00 7.89653252700E-01 9.75160615700E+00 7.58680999074E-01 4.46057876180E+00 8.09231384352E-01 3.60959696260E+00 1.04068213093E+00 2.33896769130E+00 1.45864205002E+00 9.16709012292E+00 5.72856358364E-01 
6.00000000000E+01 6.05000000000E+01 6.10000000000E+01 8.65214432485E+00 4.99518530479E-01 8.18019205937E+00 2.72620654207E-01 7.75601153926E+00 6.62122392715E-01 8.64710401170E+00 4.00985930590E-01 9.44769198556E+00 5.01543880378E-01 8.23460504004E+00 6.43493533926E-01 8.23934984110E+00 5.04614661726E-01 
6.10000000000E+01 6.15000000000E+01 6.20000000000E+01 7.43836168911E+00 3.29441074439E-01 7.28710661563E+00 2.45593497684E-01 7.17442762955E+00 4.84773061009E-01 7.28756365040E+00 2.54037502608E-01 7.45553699818E+00 3.17624745239E-01 7.73527091596E+00 4.53011271530E-01 7.30752354636E+00 3.58068302985E-01 
6.20000000000E+01 6.25000000000E+01 6.30000000000E+01 6.96788881980E+00 3.27554434170E-01 6.24726034306E+00 2.50660166559E-01 7.15403663600E+00 5.02563472179E-01 6.81088171254E+00 2.50935743426E-01 6.29980455665E+00 3.27636633212E-01 6.41375827302E+00 4.68049480425E-01 7.16198249230E+00 3.70734877560E-01 
6.30000000000E+01 6.35000000000E+01 6.40000000000E+01 8.69983345425E+00 2.85045894903E-01 7.75196069042E+00 2.04700269828E-01 9.23541938798E+00 4.18497556380E-01 8.03900308540E+00 2.19830080012E-01 8.34685776510E+00 2.65837230068E-01 9.35415544393E+00 3.88423472387E-01 8.54900543737E+00 3.09167247674E-01 
6.40000000000E+01 6.45000000000E+01 6.50000000000E+01 8.94225054082E+00 2.20231102826E-01 7.78255837734E+00 1.54795930581E-01 1.04032686174E+01 3.18630944185E-01 8.05511721544E+00 1.71471917631E-01 8.61459088026E+00 1.97952433042E-01 1.01589005773E+01 2.97967391480E-01 9.24975443237E+00 2.35923798214E-01 
6.50000000000E+01 6.55000000000E+01 6.60000000000E+01 4.86054395312E+00 2.17873127461E-01 5.43022918996E+00 1.44019355351E-01 4.49018625676E+00 3.48592128908E-01 4.89785468311E+00 1.67873150940E-01 5.63031304556E+00 1.83356665102E-01 4.62995913606E+00 2.98951053715E-01 4.57033947542E+00 2.45916216193E-01 
6.60000000000E+01 6.65000000000E+01 6.70000000000E+01 4.91590051244E+00 2.19590229472E-01 4.95020043152E+00 1.81773610056E-01 4.18336079415E+00 3.46585153797E-01 4.97910544271E+00 1.84920071041E-01 4.98648468676E+00 2.36286805008E-01 4.70548401051E+00 2.95270149702E-01 4.58399146988E+00 2.52272557376E-01 
6.70000000000E+01 6.75000000000E+01 6.80000000000E+01 4.43611485243E+00 2.17928762587E-01 4.48775823508E+00 1.58578989282E-01 4.43031786974E+00 3.22104943996E-01 4.46100593514E+00 1.70800069267E-01 4.49827752392E+00 2.02935467508E-01 4.30015538498E+00 2.96235806694E-01 4.56842996738E+00 2.40930115142E-01 
6.80000000000E+01 6.85000000000E+01 6.90000000000E+01 4.02905358828E+00 2.03262433078E-01 4.43664584742E+00 1.56069861898E-01 2.96092275496E+00 4.42553820017E-01 3.98663291753E+00 1.56839695414E-01 4.66793396768E+00 2.02488754337E-01 4.10007107673E+00 2.75717654884E-01 3.33135240601E+00 3.21045710480E-01 
6.90000000000E+01 6.95000000000E+01 7.00000000000E+01 6.89278988721E+00 2.37962494944E-01 5.61717094704E+00 1.75941398829E-01 9.20573778618E+00 4.87149688870E-01 6.21845499039E+00 1.83412536209E-01 6.07484499279E+00 2.28220421966E-01 7.75360083840E+00 3.21309344884E-01 7.91666599752E+00 3.55143633307E-01 
7.00000000000E+01 7.05000000000E+01 7.10000000000E+01 3.46046933373E+00 1.41864101256E-01 3.27916593223E+00 1.04564643612E-01 3.14628621672E+00 2.19561079978E-01 3.34867429072E+00 1.10935822404E-01 3.40735047929E+00 1.33578893640E-01 3.61857320154E+00 1.86903759412E-01 3.22369834755E+00 1.60399400043E-01 
7.10000000000E+01 7.15000000000E+01 7.20000000000E+01 2.86576018280E+00 1.68152973122E-01 2.84706985669E+00 1.25277186745E-01 1.58258899766E+00 2.89665360926E-01 2.98265120994E+00 1.22866898398E-01 2.67937129779E+00 1.71944520658E-01 2.06764009334E+00 2.78581586211E-01 2.22872980114E+00 2.03406399265E-01 
7.20000000000E+01 7.25000000000E+01 7.30000000000E+01 3.57174604802E+00 1.76511173295E-01 3.53547421282E+00 1.36255133784E-01 3.92141155882E+00 2.56433382063E-01 3.42034862406E+00 1.30861770272E-01 3.74434063720E+00 1.82555040791E-01 3.69962029524E+00 2.50232040889E-01 3.68859147862E+00 1.81294887308E-01 
7.30000000000E+01 7.35000000000E+01 7.40000000000E+01 2.00953583995E+00 1.89214476790E-01 1.98489107803E+00 1.35307798758E-01 2.13371388322E+00 2.89346359852E-01 2.02927832996E+00 1.39734955397E-01 1.88549506803E+00 1.77537396996E-01 1.17528872084E+00 2.18553707628E-01 2.13933157398E+00 2.06378744700E-01 
7.40000000000E+01 7.45000000000E+01 7.50000000000E+01 2.87650490422E+00 1.40159286950E-01 3.19320354199E+00 1.06233085035E-01 3.12769469050E+00 2.40010737468E-01 2.86967244357E+00 1.05628203034E-01 3.15032758672E+00 1.45243784321E-01 2.76258334856E+00 1.97189125298E-01 3.16606953886E+00 1.70681965049E-01 
7.50000000000E+01 7.55000000000E+01 7.60000000000E+01 3.25700249265E+00 1.16104342100E-01 2.96313050465E+00 8.83737060350E-02 3.53422426831E+00 1.66362534971E-01 3.05076260187E+00 9.10991878536E-02 3.16779964821E+00 1.14255923953E-01 3.51289630973E+00 1.58870896609E-01 3.29814758217E+00 1.23333309915E-01 
7.60000000000E+01 7.65000000000E+01 7.70000000000E+01 2.61549468383E+00 1.13704239709E-01 2.50132250949E+00 8.86267562736E-02 2.56895798880E+00 1.63861947017E-01 2.60362659414E+00 7.92383019098E-02 2.68942168672E+00 1.11654875394E-01 2.73450383647E+00 1.52171126344E-01 2.56148091881E+00 1.23516616545E-01 
7.70000000000E+01 7.75000000000E+01 7.80000000000E+01 4.25458815674E+00 4.85759250341E-01 3.35884425941E+00 3.10489006729E-01 5.69607753363E+00 7.69896675566E-01 3.63511010384E+00 3.43530934773E-01 3.95056173942E+00 4.40558608691E-01 5.16065402569E+00 7.10587623599E-01 4.66679753873E+00 5.27934992541E-01 
7.80000000000E+01 7.85000000000E+01 7.90000000000E+01 1.01634691284E-01 4.83725535413E-01 5.59951623670E-01 3.06561943563E-01 -7.08861628282E-01 7.68584617717E-01 6.01366001944E-01 3.41571069067E-01 2.44029148093E-01 4.38519243958E-01 -6.73424439430E-01 7.08226100886E-01 1.75424795202E-01 5.26418357987E-01 
7.90000000000E+01 7.95000000000E+01 8.00000000000E+01 2.08709760074E+00 7.71291789086E-02 1.91715198927E+00 6.09166330604E-02 2.21134181115E+00 1.07717919339E-01 1.95725198461E+00 6.10964606604E-02 2.03577942275E+00 7.64882500804E-02 2.24773490161E+00 1.02632615917E-01 2.10463360505E+00 8.08578400795E-02 
8.00000000000E+01 8.05000000000E+01 8.10000000000E+01 1.74239891783E+00 9.54628849977E-02 1.44077437992E+00 8.10005095609E-02 1.45983706062E+00 1.31875735745E-01 1.72353121783E+00 7.43563029739E-02 1.61909885028E+00 8.61303583451E-02 1.73767082102E+00 1.29207325250E-01 1.59192637236E+00 9.79836983955E-02 
8.10000000000E+01 8.15000000000E+01 8.20000000000E+01 1.76810562647E+00 7.73169055764E-02 1.67687241278E+00 5.73451579970E-02 1.81283189215E+00 1.14053480216E-01 1.68079586976E+00 6.07008070920E-02 1.77626360904E+00 7.31505939399E-02 1.85625754911E+00 1.03650108039E-01 1.75968864745E+00 8.50364832348E-02 
8.20000000000E+01 8.25000000000E+01 8.30000000000E+01 1.39241079285E+00 6.89403759157E-02 1.36227558333E+00 5.16195003341E-02 1.46340148994E+00 1.06506133057E-01 1.35693244801E+00 5.56527941737E-02 1.41510300347E+00 6.46369920086E-02 1.46524280893E+00 8.88120143300E-02 1.44527878380E+00 8.06941660308E-02 
8.30000000000E+01 8.35000000000E+01 8.40000000000E+01 1.23251113241E+00 6.16918053170E-02 1.21894968828E+00 4.70247143521E-02 1.54744887483E+00 9.90163979674E-02 1.23284070292E+00 4.95740461416E-02 1.33782477740E+00 6.29297105054E-02 1.18924984981E+00 8.05566176509E-02 1.30209594899E+00 6.72728108376E-02 
8.40000000000E+01 8.45000000000E+01 8.50000000000E+01 3.28828568191E-01 1.09875559416E-01 5.05299876621E-01 8.54817096574E-02 -2.14912959844E-01 1.50920454567E-01 5.18334587551E-01 8.59795755701E-02 2.75728238121E-01 1.07471783845E-01 -1.07581788286E-02 1.48796317101E-01 3.65824447882E-01 1.16905853382E-01 
8.50000000000E+01 8.55000000000E+01 8.60000000000E+01 1.29325030180E+00 6.76697525733E-02 1.23320505944E+00 6.03154102549E-02 1.63471016332E+00 9.48580904942E-02 1.21761694103E+00 5.57057885735E-02 1.28588070431E+00 7.01185453493E-02 1.40039307802E+00 8.47051666744E-02 1.51812300059E+00 7.09268062836E-02 
8.60000000000E+01 8.65000000000E+01 8.70000000000E+01 1.11037231388E+00 4.94754650502E-02 1.09989933729E+00 3.95706575510E-02 9.01831874118E-01 9.27249022652E-02 1.10468460727E+00 3.98589753909E-02 1.12400297861E+00 4.86460778201E-02 1.08420280521E+00 6.64247950896E-02 9.99309993750E-01 6.86860371989E-02 
8.70000000000E+01 8.75000000000E+01 8.80000000000E+01 1.10380327658E+00 6.25397684370E-02 1.05420723088E+00 4.57577580139E-02 1.51785806765E+00 1.04217421108E-01 1.06286774020E+00 4.84438087964E-02 1.10484543476E+00 5.89707166470E-02 1.22003535245E+00 8.29150715497E-02 1.40927119714E+00 7.62082698403E-02 
8.80000000000E+01 8.85000000000E+01 8.90000000000E+01 1.07341452671E+00 6.69333257295E-02 1.01488091520E+00 4.64866869013E-02 1.16969591527E+00 1.03239104944E-01 1.02980892326E+00 5.22198441206E-02 1.06537472890E+00 5.94217264379E-02 1.10595830372E+00 8.95013656110E-02 1.13990874707E+00 7.72603241732E-02 
8.90000000000E+01 8.95000000000E+01 9.00000000000E+01 8.48380065503E-01 3.65299378055E-02 3.61532916456E-01 7.40156145406E-02 1.02739526825E-01 1.38660874682E-01 3.77527969134E-01 7.69901284772E-02 2.72293527242E-01 9.51960357230E-02 1.45038838171E-01 1.32283639647E-01 8.09786092026E-01 3.79858257493E-02 
9.00000000000E+01 9.05000000000E+01 9.10000000000E+01 5.32914946360E-01 3.26868548615E-02 8.78231637782E-01 6.90347413351E-02 7.78562816525E-01 1.23779950711E-01 8.22062709646E-01 7.08565370505E-02 9.13137492101E-01 8.87639162546E-02 8.30098214338E-01 1.22333740694E-01 8.22175176267E-01 9.22506035813E-02 
9.10000000000E+01 9.15000000000E+01 9.20000000000E+01 8.35698484652E-01 4.67113729472E-02 7.32047543714E-01 3.43572143133E-02 9.93208192848E-01 7.04706199856E-02 7.48898379542E-01 3.49835546428E-02 8.17601754811E-01 4.43199007540E-02 9.32351668715E-01 6.32751784730E-02 7.91222658990E-01 3.69890241110E-02 
9.20000000000E+01 9.25000000000E+01 9.30000000000E+01 2.52478031526E-01 4.79885891441E-02 4.14560883932E-01 3.18227081004E-02 2.36128545059E-01 6.63011144852E-02 3.22744245637E-01 3.72558825300E-02 3.80447173358E-01 4.00415206893E-02 1.34279196098E-01 6.46100899238E-02 3.23603365156E-01 4.93960274977E-02 
9.30000000000E+01 9.35000000000E+01 9.40000000000E+01 1.91702802836E+00 2.54294280576E-01 1.49631558006E+00 1.74622475402E-01 2.50017206078E+00 3.66154766952E-01 1.51242799552E+00 1.75136038073E-01 1.90023005808E+00 2.52731404933E-01 2.54589433705E+00 3.80736953260E-01 1.83252108116E+00 2.43524667926E-01 
9.40000000000E+01 9.45000000000E+01 9.50000000000E+01 -3.94007747307E-01 2.53885664194E-01 -1.73352542343E-01 1.74166174539E-01 -7.17800381871E-01 3.67260372006E-01 -1.17694009742E-01 1.75034705366E-01 -4.56449965626E-01 2.51813029834E-01 -8.20805576980E-01 3.79842581699E-01 -2.92648230490E-01 2.44166800676E-01 
9.50000000000E+01 9.55000000000E+01 9.60000000000E+01 7.00121511655E-01 3.46242682026E-02 5.03210969105E-01 4.30078176873E-02 2.43838623428E-01 1.01449594321E-01 6.26212856464E-01 2.69940138455E-02 4.96799181192E-01 5.97385974919E-02 3.90695045127E-01 9.43616250857E-02 3.61500802944E-01 6.94808082056E-02 
9.60000000000E+01 9.65000000000E+01 9.70000000000E+01 8.54802242810E-01 6.71961571384E-02 6.59796062572E-01 4.42800833712E-02 1.09007259720E+00 1.04345383424E-01 6.99247856426E-01 4.68031538748E-02 8.17466745764E-01 6.38124516111E-02 1.09893156953E+00 1.00282649975E-01 8.55832944421E-01 7.00632928083E-02 
9.70000000000E+01 9.75000000000E+01 9.80000000000E+01 1.00530640660E-01 6.46691515813E-02 1.82437729040E-01 4.31512032154E-02 -4.08423236555E-02 9.88847959118E-02 1.79668867748E-01 4.52594716964E-02 1.10058208174E-01 6.17083700266E-02 -3.26399797319E-02 9.59884578291E-02 1.07035466270E-01 6.67110295646E-02 
9.80000000000E+01 9.85000000000E+01 9.90000000000E+01 4.53710778142E-01 2.45534760421E-02 3.99420758311E-01 1.77348064981E-02 4.98583780397E-01 3.63321625636E-02 4.22702419246E-01 1.93884149184E-02 4.26256125751E-01 2.24041761152E-02 4.67407021877E-01 3.21437409196E-02 4.72862954955E-01 2.73377226788E-02 
9.90000000000E+01 9.95000000000E+01 1.00000000000E+02 4.42755335602E-01 2.78361800654E-02 4.44220279980E-01 1.97917511346E-02 4.60383017703E-01 4.49719611733E-02 4.37195546531E-01 2.13980646052E-02 4.45054845875E-01 2.35262540279E-02 4.39114021597E-01 3.82545633878E-02 4.80054868130E-01 2.78657801245E-02 
#nx: 3
