#labels: ptz__-1p75__-1p5_lower[1] ptz__-1p75__-1p5_center[2] ptz__-1p75__-1p5_upper[3] tot_scale01[4] tot_scale01_Err[5] tot_scale02[6] tot_scale02_Err[7] tot_scale03[8] tot_scale03_Err[9] tot_scale04[10] tot_scale04_Err[11] tot_scale05[12] tot_scale05_Err[13] tot_scale06[14] tot_scale06_Err[15] tot_scale07[16] tot_scale07_Err[17]
#neval: 862104527401
#overflow:lower center upper 1.23179539106E+03 1.47368281250E+01 1.22045593255E+03 1.10687797219E+01 1.20590180947E+03 2.00966895721E+01 1.22190546963E+03 1.09406947507E+01 1.22799623789E+03 1.48991353941E+01 1.20841797155E+03 2.05652879699E+01 1.23130284175E+03 1.44047962679E+01 
0.00000000000E+00 5.00000000000E-01 1.00000000000E+00 0.00000000000E+00 0.00000000000E+00 0.00000000000E+00 0.00000000000E+00 0.00000000000E+00 0.00000000000E+00 0.00000000000E+00 0.00000000000E+00 0.00000000000E+00 0.00000000000E+00 0.00000000000E+00 0.00000000000E+00 0.00000000000E+00 0.00000000000E+00 
1.00000000000E+00 1.50000000000E+00 2.00000000000E+00 -6.78162044022E+03 2.41163956780E+02 -4.74094952193E+03 1.92019634745E+02 -8.66955654649E+03 3.07026942225E+02 -2.92654565826E+03 1.79348449880E+02 -9.26425310254E+03 2.55490003034E+02 -1.07397069011E+04 3.33317976490E+02 -5.01778305609E+03 2.19820624632E+02 
2.00000000000E+00 2.50000000000E+00 3.00000000000E+00 2.21600437778E+03 1.35839617299E+02 3.93686090990E+03 9.54492327465E+01 7.28221508504E+02 1.73073034372E+02 4.10202261227E+03 1.01040903317E+02 1.75187879095E+03 1.31278619365E+02 -1.05251139894E+02 1.89380887123E+02 2.77491898843E+03 1.24184029199E+02 
3.00000000000E+00 3.50000000000E+00 4.00000000000E+00 5.20168722548E+03 9.58044586970E+01 5.84149582571E+03 7.74068602119E+01 4.76498704585E+03 1.20955871828E+02 5.90973905952E+03 7.12762313358E+01 5.06114712650E+03 1.05154759670E+02 4.45110952227E+03 1.34914735555E+02 5.40635074805E+03 8.68471402326E+01 
4.00000000000E+00 4.50000000000E+00 5.00000000000E+00 4.69640802321E+03 8.00135968123E+01 5.34178956058E+03 7.06784733428E+01 4.18927937848E+03 9.97077413552E+01 5.16180067805E+03 5.95464481269E+01 4.85163471635E+03 9.49835631716E+01 4.02659879799E+03 1.11803967858E+02 4.73339596844E+03 7.14472738363E+01 
5.00000000000E+00 5.50000000000E+00 6.00000000000E+00 4.85607237564E+03 1.04865251286E+02 5.07409626404E+03 8.53992979090E+01 4.67429908301E+03 1.31155448320E+02 4.97278209768E+03 7.84167798176E+01 4.88565996280E+03 1.14864296613E+02 4.66479589520E+03 1.46106150009E+02 4.79224527110E+03 9.41352157658E+01 
6.00000000000E+00 6.50000000000E+00 7.00000000000E+00 3.40780419887E+03 5.93554574325E+01 3.71135684518E+03 4.82667442229E+01 3.02185357054E+03 7.62858313560E+01 3.69447235626E+03 4.41851461801E+01 3.34930542575E+03 6.48426907789E+01 2.94372899796E+03 8.25798088329E+01 3.35788055711E+03 5.50423818140E+01 
7.00000000000E+00 7.50000000000E+00 8.00000000000E+00 3.46444484643E+03 4.77814440808E+01 3.66751599727E+03 3.96959168235E+01 3.26265984256E+03 6.06506046027E+01 3.57936950284E+03 3.55849748154E+01 3.48716936717E+03 5.32850836213E+01 3.26739316136E+03 6.65671961663E+01 3.40041442639E+03 4.36435501569E+01 
8.00000000000E+00 8.50000000000E+00 9.00000000000E+00 3.07064309972E+03 4.27802902638E+01 3.22576885738E+03 3.34155157183E+01 2.86130040084E+03 5.33797505611E+01 3.16052979861E+03 3.17773786723E+01 3.12514228864E+03 4.52117083255E+01 2.92311192230E+03 5.95816660260E+01 3.01036150403E+03 3.84634311220E+01 
9.00000000000E+00 9.50000000000E+00 1.00000000000E+01 3.06285623832E+03 4.36048667739E+01 3.10937655496E+03 3.50634916929E+01 3.03600248062E+03 5.51826708988E+01 3.04265335124E+03 3.24610022325E+01 3.09826004674E+03 4.71095297144E+01 3.07600071724E+03 6.06950530619E+01 3.00345457334E+03 3.96301288489E+01 
1.00000000000E+01 1.05000000000E+01 1.10000000000E+01 2.70860481454E+03 4.11024146172E+01 2.74681401040E+03 3.17032546754E+01 2.66334157832E+03 5.56308565086E+01 2.69266519457E+03 3.06958550880E+01 2.74507540753E+03 4.25081934260E+01 2.70144482408E+03 5.70233362958E+01 2.64044218460E+03 4.00683366819E+01 
1.10000000000E+01 1.15000000000E+01 1.20000000000E+01 2.55276018746E+03 2.74185947436E+01 2.56139786818E+03 2.23947388452E+01 2.47503583606E+03 3.16679415623E+01 2.48104801131E+03 2.08221905646E+01 2.60096649440E+03 2.99778417082E+01 2.62020622553E+03 3.80283856846E+01 2.42148368327E+03 2.28180500295E+01 
1.20000000000E+01 1.25000000000E+01 1.30000000000E+01 2.06809281749E+03 2.25794283362E+01 2.11101393363E+03 1.82544891400E+01 1.95585523798E+03 2.87279964024E+01 2.08825441497E+03 1.69074998655E+01 2.08167529279E+03 2.44724694644E+01 2.01867611163E+03 3.13237730931E+01 1.99679559093E+03 2.07461766892E+01 
1.30000000000E+01 1.35000000000E+01 1.40000000000E+01 1.95722971655E+03 2.61417281257E+01 1.98463296391E+03 2.13511621115E+01 1.91056888520E+03 3.38716087535E+01 1.93659653877E+03 1.94749982916E+01 1.98232862231E+03 2.74838482119E+01 1.96531750790E+03 3.52330427058E+01 1.89757024987E+03 2.40928593663E+01 
1.40000000000E+01 1.45000000000E+01 1.50000000000E+01 1.78359742374E+03 2.12846063152E+01 1.79839530488E+03 1.69900340456E+01 1.80409513207E+03 2.42541681787E+01 1.75615144502E+03 1.58666731117E+01 1.81175921090E+03 2.27548798258E+01 1.78905105220E+03 2.95327266998E+01 1.77177917021E+03 1.74792210821E+01 
1.50000000000E+01 1.55000000000E+01 1.60000000000E+01 1.52818975326E+03 1.98634301729E+01 1.55047806631E+03 1.59761645759E+01 1.51646526650E+03 2.51722151781E+01 1.54068307945E+03 1.49563544992E+01 1.53006618839E+03 2.12867245167E+01 1.49691058329E+03 2.75071458320E+01 1.53191207780E+03 1.81377256191E+01 
1.60000000000E+01 1.65000000000E+01 1.70000000000E+01 1.53335445477E+03 1.78493378752E+01 1.54913911321E+03 1.38244582801E+01 1.53961624126E+03 2.34435560687E+01 1.50480532869E+03 1.33390837129E+01 1.56402681934E+03 1.85048220591E+01 1.54499893153E+03 2.48018676325E+01 1.50981913039E+03 1.68755702149E+01 
1.70000000000E+01 1.75000000000E+01 1.80000000000E+01 1.51141712972E+03 2.07558911787E+01 1.47771277011E+03 1.65075415266E+01 1.49999759828E+03 2.68360605601E+01 1.45873279491E+03 1.54559340468E+01 1.51739426551E+03 2.21669170125E+01 1.56947697891E+03 2.88657546880E+01 1.43099391777E+03 1.93878227885E+01 
1.80000000000E+01 1.85000000000E+01 1.90000000000E+01 1.13016165989E+03 2.03380113234E+01 1.16630401351E+03 1.61632410460E+01 1.04190231961E+03 2.69224512364E+01 1.14557309168E+03 1.51104191036E+01 1.14257859722E+03 2.17518954179E+01 1.07606636825E+03 2.86236256663E+01 1.08169721464E+03 1.92418655409E+01 
1.90000000000E+01 1.95000000000E+01 2.00000000000E+01 1.22730564918E+03 1.37627963600E+01 1.21655555439E+03 1.09907825826E+01 1.27708262608E+03 1.75951677978E+01 1.19646162261E+03 1.02970408536E+01 1.24004283893E+03 1.46821646107E+01 1.26324632092E+03 1.91300114917E+01 1.22535905048E+03 1.26977556875E+01 
2.00000000000E+01 2.05000000000E+01 2.10000000000E+01 1.12003475749E+03 2.22729032063E+01 1.11664763587E+03 1.82078403927E+01 1.09163826918E+03 2.86360432828E+01 1.09695390070E+03 1.65715333871E+01 1.13334290672E+03 2.44746831083E+01 1.13668389633E+03 3.10700394301E+01 1.07597935667E+03 2.05589253025E+01 
2.10000000000E+01 2.15000000000E+01 2.20000000000E+01 1.06107599493E+03 1.37639358368E+01 1.06743563357E+03 1.10328509511E+01 1.03818553939E+03 1.76891964071E+01 1.03579918411E+03 1.03386718528E+01 1.08670944046E+03 1.46990094936E+01 1.07176374562E+03 1.89365408448E+01 1.02503337294E+03 1.27551084474E+01 
2.20000000000E+01 2.25000000000E+01 2.30000000000E+01 9.71634082025E+02 1.25561839412E+01 9.64159941554E+02 1.01582862029E+01 9.84163867039E+02 1.66296266017E+01 9.45747492494E+02 9.41046896888E+00 9.83001374593E+02 1.35976011360E+01 9.90035224394E+02 1.71854424248E+01 9.55591729866E+02 1.20143101486E+01 
2.30000000000E+01 2.35000000000E+01 2.40000000000E+01 8.54648749534E+02 1.10110000625E+01 8.63429787648E+02 8.79478428220E+00 8.25441139102E+02 1.36391508049E+01 8.43109621905E+02 7.82383844919E+00 8.68069707479E+02 1.17564983004E+01 8.48810947236E+02 1.53622491475E+01 8.29482268186E+02 9.82005762863E+00 
2.40000000000E+01 2.45000000000E+01 2.50000000000E+01 8.45385888700E+02 1.00327725895E+01 8.37623613239E+02 7.96291571741E+00 8.08684790556E+02 1.31612242602E+01 8.31012002369E+02 7.49291132653E+00 8.45413599766E+02 1.06125327572E+01 8.53790951277E+02 1.40171452846E+01 8.05201859316E+02 9.48615488753E+00 
2.50000000000E+01 2.55000000000E+01 2.60000000000E+01 7.67417544848E+02 1.02972818432E+01 7.72252795929E+02 8.21995101970E+00 7.73222241929E+02 1.33061541399E+01 7.56747461575E+02 7.72093943751E+00 7.79774273052E+02 1.09807294229E+01 7.68178130014E+02 1.42831349774E+01 7.62082694004E+02 9.63793392949E+00 
2.60000000000E+01 2.65000000000E+01 2.70000000000E+01 6.86155530059E+02 1.01795578497E+01 6.96580733419E+02 7.94381617286E+00 6.52460200765E+02 1.28491439342E+01 6.82592049919E+02 7.59930606056E+00 6.99672015298E+02 1.06483171732E+01 6.68945784351E+02 1.41288206520E+01 6.74409790604E+02 9.46938344660E+00 
2.70000000000E+01 2.75000000000E+01 2.80000000000E+01 6.93935501221E+02 8.27755230648E+00 6.88982263293E+02 6.55565223758E+00 6.89578151266E+02 1.11927986727E+01 6.78641679557E+02 6.22576802666E+00 6.99888437190E+02 8.75639619096E+00 7.07177549459E+02 1.14515289902E+01 6.78215399247E+02 8.05508956683E+00 
2.80000000000E+01 2.85000000000E+01 2.90000000000E+01 6.42560080931E+02 8.84618670654E+00 6.23910613768E+02 6.98350142760E+00 6.31302265347E+02 1.11013798886E+01 6.34989157584E+02 6.60167333396E+00 6.22551274402E+02 9.32301697663E+00 6.35578029311E+02 1.20778027561E+01 6.27020798961E+02 7.71847727260E+00 
2.90000000000E+01 2.95000000000E+01 3.00000000000E+01 6.10654863073E+02 7.69255696061E+00 6.01512329144E+02 6.01012109766E+00 5.94055012611E+02 9.74903917704E+00 5.91822182272E+02 5.63823120727E+00 6.10299527526E+02 8.03603346978E+00 6.15251648237E+02 1.06244387489E+01 5.84861915300E+02 7.00935232565E+00 
3.00000000000E+01 3.05000000000E+01 3.10000000000E+01 5.48180719122E+02 6.72287976864E+00 5.58952002772E+02 5.31111249084E+00 5.56832957157E+02 9.06178543576E+00 5.41111617973E+02 5.06452041003E+00 5.65858967388E+02 7.05728680581E+00 5.44501709604E+02 9.29163926985E+00 5.50456785339E+02 6.55209326097E+00 
3.10000000000E+01 3.15000000000E+01 3.20000000000E+01 5.45644222588E+02 6.96316535310E+00 5.54736387535E+02 5.31106089412E+00 5.43794687489E+02 9.05313009129E+00 5.35962959533E+02 5.24366302905E+00 5.67952675802E+02 7.06261415629E+00 5.55234800433E+02 9.67648314954E+00 5.33124444106E+02 6.52359544400E+00 
3.20000000000E+01 3.25000000000E+01 3.30000000000E+01 5.60802102742E+02 1.24619678907E+01 5.44339704445E+02 9.77103893490E+00 5.68821886192E+02 1.63726691365E+01 5.39820641239E+02 9.30745329970E+00 5.58751702593E+02 1.30859394251E+01 5.78186735900E+02 1.73622291629E+01 5.46666829463E+02 1.17979848529E+01 
3.30000000000E+01 3.35000000000E+01 3.40000000000E+01 5.24937307162E+02 6.30986022058E+00 5.19061618396E+02 4.97249180835E+00 5.48511336608E+02 8.38957327922E+00 5.06478696044E+02 4.72596884549E+00 5.36946717872E+02 6.60584630114E+00 5.40980392439E+02 8.70522022229E+00 5.27000682070E+02 6.05589659230E+00 
3.40000000000E+01 3.45000000000E+01 3.50000000000E+01 4.18705554095E+02 6.60111959890E+00 4.25919700160E+02 5.02772696248E+00 3.92106987552E+02 9.25184794523E+00 4.18660576475E+02 4.96483700799E+00 4.22460893215E+02 6.71219647205E+00 4.04489469797E+02 9.24990197619E+00 4.04327674454E+02 6.64367910344E+00 
3.50000000000E+01 3.55000000000E+01 3.60000000000E+01 4.88628363979E+02 5.45741052619E+00 4.71151864099E+02 4.33036530009E+00 5.04725918599E+02 7.42854562895E+00 4.72161968472E+02 4.09593956716E+00 4.93828604949E+02 5.76291551281E+00 5.12714778018E+02 7.58914247618E+00 4.78693437502E+02 5.40494253635E+00 
3.60000000000E+01 3.65000000000E+01 3.70000000000E+01 4.28740803261E+02 6.81247901304E+00 4.11011318430E+02 5.66471407475E+00 4.37913175904E+02 9.36393668936E+00 4.12785670126E+02 5.06152960230E+00 4.19914582420E+02 7.82881854936E+00 4.42941017093E+02 9.50433324786E+00 4.23521926877E+02 6.71436902243E+00 
3.70000000000E+01 3.75000000000E+01 3.80000000000E+01 4.21309132444E+02 5.49770925085E+00 4.14008925560E+02 4.20946320548E+00 4.42330170313E+02 7.38848509544E+00 4.07362842806E+02 4.01668505647E+00 4.22478277529E+02 6.23514922041E+00 4.21964012399E+02 8.22885745360E+00 4.25240683316E+02 5.47871347290E+00 
3.80000000000E+01 3.85000000000E+01 3.90000000000E+01 3.62656801470E+02 5.46924147084E+00 3.58809918623E+02 4.22879832320E+00 3.67318569343E+02 7.20459344870E+00 3.58613282656E+02 4.09895021176E+00 3.61679427467E+02 5.72206496489E+00 3.64092192276E+02 7.54578888300E+00 3.63584378221E+02 5.20438870228E+00 
3.90000000000E+01 3.95000000000E+01 4.00000000000E+01 3.80329671996E+02 5.26135187184E+00 3.67737510518E+02 3.98356949494E+00 3.98380897519E+02 6.89284092570E+00 3.65503256838E+02 3.96794724198E+00 3.82838451156E+02 5.29873552214E+00 3.95906060083E+02 7.30398454743E+00 3.79652583652E+02 4.98313900576E+00 
4.00000000000E+01 4.05000000000E+01 4.10000000000E+01 3.44688941412E+02 4.82223157955E+00 3.45364247049E+02 3.82168006328E+00 3.51084988242E+02 6.34716116125E+00 3.39496812840E+02 3.58228330923E+00 3.58676608134E+02 5.01189404984E+00 3.49854471350E+02 6.65898654173E+00 3.40763147875E+02 4.62367016696E+00 
4.10000000000E+01 4.15000000000E+01 4.20000000000E+01 4.11016171315E+02 1.21956334121E+01 3.91942468064E+02 9.64192822208E+00 4.32587798944E+02 1.57393805131E+01 3.80365228868E+02 9.02151582829E+00 4.23275080873E+02 1.30217688984E+01 4.50929311050E+02 1.71476500445E+01 3.96525262759E+02 1.11978259551E+01 
4.20000000000E+01 4.25000000000E+01 4.30000000000E+01 3.64880184069E+02 5.38784514662E+00 3.46394238190E+02 4.14773503659E+00 3.71199913665E+02 7.00576158588E+00 3.40211514865E+02 4.02933704926E+00 3.67885159619E+02 5.52320003834E+00 3.92023987282E+02 7.42619042542E+00 3.47936589093E+02 5.07619085454E+00 
4.30000000000E+01 4.35000000000E+01 4.40000000000E+01 3.26649509477E+02 4.89521599714E+00 3.19077314182E+02 3.96972230261E+00 3.40133857591E+02 6.66512134392E+00 3.13214916373E+02 3.67412673197E+00 3.34473352941E+02 5.28513154317E+00 3.41287325441E+02 6.77267690938E+00 3.24265673538E+02 4.80228064890E+00 
4.40000000000E+01 4.45000000000E+01 4.50000000000E+01 3.02717426738E+02 4.26388107749E+00 2.89007534736E+02 3.35777919911E+00 3.02539765019E+02 5.63580839224E+00 2.90608098920E+02 3.22863193208E+00 2.95598617361E+02 4.42376764866E+00 3.15671263464E+02 5.90389107278E+00 2.91098939687E+02 4.06241331981E+00 
4.50000000000E+01 4.55000000000E+01 4.60000000000E+01 2.33393385860E+02 4.25998952640E+00 2.39285321257E+02 3.31724613020E+00 2.24324705230E+02 5.75449286657E+00 2.34422844191E+02 3.18861946582E+00 2.36407174270E+02 4.42131310849E+00 2.23092128760E+02 5.93410029971E+00 2.33228785118E+02 4.09424664932E+00 
4.60000000000E+01 4.65000000000E+01 4.70000000000E+01 2.67732403067E+02 5.43309768469E+00 2.59581143059E+02 4.91042358990E+00 2.82790379623E+02 6.89763138708E+00 2.61829380307E+02 4.05454069587E+00 2.62068850527E+02 6.58584659140E+00 2.82473841389E+02 7.33303690692E+00 2.69757221921E+02 5.07341803867E+00 
4.70000000000E+01 4.75000000000E+01 4.80000000000E+01 2.38045881825E+02 4.09235748017E+00 2.41127680742E+02 3.00214613201E+00 2.38382343290E+02 5.41531702921E+00 2.37344077291E+02 3.09061105493E+00 2.48222669417E+02 3.83088689036E+00 2.38492714571E+02 5.70919807627E+00 2.34784496688E+02 3.91317718679E+00 
4.80000000000E+01 4.85000000000E+01 4.90000000000E+01 2.20084647998E+02 4.00535403491E+00 2.23160570229E+02 3.10934600599E+00 2.14652913551E+02 5.27893008423E+00 2.18738765332E+02 3.00509915455E+00 2.25582627579E+02 4.13616012676E+00 2.17984863493E+02 5.55080094082E+00 2.15361096940E+02 3.81597119450E+00 
4.90000000000E+01 4.95000000000E+01 5.00000000000E+01 2.72943696409E+02 4.11472688423E+00 2.58676507922E+02 3.18978611903E+00 2.85676538722E+02 5.32792923720E+00 2.55984157771E+02 3.09439901035E+00 2.76741347334E+02 4.26313113540E+00 2.90308267932E+02 5.64073611628E+00 2.64407841298E+02 3.89530624815E+00 
5.00000000000E+01 5.05000000000E+01 5.10000000000E+01 2.07047413314E+02 3.54526639150E+00 2.11345327315E+02 2.57942486151E+00 2.02436850433E+02 4.79998650084E+00 2.05536706785E+02 2.67136888719E+00 2.13058042053E+02 3.41695715088E+00 2.04098580552E+02 4.89900013534E+00 2.03915244285E+02 3.48552199501E+00 
5.10000000000E+01 5.15000000000E+01 5.20000000000E+01 1.98698035402E+02 3.47279175689E+00 1.98265938610E+02 2.70064618841E+00 2.02022397202E+02 4.67904291724E+00 1.95622697871E+02 2.61199441231E+00 1.99809006674E+02 3.59773562141E+00 1.99281100981E+02 4.80729198887E+00 1.97993958965E+02 3.33732843828E+00 
5.20000000000E+01 5.25000000000E+01 5.30000000000E+01 2.29621044149E+02 3.38947425415E+00 2.17451374858E+02 2.66822714662E+00 2.38773242720E+02 4.36539013107E+00 2.16895852563E+02 2.55107665212E+00 2.29883082996E+02 3.55637124397E+00 2.42249690844E+02 4.61853151859E+00 2.24416477352E+02 3.18087435947E+00 
5.30000000000E+01 5.35000000000E+01 5.40000000000E+01 5.23530220999E+02 7.35211384903E+01 4.33900322627E+02 5.39122484247E+01 6.58100682633E+02 1.02897562736E+02 4.32834967608E+02 5.46262263039E+01 5.23178554646E+02 7.25585961473E+01 6.57537629270E+02 1.02423465229E+02 5.22788775297E+02 7.38625702748E+01 
5.40000000000E+01 5.45000000000E+01 5.50000000000E+01 1.46046837353E+02 3.16103071623E+00 1.53744931263E+02 2.48641355055E+00 1.38146543590E+02 4.26951210338E+00 1.50187896214E+02 2.37683807959E+00 1.49810969666E+02 3.30558316375E+00 1.36072750665E+02 4.37887349532E+00 1.45312584102E+02 3.06687878580E+00 
5.50000000000E+01 5.55000000000E+01 5.60000000000E+01 1.88546863472E+02 3.10242380986E+00 1.83421517078E+02 2.42921740205E+00 1.90228522296E+02 3.94906630720E+00 1.81280306740E+02 2.32042096438E+00 1.89724977741E+02 3.23208686923E+00 1.90796076322E+02 4.19758527371E+00 1.83841234213E+02 2.85125213540E+00 
5.60000000000E+01 5.65000000000E+01 5.70000000000E+01 1.60200968008E+02 2.87669366192E+00 1.53811180217E+02 2.27038223046E+00 1.57752968124E+02 3.92310316127E+00 1.58090290237E+02 2.18738180661E+00 1.55892942664E+02 2.98425425695E+00 1.60275218656E+02 3.99809176723E+00 1.58311011579E+02 2.83333842887E+00 
5.70000000000E+01 5.75000000000E+01 5.80000000000E+01 1.85796981871E+02 2.96640626135E+00 1.77161237362E+02 2.29317017040E+00 1.85096459365E+02 3.92024927078E+00 1.75741874226E+02 2.23529775427E+00 1.86041748634E+02 3.04247237153E+00 1.97312269157E+02 4.09449050487E+00 1.75529429700E+02 2.83425075120E+00 
5.80000000000E+01 5.85000000000E+01 5.90000000000E+01 1.53192201510E+02 2.57568062993E+00 1.52027733707E+02 2.04079132972E+00 1.54788773879E+02 3.35424554786E+00 1.49128434410E+02 1.94487487228E+00 1.55360613516E+02 2.71129978263E+00 1.53944524927E+02 3.54703587429E+00 1.50083433108E+02 2.39227680048E+00 
5.90000000000E+01 5.95000000000E+01 6.00000000000E+01 1.50342435390E+02 2.74037230517E+00 1.47359868122E+02 2.03353452549E+00 1.49879934983E+02 3.60988983708E+00 1.45610108602E+02 2.03600253916E+00 1.46231550669E+02 2.97040553787E+00 1.52715661555E+02 3.82581851188E+00 1.47047436398E+02 2.58596879447E+00 
6.00000000000E+01 6.05000000000E+01 6.10000000000E+01 1.61192109714E+02 3.16560689965E+00 1.57240105193E+02 2.65335412685E+00 1.66151769222E+02 4.24091651584E+00 1.55602362627E+02 2.55340448313E+00 1.60129921509E+02 3.26003636847E+00 1.76378769077E+02 4.76099303488E+00 1.58381495568E+02 3.08548174923E+00 
6.10000000000E+01 6.15000000000E+01 6.20000000000E+01 1.37514441045E+02 2.71467295878E+00 1.38405550151E+02 2.09577873109E+00 1.32769209707E+02 3.61523505185E+00 1.35525815055E+02 2.05206549486E+00 1.40746450210E+02 2.77408229651E+00 1.37476639296E+02 3.67658056946E+00 1.32852961815E+02 2.66316162893E+00 
6.20000000000E+01 6.25000000000E+01 6.30000000000E+01 1.18550514250E+02 2.68281054553E+00 1.17534218053E+02 2.04404454129E+00 1.15751086088E+02 3.94082255975E+00 1.16166937982E+02 2.03827014154E+00 1.19671451814E+02 2.67164172435E+00 1.19006176018E+02 3.88452172773E+00 1.16033487531E+02 2.73902571415E+00 
6.30000000000E+01 6.35000000000E+01 6.40000000000E+01 1.39490290313E+02 2.39565852622E+00 1.30591704255E+02 1.81204067847E+00 1.47394448114E+02 3.19550483843E+00 1.31500011439E+02 1.72983892416E+00 1.34386558109E+02 2.43240601918E+00 1.45956591469E+02 3.31633914058E+00 1.43182338782E+02 2.26408053677E+00 
6.40000000000E+01 6.45000000000E+01 6.50000000000E+01 1.25754986246E+02 2.42298348486E+00 1.23777997250E+02 1.89485241750E+00 1.22616489811E+02 3.26945665725E+00 1.22301198350E+02 1.81567759209E+00 1.26980564873E+02 2.53500136872E+00 1.28968618257E+02 3.35114727399E+00 1.19778094268E+02 2.33159509910E+00 
6.50000000000E+01 6.55000000000E+01 6.60000000000E+01 1.08837883820E+02 2.12379118252E+00 1.08511839066E+02 1.65174212320E+00 1.08042006929E+02 2.91595873134E+00 1.07528364932E+02 1.59557080507E+00 1.09650174395E+02 2.20726845307E+00 1.08151800622E+02 2.95085359222E+00 1.08040499581E+02 2.11463144795E+00 
6.60000000000E+01 6.65000000000E+01 6.70000000000E+01 1.12181001292E+02 2.51944139168E+00 1.13759579340E+02 1.90089954403E+00 1.26024275571E+02 3.15958685906E+00 1.10488498063E+02 1.85135104287E+00 1.22839125595E+02 2.27924484678E+00 1.11088917875E+02 3.57592615315E+00 1.14022409755E+02 2.54929618592E+00 
6.70000000000E+01 6.75000000000E+01 6.80000000000E+01 1.12294240871E+02 2.25924195201E+00 1.03440218950E+02 1.50075624823E+00 1.23216880565E+02 3.22836489419E+00 1.08291652691E+02 1.64416151018E+00 1.05128027055E+02 1.98007461743E+00 1.16923213861E+02 3.21778536117E+00 1.17317435586E+02 2.26917596891E+00 
6.80000000000E+01 6.85000000000E+01 6.90000000000E+01 1.01265478963E+02 2.08537739028E+00 9.86566327517E+01 1.46598327423E+00 9.87245172237E+01 2.74970712694E+00 9.74998078623E+01 1.46409685152E+00 9.99256777472E+01 1.93778471224E+00 9.92369583474E+01 2.84759580263E+00 1.00050542820E+02 2.03509574394E+00 
6.90000000000E+01 6.95000000000E+01 7.00000000000E+01 1.03509485165E+02 2.16895536611E+00 1.01060447348E+02 1.56180351844E+00 1.04172779960E+02 2.97798892351E+00 9.93136556290E+01 1.64603691371E+00 1.03822412501E+02 2.09206121959E+00 1.06059225710E+02 3.00169829324E+00 1.01280839971E+02 2.14902026314E+00 
7.00000000000E+01 7.05000000000E+01 7.10000000000E+01 8.87024216789E+01 2.36441045249E+00 8.84518432987E+01 1.86800385582E+00 8.44294650941E+01 3.21930153701E+00 8.90331033598E+01 1.76001886194E+00 8.83909941720E+01 2.47470141062E+00 8.36856094335E+01 3.11835049536E+00 8.61742758412E+01 2.28807717497E+00 
7.10000000000E+01 7.15000000000E+01 7.20000000000E+01 9.60560802722E+01 2.09669030123E+00 9.58583401503E+01 1.65485329278E+00 9.64341296836E+01 2.80506452058E+00 9.35579961708E+01 1.59137620766E+00 9.82305674785E+01 2.18530085076E+00 9.53899763583E+01 2.91724663855E+00 9.41944843103E+01 2.03848041603E+00 
7.20000000000E+01 7.25000000000E+01 7.30000000000E+01 7.88702814070E+01 1.74389616370E+00 8.07282111034E+01 1.18071755700E+00 7.62416660690E+01 2.37104290576E+00 7.86956270633E+01 1.31270357499E+00 8.05521472387E+01 1.54563537225E+00 8.15758966793E+01 2.25215235711E+00 7.80441803934E+01 1.72657322064E+00 
7.30000000000E+01 7.35000000000E+01 7.40000000000E+01 8.36820628050E+01 1.94320913114E+00 8.30942355079E+01 1.49060476014E+00 8.04983085553E+01 2.61187678330E+00 8.21246417378E+01 1.46612740055E+00 8.42700522830E+01 1.96286196693E+00 8.43021125603E+01 2.70418526787E+00 8.06860340669E+01 1.87624774693E+00 
7.40000000000E+01 7.45000000000E+01 7.50000000000E+01 9.05984303872E+01 1.96881877662E+00 8.43063767740E+01 1.60401290510E+00 9.67978945677E+01 2.71675248804E+00 8.25527159990E+01 1.58328261149E+00 9.28007079865E+01 1.99566434496E+00 9.64552319396E+01 2.73961056500E+00 9.07919430443E+01 1.95089286281E+00 
7.50000000000E+01 7.55000000000E+01 7.60000000000E+01 8.50200237442E+01 1.90763997488E+00 8.34884323198E+01 1.47031764276E+00 1.02068014277E+02 5.25949181151E+00 8.19679831503E+01 1.41326970944E+00 8.53107147355E+01 1.94360400297E+00 8.60394888200E+01 2.62269067928E+00 9.66554101042E+01 3.75619834734E+00 
7.60000000000E+01 7.65000000000E+01 7.70000000000E+01 9.52363429456E+01 1.86190684556E+00 8.65599545728E+01 1.48850468858E+00 9.98946162359E+01 2.59570424011E+00 8.81547228813E+01 1.40980376509E+00 9.17197707778E+01 1.98038682593E+00 1.00898357098E+02 2.67329149749E+00 9.17915925515E+01 1.88411193866E+00 
7.70000000000E+01 7.75000000000E+01 7.80000000000E+01 7.49465295879E+01 1.64405457101E+00 7.33098557057E+01 1.27399266679E+00 7.47479896822E+01 2.21782651816E+00 7.26566492647E+01 1.23457418620E+00 7.64223834411E+01 1.66345065440E+00 7.47089364143E+01 2.26310159819E+00 7.38536791519E+01 1.60303880338E+00 
7.80000000000E+01 7.85000000000E+01 7.90000000000E+01 7.05481466676E+01 1.81783034124E+00 6.82963354278E+01 1.38367036852E+00 7.34577397615E+01 2.43415205803E+00 6.89650358753E+01 1.36815679075E+00 6.89564631710E+01 1.81686772056E+00 7.16993547412E+01 2.47785115397E+00 7.19366305205E+01 1.78193459502E+00 
7.90000000000E+01 7.95000000000E+01 8.00000000000E+01 6.12367292359E+01 1.60053083602E+00 6.04802297298E+01 1.19528816139E+00 5.62185995619E+01 2.19218079212E+00 6.17069358168E+01 1.21089283773E+00 5.97634022296E+01 1.57742321323E+00 5.94902020394E+01 2.19865044351E+00 5.94004027940E+01 1.60637082279E+00 
8.00000000000E+01 8.05000000000E+01 8.10000000000E+01 6.51490104283E+01 1.61266671936E+00 6.53826870490E+01 1.22704866483E+00 6.57103148231E+01 2.23591961968E+00 6.44122479419E+01 1.21977630517E+00 6.84846180787E+01 1.59670408258E+00 6.38927420114E+01 2.21442006229E+00 6.58673895036E+01 1.62441610213E+00 
8.10000000000E+01 8.15000000000E+01 8.20000000000E+01 6.23945654826E+01 1.60251116258E+00 6.63493179831E+01 1.23157634883E+00 5.67622451019E+01 1.87268447969E+00 6.19142499411E+01 1.21634825402E+00 6.69303384885E+01 1.58177352256E+00 6.08516280019E+01 1.88256948326E+00 5.82584355287E+01 1.33737160275E+00 
8.20000000000E+01 8.25000000000E+01 8.30000000000E+01 6.21855849044E+01 1.64559408174E+00 6.26074659046E+01 1.24582552407E+00 6.05682698493E+01 2.23898828109E+00 6.11788673681E+01 1.23948386052E+00 6.37140566261E+01 1.65354683030E+00 6.07150054616E+01 2.27199653347E+00 6.11354230676E+01 1.60716916045E+00 
8.30000000000E+01 8.35000000000E+01 8.40000000000E+01 5.97286992340E+01 1.37794611244E+00 5.52842700627E+01 1.11339834760E+00 5.41835316916E+01 2.04028923164E+00 5.46826466049E+01 1.10449374019E+00 5.92290940626E+01 1.39493704378E+00 5.38515793535E+01 2.08406711737E+00 5.70407338591E+01 1.41712331972E+00 
8.40000000000E+01 8.45000000000E+01 8.50000000000E+01 5.78532335834E+01 1.37416175319E+00 5.51077717450E+01 1.01628879981E+00 5.93609531308E+01 1.90629727907E+00 5.64459015908E+01 1.03279196506E+00 5.57173945848E+01 1.34854873120E+00 5.43814088181E+01 1.74466046801E+00 5.78803950799E+01 1.38760879222E+00 
8.50000000000E+01 8.55000000000E+01 8.60000000000E+01 4.41869644277E+01 1.68828336487E+00 4.66947078820E+01 1.26650066048E+00 4.02087140853E+01 2.30235995238E+00 4.58991390913E+01 1.26792623431E+00 4.44756993734E+01 1.67985640197E+00 3.91041246320E+01 2.33575587440E+00 4.36506887575E+01 1.66260028636E+00 
8.60000000000E+01 8.65000000000E+01 8.70000000000E+01 6.20533438747E+01 1.33520144655E+00 5.94970908543E+01 1.02746878419E+00 6.35270716105E+01 1.73077936920E+00 5.88515230332E+01 1.01228809776E+00 6.27364359116E+01 1.35484738614E+00 6.48048301507E+01 1.81940096041E+00 5.88723228802E+01 1.21989700681E+00 
8.70000000000E+01 8.75000000000E+01 8.80000000000E+01 4.52540617432E+01 1.52019497124E+00 4.60129424965E+01 1.15687114791E+00 4.39097303031E+01 2.09567510679E+00 4.59827264809E+01 1.14685462772E+00 4.48307712621E+01 1.52980753123E+00 4.37342231343E+01 2.10388307619E+00 4.57716557194E+01 1.51636808817E+00 
8.80000000000E+01 8.85000000000E+01 8.90000000000E+01 5.32157848081E+01 1.13870681901E+00 5.11180501876E+01 8.73136998413E-01 5.06228035737E+01 1.60550803734E+00 5.14478765212E+01 8.64143845442E-01 5.28959596684E+01 1.14984615645E+00 5.39900317466E+01 1.57208554722E+00 4.96321058714E+01 1.17217739438E+00 
8.90000000000E+01 8.95000000000E+01 9.00000000000E+01 5.20334853837E+01 1.34694888355E+00 5.35116860126E+01 1.10848397139E+00 6.19359759477E+01 1.98228039745E+00 5.00439924167E+01 1.01403461235E+00 5.58879113724E+01 1.46829850353E+00 5.41004090893E+01 1.86797551107E+00 5.60402128945E+01 1.39897003486E+00 
9.00000000000E+01 9.05000000000E+01 9.10000000000E+01 3.78696509869E+01 1.26687576612E+00 4.07678044550E+01 9.70527553425E-01 3.23675563674E+01 1.71950563562E+00 3.95508606119E+01 9.56062072475E-01 3.90723293077E+01 1.29094060690E+00 3.38307523283E+01 1.75144726524E+00 3.69737359975E+01 1.24854858237E+00 
9.10000000000E+01 9.15000000000E+01 9.20000000000E+01 5.10504435485E+01 1.49075363194E+00 4.90762143626E+01 1.11970514017E+00 5.16709775591E+01 2.05040197314E+00 4.84410511626E+01 1.13348661490E+00 5.04203412230E+01 1.48775783663E+00 5.39194280819E+01 2.03721446541E+00 5.07952669971E+01 1.48086521846E+00 
9.20000000000E+01 9.25000000000E+01 9.30000000000E+01 3.85076503425E+01 2.24049416789E+00 4.05591923051E+01 1.65613463803E+00 2.32850429317E+01 4.27831406856E+00 3.92591430146E+01 1.67315014825E+00 4.03415115164E+01 2.21795973193E+00 3.78170004135E+01 3.12571576224E+00 2.89149075160E+01 3.07680277426E+00 
9.30000000000E+01 9.35000000000E+01 9.40000000000E+01 3.22792545554E+01 1.20586445871E+00 3.37477874509E+01 9.46354573025E-01 3.01719124665E+01 1.64359171381E+00 3.43844301635E+01 8.97741459268E-01 3.12043117260E+01 1.27243471039E+00 2.84024674775E+01 1.68750148701E+00 3.39093005971E+01 1.17815816339E+00 
9.40000000000E+01 9.45000000000E+01 9.50000000000E+01 4.50978074193E+01 1.01454096055E+00 4.37848498719E+01 7.46115499028E-01 4.75597491433E+01 1.35371041911E+00 4.25237727478E+01 7.56159934704E-01 4.51895498336E+01 9.71908347231E-01 4.77818868774E+01 1.38668813865E+00 4.50246860818E+01 9.82277498968E-01 
9.50000000000E+01 9.55000000000E+01 9.60000000000E+01 4.22116835611E+01 1.10163437763E+00 4.26323385105E+01 8.21238045206E-01 4.41293802862E+01 1.49303354009E+00 4.08409232235E+01 8.30757318070E-01 4.40032413619E+01 1.07722239959E+00 4.35239349816E+01 1.52067313161E+00 4.25174496250E+01 1.08128297928E+00 
9.60000000000E+01 9.65000000000E+01 9.70000000000E+01 4.74369645142E+01 1.70826166784E+00 4.42607767350E+01 1.26376338228E+00 4.17993248446E+01 1.38646609031E+00 4.38806729592E+01 1.20185953697E+00 4.79128841893E+01 1.79667901123E+00 4.45766888673E+01 1.39302655984E+00 4.12492141984E+01 9.98017514602E-01 
9.70000000000E+01 9.75000000000E+01 9.80000000000E+01 3.83779293353E+01 1.00799583266E+00 3.80435069140E+01 6.81596495293E-01 3.86498688441E+01 1.41518402425E+00 3.75993179276E+01 7.51351907007E-01 3.90281740341E+01 8.93018664677E-01 3.85936670580E+01 1.23731331493E+00 3.83662609792E+01 1.01055608030E+00 
9.80000000000E+01 9.85000000000E+01 9.90000000000E+01 3.16544472639E+01 1.10323892761E+00 3.30334262853E+01 8.22613778657E-01 3.03925730213E+01 1.48672234817E+00 3.24026507332E+01 8.24802249996E-01 3.23417451251E+01 1.10067219886E+00 2.88475068446E+01 1.54229949287E+00 3.21083205144E+01 1.06374119961E+00 
9.90000000000E+01 9.95000000000E+01 1.00000000000E+02 4.48362253776E+01 9.72629387086E-01 4.16908374335E+01 7.09208307653E-01 4.76453387527E+01 1.28017620438E+00 4.13646305666E+01 7.17651183141E-01 4.34121757577E+01 9.32608282112E-01 4.69204926915E+01 1.27009145030E+00 4.53156752031E+01 9.80495687186E-01 
#nx: 3
