#labels: ptz__-2p75__-2p5_lower[1] ptz__-2p75__-2p5_center[2] ptz__-2p75__-2p5_upper[3] tot_scale01[4] tot_scale01_Err[5] tot_scale02[6] tot_scale02_Err[7] tot_scale03[8] tot_scale03_Err[9] tot_scale04[10] tot_scale04_Err[11] tot_scale05[12] tot_scale05_Err[13] tot_scale06[14] tot_scale06_Err[15] tot_scale07[16] tot_scale07_Err[17]
#neval: 862104527401
#overflow:lower center upper 7.57585627231E+02 4.03204087814E+00 7.41421443805E+02 3.06031293817E+00 7.43839634625E+02 5.99851120292E+00 7.45861822436E+02 3.00187597146E+00 7.53322282049E+02 4.11202189939E+00 7.52292908572E+02 5.61524195881E+00 7.55779644352E+02 4.31941403925E+00 
0.00000000000E+00 5.00000000000E-01 1.00000000000E+00 0.00000000000E+00 0.00000000000E+00 0.00000000000E+00 0.00000000000E+00 0.00000000000E+00 0.00000000000E+00 0.00000000000E+00 0.00000000000E+00 0.00000000000E+00 0.00000000000E+00 0.00000000000E+00 0.00000000000E+00 0.00000000000E+00 0.00000000000E+00 
1.00000000000E+00 1.50000000000E+00 2.00000000000E+00 -3.85439824323E+03 2.53160092228E+02 -1.53464448033E+03 1.98793646255E+02 -6.07357102868E+03 3.35942975752E+02 -5.40393707928E+02 1.88038447405E+02 -5.19639380368E+03 2.67041823933E+02 -7.35130454689E+03 3.53052889988E+02 -2.75149284371E+03 2.41008290496E+02 
2.00000000000E+00 2.50000000000E+00 3.00000000000E+00 4.26977837158E+03 1.23531579073E+02 5.20525716220E+03 9.81721026912E+01 3.44636546408E+03 1.60000398869E+02 5.44068736757E+03 9.20251421514E+01 3.87739966458E+03 1.31912924309E+02 3.00593416986E+03 1.72294270486E+02 4.62836544097E+03 1.14934156654E+02 
3.00000000000E+00 3.50000000000E+00 4.00000000000E+00 4.34384962188E+03 9.67524840240E+01 5.09310476261E+03 7.58537904632E+01 3.65820283873E+03 1.24859659673E+02 5.02885589745E+03 7.20358632583E+01 4.31498441487E+03 1.01938899130E+02 3.42272689777E+03 1.34765559999E+02 4.43232887616E+03 8.96895343444E+01 
4.00000000000E+00 4.50000000000E+00 5.00000000000E+00 4.19625503974E+03 6.96248111488E+01 4.60213268004E+03 5.67641471336E+01 3.78261728182E+03 8.67415463413E+01 4.56239273824E+03 5.19810404749E+01 4.14098469145E+03 7.57072080705E+01 3.58566287278E+03 9.90119595684E+01 4.18113270903E+03 6.30554683892E+01 
5.00000000000E+00 5.50000000000E+00 6.00000000000E+00 3.62016510230E+03 5.28711048249E+01 3.96152789737E+03 4.13968954181E+01 3.25684621742E+03 6.70969458923E+01 3.89773156434E+03 3.93560656547E+01 3.63387568321E+03 5.56351858382E+01 3.19330394795E+03 7.36829724296E+01 3.61398127074E+03 4.81589119528E+01 
6.00000000000E+00 6.50000000000E+00 7.00000000000E+00 3.38004630292E+03 5.34567445079E+01 3.59022795739E+03 4.24754514378E+01 3.21957408145E+03 6.95420055721E+01 3.51609778536E+03 3.97771195581E+01 3.41145291303E+03 5.70957700398E+01 3.14135640917E+03 7.45353357611E+01 3.39055423619E+03 4.99667864703E+01 
7.00000000000E+00 7.50000000000E+00 8.00000000000E+00 3.29638177624E+03 3.83834094364E+01 3.34710855543E+03 3.35856445628E+01 3.23706712186E+03 5.29195565432E+01 3.30128558630E+03 2.86015579933E+01 3.31375791741E+03 4.51428152640E+01 3.27107818061E+03 5.32974717066E+01 3.23201018567E+03 3.81069764693E+01 
8.00000000000E+00 8.50000000000E+00 9.00000000000E+00 2.55055907203E+03 4.81349227926E+01 2.78115053619E+03 4.04542572210E+01 2.54933796573E+03 4.95079393759E+01 2.65258556629E+03 3.63275668524E+01 2.65362749615E+03 5.36209461508E+01 2.38617951458E+03 6.70451463910E+01 2.63502213864E+03 3.55181158820E+01 
9.00000000000E+00 9.50000000000E+00 1.00000000000E+01 2.25893117051E+03 3.66617411589E+01 2.42863515424E+03 2.86701019146E+01 2.19588746441E+03 4.70067036582E+01 2.33933785980E+03 2.71148867460E+01 2.34288524516E+03 3.83667294951E+01 2.12432317028E+03 5.10989875111E+01 2.27222937856E+03 3.37379936105E+01 
1.00000000000E+01 1.05000000000E+01 1.10000000000E+01 2.11430690969E+03 3.04394282018E+01 2.18616634901E+03 2.58021781740E+01 2.04829030875E+03 3.89943735079E+01 2.14676138892E+03 2.28156798601E+01 2.13308818935E+03 3.44525382978E+01 2.06688657060E+03 4.19653237817E+01 2.09427587975E+03 2.81417444806E+01 
1.10000000000E+01 1.15000000000E+01 1.20000000000E+01 1.83368126853E+03 3.36821716225E+01 1.82918253880E+03 2.51325209562E+01 2.05591249430E+03 2.92580227580E+01 1.87099294080E+03 2.51369407259E+01 1.76215508394E+03 3.37220041218E+01 1.75301515606E+03 4.69308682518E+01 2.03722983608E+03 2.10965000047E+01 
1.20000000000E+01 1.25000000000E+01 1.30000000000E+01 1.71760808912E+03 2.57085279382E+01 1.75146655931E+03 1.97391575863E+01 1.65564163824E+03 3.23267200326E+01 1.71533526854E+03 1.92390781781E+01 1.73245771361E+03 2.67457212421E+01 1.69064575583E+03 3.55632025899E+01 1.67859279882E+03 2.32293645055E+01 
1.30000000000E+01 1.35000000000E+01 1.40000000000E+01 1.28700989166E+03 2.15049173496E+01 1.38295780441E+03 1.74442250867E+01 1.18394107111E+03 2.76840988421E+01 1.36704025280E+03 1.62510503602E+01 1.29181795014E+03 2.31563076507E+01 1.15095174780E+03 2.99186673105E+01 1.29153056449E+03 2.00347873725E+01 
1.40000000000E+01 1.45000000000E+01 1.50000000000E+01 1.40345719534E+03 2.62593496263E+01 1.44789662056E+03 2.10054296495E+01 1.35788698350E+03 3.70936645341E+01 1.41084614910E+03 1.95287345359E+01 1.43306847225E+03 2.82558434617E+01 1.35698344382E+03 3.71036866874E+01 1.38282656690E+03 2.66370421985E+01 
1.50000000000E+01 1.55000000000E+01 1.60000000000E+01 1.44956330137E+03 2.18994245692E+01 1.44358614496E+03 1.73234359823E+01 1.41867473197E+03 2.79249725394E+01 1.41100260410E+03 1.61006299114E+01 1.47452049078E+03 2.35823517832E+01 1.48117996747E+03 3.08840333552E+01 1.38945427091E+03 1.98373309892E+01 
1.60000000000E+01 1.65000000000E+01 1.70000000000E+01 1.28109247499E+03 1.40874103200E+01 1.26814303332E+03 1.27296458985E+01 1.17431805708E+03 2.48496235547E+01 1.24345686099E+03 1.10975990690E+01 1.28461298874E+03 1.70474700309E+01 1.37766850380E+03 2.79886950689E+01 1.23441276176E+03 2.14407649935E+01 
1.70000000000E+01 1.75000000000E+01 1.80000000000E+01 1.17269437713E+03 1.76027138696E+01 1.17573022428E+03 1.36461662943E+01 1.20240128659E+03 2.27267321180E+01 1.14820807229E+03 1.31010398468E+01 1.18676361646E+03 1.85940574931E+01 1.18689934652E+03 2.45672589116E+01 1.17540749907E+03 1.63306503487E+01 
1.80000000000E+01 1.85000000000E+01 1.90000000000E+01 9.95041400840E+02 1.63751224547E+01 1.01693913622E+03 1.29838359042E+01 9.81426143358E+02 2.16668689476E+01 9.91004184065E+02 1.21916096206E+01 1.01188584242E+03 1.74940635726E+01 9.98797793973E+02 2.24206854008E+01 9.85735598475E+02 1.55092776187E+01 
1.90000000000E+01 1.95000000000E+01 2.00000000000E+01 9.28211478651E+02 1.43515143447E+01 9.45558205425E+02 1.14309068196E+01 8.95051037460E+02 1.85460504447E+01 9.24383476215E+02 1.07331251277E+01 9.35565508835E+02 1.52356279765E+01 9.35832929967E+02 2.04782339386E+01 9.08955146189E+02 1.36253385139E+01 
2.00000000000E+01 2.05000000000E+01 2.10000000000E+01 9.14538790784E+02 1.60868633071E+01 9.06506145431E+02 1.16226394244E+01 9.09386665816E+02 2.20855488842E+01 8.92759854944E+02 1.21328621078E+01 9.16648720261E+02 1.55261598352E+01 9.07965264519E+02 2.24315600865E+01 8.97350073033E+02 1.58924716178E+01 
2.10000000000E+01 2.15000000000E+01 2.20000000000E+01 8.55844960312E+02 1.36234649635E+01 8.64582850335E+02 1.01383035953E+01 8.53541239404E+02 1.95063765082E+01 8.34451915402E+02 1.01782979268E+01 8.84523645906E+02 1.35522836379E+01 8.67709701551E+02 1.89035613580E+01 8.33018544966E+02 1.40241376236E+01 
2.20000000000E+01 2.25000000000E+01 2.30000000000E+01 8.34974616015E+02 1.36065048417E+01 8.26946415796E+02 1.05777623052E+01 8.53119330005E+02 1.83584318599E+01 8.07954677447E+02 1.01538621420E+01 8.49362986395E+02 1.41762017320E+01 8.51616674936E+02 1.88982860234E+01 8.26306372293E+02 1.32145922797E+01 
2.30000000000E+01 2.35000000000E+01 2.40000000000E+01 8.48788517343E+02 1.30587533358E+01 8.17969588442E+02 1.01830472965E+01 9.30175564624E+02 1.63031236241E+01 8.05656607250E+02 9.70266029155E+00 8.58783444800E+02 1.37072991565E+01 9.00365697042E+02 1.82291993238E+01 8.45612310187E+02 1.09480679317E+01 
2.40000000000E+01 2.45000000000E+01 2.50000000000E+01 6.27243025031E+02 1.63083298549E+01 6.25706959881E+02 1.28975734205E+01 6.44725509907E+02 2.00175461902E+01 6.31645495637E+02 1.20841548198E+01 6.15887586846E+02 1.73962005756E+01 6.14865011868E+02 2.28035012784E+01 6.29654887550E+02 1.49367759716E+01 
2.50000000000E+01 2.55000000000E+01 2.60000000000E+01 7.13063696238E+02 1.91198928176E+01 7.10219884213E+02 1.45021852917E+01 7.42446921034E+02 2.48578783931E+01 6.80836644051E+02 1.42277235051E+01 7.45566414663E+02 1.94621946704E+01 7.49482199927E+02 2.66582696775E+01 7.08789209450E+02 1.79055532696E+01 
2.60000000000E+01 2.65000000000E+01 2.70000000000E+01 6.25992618719E+02 8.77292608015E+00 6.19540044845E+02 7.39248938455E+00 6.29700656693E+02 1.20609916354E+01 6.06082123549E+02 6.57797143566E+00 6.41051624551E+02 9.88719811536E+00 6.37583714770E+02 1.25050187014E+01 6.08939283587E+02 8.45728242750E+00 
2.70000000000E+01 2.75000000000E+01 2.80000000000E+01 4.90011078811E+02 1.01932452359E+01 5.00795001352E+02 7.67852676427E+00 5.26354729923E+02 1.21916741315E+01 4.96785321807E+02 7.64491477504E+00 4.81377881307E+02 1.02426057841E+01 4.66634775231E+02 1.41102516974E+01 5.26033504732E+02 8.87366317253E+00 
2.80000000000E+01 2.85000000000E+01 2.90000000000E+01 6.12065698944E+02 9.20684668808E+00 5.92146917244E+02 6.33464959560E+00 6.41713397684E+02 1.25133931040E+01 5.77567348242E+02 6.86134611418E+00 6.27683403486E+02 8.47467826193E+00 6.49243023831E+02 1.27897761973E+01 6.02974327911E+02 9.02276877990E+00 
2.90000000000E+01 2.95000000000E+01 3.00000000000E+01 4.99386961522E+02 1.11360719562E+01 5.04841370308E+02 8.66568612859E+00 5.09061494645E+02 1.49502912386E+01 4.85023734922E+02 8.42935220390E+00 5.16860299903E+02 1.16342359775E+01 5.06811109346E+02 1.54954769951E+01 4.97357956913E+02 1.07266400749E+01 
3.00000000000E+01 3.05000000000E+01 3.10000000000E+01 5.02126969689E+02 7.59191285683E+00 4.91218931296E+02 5.83860649470E+00 5.16218692616E+02 1.02997838284E+01 4.83539812212E+02 5.65933472112E+00 5.10667203570E+02 7.77484317023E+00 5.22189484501E+02 1.05332207673E+01 4.94067440370E+02 7.41522870698E+00 
3.10000000000E+01 3.15000000000E+01 3.20000000000E+01 5.21524016261E+02 6.92641564548E+00 5.13817371801E+02 5.65048345195E+00 5.48352760465E+02 1.02892011985E+01 4.88737355656E+02 5.13008430167E+00 5.44981432744E+02 7.75293034075E+00 5.59240003499E+02 9.58396498470E+00 5.09959829828E+02 7.36487420474E+00 
3.20000000000E+01 3.25000000000E+01 3.30000000000E+01 3.99391912891E+02 1.08566371616E+01 4.13284762839E+02 7.15526306710E+00 4.16154996754E+02 1.14568473654E+01 3.96274367081E+02 8.11603793616E+00 4.18602453980E+02 9.54523122370E+00 3.95068128792E+02 1.50807455673E+01 4.12468961825E+02 8.29008579638E+00 
3.30000000000E+01 3.35000000000E+01 3.40000000000E+01 4.10418868843E+02 9.31109100600E+00 3.95103549790E+02 5.54550697534E+00 4.39137115859E+02 1.73142017980E+01 3.98478150570E+02 6.94936099550E+00 4.01938211713E+02 7.40224746093E+00 4.20289930060E+02 1.29471619164E+01 4.21406735022E+02 1.24370445984E+01 
3.40000000000E+01 3.45000000000E+01 3.50000000000E+01 3.30314077532E+02 5.31916219817E+00 3.50733393881E+02 4.54882778921E+00 3.27484773656E+02 7.40483776894E+00 3.33481107924E+02 3.98266690747E+00 3.55090416264E+02 6.05673582542E+00 3.21758050409E+02 7.35345893714E+00 3.29036933226E+02 5.39718555663E+00 
3.50000000000E+01 3.55000000000E+01 3.60000000000E+01 3.37328664501E+02 5.95563362779E+00 3.32607554622E+02 4.58150552651E+00 3.40072531551E+02 8.08089299043E+00 3.31648320527E+02 4.46929484132E+00 3.35541846223E+02 6.13591017090E+00 3.35420518707E+02 8.26068951542E+00 3.36214728781E+02 5.83525550191E+00 
3.60000000000E+01 3.65000000000E+01 3.70000000000E+01 3.82144980672E+02 6.14841796642E+00 3.68300498310E+02 4.55926317110E+00 3.92758341580E+02 8.49981185770E+00 3.63444723794E+02 4.59878143239E+00 3.85570649246E+02 6.08467814826E+00 4.02580395646E+02 8.52837927869E+00 3.61885898949E+02 5.92377217843E+00 
3.70000000000E+01 3.75000000000E+01 3.80000000000E+01 3.15754010703E+02 5.68086082213E+00 3.10595444162E+02 4.37543066306E+00 3.18266814715E+02 7.33353726788E+00 3.08212042055E+02 4.25246743652E+00 3.11875871701E+02 5.75601467706E+00 3.19017585504E+02 7.62904058181E+00 3.14138844855E+02 5.29897829606E+00 
3.80000000000E+01 3.85000000000E+01 3.90000000000E+01 3.45461843695E+02 5.70226541064E+00 3.36759247428E+02 4.35162878767E+00 3.62026812446E+02 7.55971866012E+00 3.27176655985E+02 4.29964623293E+00 3.58090778735E+02 5.80166524789E+00 3.69950288705E+02 7.90275719096E+00 3.35627223165E+02 5.50039278508E+00 
3.90000000000E+01 3.95000000000E+01 4.00000000000E+01 2.28180802821E+02 6.04148585385E+00 2.43001818993E+02 4.67141423968E+00 1.96034366943E+02 7.89055784051E+00 2.37458780883E+02 4.52709435013E+00 2.33298385454E+02 6.23474944965E+00 2.08407615774E+02 8.47415757934E+00 2.19556199782E+02 5.74768350761E+00 
4.00000000000E+01 4.05000000000E+01 4.10000000000E+01 2.37800684972E+02 5.58986762127E+00 2.37431107619E+02 4.11146701028E+00 2.28730889337E+02 7.47626235608E+00 2.38497855826E+02 4.18087640598E+00 2.34298771263E+02 5.50096924781E+00 2.28805601767E+02 7.76447415038E+00 2.34913677019E+02 5.39060376550E+00 
4.10000000000E+01 4.15000000000E+01 4.20000000000E+01 2.58729916146E+02 6.30321891719E+00 2.48234851183E+02 4.58351373450E+00 2.66527835455E+02 8.44247043205E+00 2.52578623608E+02 4.73363238786E+00 2.51433928704E+02 6.07381140668E+00 2.62909443243E+02 8.69611544443E+00 2.62266900514E+02 6.11901042895E+00 
4.20000000000E+01 4.25000000000E+01 4.30000000000E+01 2.89954537743E+02 4.30121398706E+00 2.73710372077E+02 3.39291973142E+00 3.05034544877E+02 5.87098817198E+00 2.70488666544E+02 3.11378269187E+00 2.86621016749E+02 4.49007131500E+00 3.06817706980E+02 5.94983204180E+00 2.86520431377E+02 4.25632150521E+00 
4.30000000000E+01 4.35000000000E+01 4.40000000000E+01 2.26618480333E+02 7.56210416599E+00 2.24586192380E+02 5.75003781289E+00 2.31680837530E+02 1.02323089920E+01 2.20850874418E+02 5.61854420879E+00 2.29809135483E+02 7.74192502910E+00 2.27931314581E+02 1.05253849591E+01 2.26691794668E+02 7.36786223069E+00 
4.40000000000E+01 4.45000000000E+01 4.50000000000E+01 1.96001592812E+02 4.58523969536E+00 1.98812493894E+02 3.72780276307E+00 1.90082857118E+02 6.06958308923E+00 1.98166825950E+02 3.40453016223E+00 1.92672262025E+02 5.05105450582E+00 1.86920478519E+02 6.36821506161E+00 2.05306847913E+02 4.48224621243E+00 
4.50000000000E+01 4.55000000000E+01 4.60000000000E+01 2.10778053181E+02 3.89687512371E+00 2.10758755364E+02 2.90472666580E+00 2.17373258963E+02 5.11964917143E+00 2.08546206391E+02 2.86305886537E+00 2.17582780961E+02 3.86917224403E+00 2.17384641333E+02 5.61147980874E+00 2.11873959377E+02 3.68305577549E+00 
4.60000000000E+01 4.65000000000E+01 4.70000000000E+01 2.07926788063E+02 4.29315844368E+00 2.09521181356E+02 3.47894652346E+00 2.14794034861E+02 6.05344912187E+00 2.03677729555E+02 3.21192767131E+00 2.14786682605E+02 4.64446523868E+00 2.08243097712E+02 5.96995888259E+00 2.11159827844E+02 4.35698561848E+00 
4.70000000000E+01 4.75000000000E+01 4.80000000000E+01 1.98760587119E+02 3.98436589997E+00 1.91464923805E+02 3.13400451335E+00 1.97857296535E+02 5.44087085548E+00 1.90040494948E+02 3.03187151009E+00 1.98033729352E+02 4.16667386134E+00 2.04011125022E+02 5.52231591790E+00 1.91560612218E+02 3.92862327878E+00 
4.80000000000E+01 4.85000000000E+01 4.90000000000E+01 3.29734035741E+02 2.17769583382E+01 2.86586038823E+02 1.57141306929E+01 3.91665250800E+02 3.06381949867E+01 2.84064705869E+02 1.53532284307E+01 3.33014087422E+02 2.23213627272E+01 3.95892201389E+02 3.19140031565E+01 3.25409356539E+02 2.09355766405E+01 
4.90000000000E+01 4.95000000000E+01 5.00000000000E+01 6.23511606483E+01 2.17980320216E+01 9.24207636825E+01 1.57265298818E+01 8.16946816772E+00 3.06133370903E+01 9.14303697684E+01 1.53637280564E+01 6.18972859884E+01 2.23456904368E+01 1.13230248741E+01 3.19520559786E+01 5.83474775004E+01 2.09118192055E+01 
5.00000000000E+01 5.05000000000E+01 5.10000000000E+01 1.78324476431E+02 3.78447899420E+00 1.75640036589E+02 2.83854593048E+00 1.85902071089E+02 5.00720844585E+00 1.71702624620E+02 2.81995761720E+00 1.80097129270E+02 3.86677159596E+00 1.85325515155E+02 5.28130481619E+00 1.78025517229E+02 3.67570526431E+00 
5.10000000000E+01 5.15000000000E+01 5.20000000000E+01 1.57483170181E+02 3.07904905568E+00 1.51761556012E+02 2.37857988386E+00 1.62279085072E+02 4.15899056232E+00 1.52080679749E+02 2.32698967899E+00 1.53042094055E+02 3.17062949317E+00 1.59265892814E+02 4.26735007615E+00 1.57724731355E+02 3.05966161480E+00 
5.20000000000E+01 5.25000000000E+01 5.30000000000E+01 1.28900625491E+02 4.54992740446E+00 1.28496659670E+02 3.38377086235E+00 1.32135763542E+02 6.13179699322E+00 1.32436073017E+02 3.31677633796E+00 1.23959810227E+02 4.64102862067E+00 1.19325961821E+02 6.48103029200E+00 1.35673290973E+02 4.32068086874E+00 
5.30000000000E+01 5.35000000000E+01 5.40000000000E+01 1.74083361669E+02 4.57863665163E+00 1.68054778603E+02 3.55218649332E+00 1.61604801015E+02 4.84422881602E+00 1.62984589354E+02 3.34623248490E+00 1.83513991724E+02 4.82986790393E+00 1.69847328202E+02 4.90820471101E+00 1.55264238098E+02 3.45605720732E+00 
5.40000000000E+01 5.45000000000E+01 5.50000000000E+01 8.70371023844E+01 3.21966671014E+00 9.43140892125E+01 2.49176500793E+00 7.13147496794E+01 4.38780001802E+00 9.65359320361E+01 2.42666676817E+00 8.32821135986E+01 3.31622876242E+00 7.23894066125E+01 4.41607526547E+00 8.97713325528E+01 3.21101976628E+00 
5.50000000000E+01 5.55000000000E+01 5.60000000000E+01 1.53484131648E+02 2.62398763292E+00 1.48849493077E+02 2.06528151026E+00 1.60939166578E+02 3.62137931685E+00 1.45258669621E+02 1.99988087038E+00 1.58586451747E+02 2.73346348537E+00 1.64961058068E+02 3.67666823318E+00 1.50937356952E+02 2.61257394159E+00 
5.60000000000E+01 5.65000000000E+01 5.70000000000E+01 1.19144458413E+02 3.62381380214E+00 1.17041546071E+02 2.71946354047E+00 1.23986242189E+02 5.03158035543E+00 1.18229133865E+02 2.69809352528E+00 1.17211840697E+02 3.62995524811E+00 1.18532059468E+02 5.03162621345E+00 1.22197087809E+02 3.62495935587E+00 
5.70000000000E+01 5.75000000000E+01 5.80000000000E+01 1.21105756805E+02 2.97575116597E+00 1.18519514979E+02 2.20319353625E+00 1.25297550312E+02 4.08739321295E+00 1.17759518614E+02 2.18486718724E+00 1.21195244099E+02 3.00658942741E+00 1.20850740296E+02 4.17172901024E+00 1.23784886699E+02 2.92418667827E+00 
5.80000000000E+01 5.85000000000E+01 5.90000000000E+01 1.32695467804E+02 3.49801882842E+00 1.24238628057E+02 2.60327451732E+00 1.44464425541E+02 4.82567094715E+00 1.26164318641E+02 2.63392897842E+00 1.23583000791E+02 3.12845617099E+00 1.44261505254E+02 5.05690164750E+00 1.35151762756E+02 3.48055245538E+00 
5.90000000000E+01 5.95000000000E+01 6.00000000000E+01 1.21217329351E+02 3.07886364410E+00 1.21468783041E+02 2.91295028079E+00 1.19241951815E+02 4.42841747009E+00 1.16720396092E+02 2.32379480914E+00 1.27970239917E+02 3.87978829583E+00 1.25461244479E+02 4.23956021523E+00 1.16569617132E+02 3.21193112204E+00 
6.00000000000E+01 6.05000000000E+01 6.10000000000E+01 1.29165474193E+02 2.55618348206E+00 1.27277217899E+02 2.03612876248E+00 1.54215708110E+02 4.11123579269E+00 1.19895800424E+02 1.91034144632E+00 1.36874184221E+02 2.76005626711E+00 1.37186473929E+02 3.50450257006E+00 1.36392314974E+02 2.96181211489E+00 
6.10000000000E+01 6.15000000000E+01 6.20000000000E+01 1.23671549043E+02 2.49375278257E+00 1.14348565043E+02 1.92886728750E+00 1.36048663772E+02 3.60653816559E+00 1.16539776072E+02 1.88606641951E+00 1.22723379399E+02 2.73043312431E+00 1.32179464934E+02 3.42729416658E+00 1.26468288339E+02 2.61534053176E+00 
6.20000000000E+01 6.25000000000E+01 6.30000000000E+01 9.53871496788E+01 2.42092697696E+00 9.89227730538E+01 1.73149891585E+00 9.27859360144E+01 3.40882836845E+00 9.38073561023E+01 1.81953779645E+00 1.01087004547E+02 2.29860023397E+00 9.51806166589E+01 3.33919490872E+00 9.41853402638E+01 2.48014876777E+00 
6.30000000000E+01 6.35000000000E+01 6.40000000000E+01 1.05393804462E+02 2.05681793973E+00 1.00284743883E+02 1.47532535262E+00 1.15504971013E+02 2.76142303562E+00 1.00968753480E+02 1.55481429636E+00 1.04393424021E+02 1.93944202407E+00 1.09886002485E+02 2.83738883862E+00 1.08648922293E+02 2.00566550954E+00 
6.40000000000E+01 6.45000000000E+01 6.50000000000E+01 7.23019622384E+01 2.22945461344E+00 7.58112993354E+01 1.71267884174E+00 6.88990893292E+01 3.07522288706E+00 7.45736747867E+01 1.67623579631E+00 7.33287887335E+01 2.26281916237E+00 6.68831768070E+01 3.09238627913E+00 7.37875732631E+01 2.22345060314E+00 
6.50000000000E+01 6.55000000000E+01 6.60000000000E+01 7.97425839728E+01 2.27784287017E+00 8.08276633675E+01 1.74352129996E+00 7.59147545602E+01 3.00464771186E+00 7.96081081476E+01 1.70987435754E+00 8.15708721449E+01 2.32391758273E+00 7.70069715811E+01 3.15077630214E+00 7.70087458970E+01 2.17789131052E+00 
6.60000000000E+01 6.65000000000E+01 6.70000000000E+01 8.74763018485E+01 1.92755420166E+00 8.23284225530E+01 1.58136471994E+00 8.65653915467E+01 2.74812481154E+00 8.64329957219E+01 1.40096022390E+00 8.69077508199E+01 2.03205934714E+00 9.06487423087E+01 2.66111851344E+00 8.54654558711E+01 1.98108299180E+00 
6.70000000000E+01 6.75000000000E+01 6.80000000000E+01 8.29884101435E+01 1.91736181786E+00 7.95816791989E+01 1.46153088201E+00 8.57533792614E+01 2.65284324474E+00 8.06491870121E+01 1.44577871252E+00 7.94442783844E+01 1.97897890302E+00 8.56198223030E+01 2.66275071355E+00 8.36414676827E+01 1.91769846570E+00 
6.80000000000E+01 6.85000000000E+01 6.90000000000E+01 8.13548991201E+01 2.30110874318E+00 8.52185199042E+01 2.19711485044E+00 7.37569141786E+01 2.80941407387E+00 8.45810159700E+01 2.23382669790E+00 9.12585678634E+01 3.10840625366E+00 8.45336191584E+01 3.14593062110E+00 7.36356766935E+01 2.05177332296E+00 
6.90000000000E+01 6.95000000000E+01 7.00000000000E+01 5.97896796445E+01 3.19049379320E+00 6.32970143014E+01 2.31616085409E+00 5.78067121935E+01 4.57051922580E+00 6.22801967992E+01 2.27020456315E+00 6.11981630613E+01 3.25589199323E+00 5.42054939077E+01 4.66432199118E+00 6.28988782933E+01 3.13117850608E+00 
7.00000000000E+01 7.05000000000E+01 7.10000000000E+01 6.42056976318E+01 2.35236707901E+00 6.92237410385E+01 1.59258797209E+00 7.73683455794E+01 2.88072947428E+00 6.62456398383E+01 1.75658808505E+00 7.03605281408E+01 2.09744607746E+00 6.25924277271E+01 3.23762151351E+00 7.48354508503E+01 2.09956524955E+00 
7.10000000000E+01 7.15000000000E+01 7.20000000000E+01 8.08408199722E+01 1.82043464272E+00 7.82519325369E+01 1.37399934504E+00 8.62381708164E+01 2.52526813827E+00 7.64847627285E+01 1.38394714265E+00 8.23018939624E+01 1.81228334244E+00 8.62529061438E+01 2.49457235605E+00 8.14130740435E+01 1.83833297521E+00 
7.20000000000E+01 7.25000000000E+01 7.30000000000E+01 6.25242595306E+01 2.04222926955E+00 5.94634495879E+01 1.43542687193E+00 6.17876830314E+01 2.75679139770E+00 6.20064172129E+01 1.54543518217E+00 6.13056060190E+01 2.07074440797E+00 6.09516924899E+01 2.80306986289E+00 6.28460178312E+01 2.01246099179E+00 
7.30000000000E+01 7.35000000000E+01 7.40000000000E+01 7.35567721770E+01 2.07690787352E+00 7.33735400613E+01 1.61072265329E+00 7.70897280310E+01 2.92126480200E+00 7.07135062698E+01 1.57559038572E+00 7.74337825973E+01 2.14031874180E+00 7.63815258079E+01 2.86261539262E+00 7.36718251607E+01 2.12154877053E+00 
7.40000000000E+01 7.45000000000E+01 7.50000000000E+01 6.41393426213E+01 1.62558520680E+00 6.40236543723E+01 1.22712146961E+00 6.31934159663E+01 2.20438988791E+00 6.25499482114E+01 1.21079031656E+00 6.69995872536E+01 1.62860827894E+00 6.54191573473E+01 2.25648023651E+00 6.23474633605E+01 1.59412245546E+00 
7.50000000000E+01 7.55000000000E+01 7.60000000000E+01 5.46809044160E+01 1.69616253697E+00 5.47342724881E+01 1.27578803810E+00 5.19645018225E+01 2.30119222206E+00 5.42815436460E+01 1.25061919619E+00 5.50825241514E+01 1.72663187333E+00 5.47965487019E+01 2.37068744516E+00 5.37555305975E+01 1.68199435708E+00 
7.60000000000E+01 7.65000000000E+01 7.70000000000E+01 5.95558591679E+01 1.95951058037E+00 5.91441891978E+01 1.44450043727E+00 5.68364187484E+01 2.44802371820E+00 5.78650020849E+01 1.46031210781E+00 6.25746296881E+01 1.91939395003E+00 6.14788871547E+01 2.71837659285E+00 5.62982654207E+01 1.76970640386E+00 
7.70000000000E+01 7.75000000000E+01 7.80000000000E+01 5.99835422851E+01 1.59314152410E+00 5.73313983247E+01 1.16758625258E+00 6.04289164852E+01 2.10159992831E+00 5.70232028544E+01 1.20469684817E+00 6.01354012394E+01 1.54373790105E+00 6.27539589781E+01 2.20067004039E+00 5.78805381775E+01 1.51741976399E+00 
7.80000000000E+01 7.85000000000E+01 7.90000000000E+01 5.12120595800E+01 1.66862627976E+00 5.11200106451E+01 1.22881619661E+00 5.21181638781E+01 2.28739739232E+00 5.04343385508E+01 1.27459636069E+00 5.25740002116E+01 1.61463022859E+00 5.28272841731E+01 2.29476016757E+00 5.06976692157E+01 1.67054760491E+00 
7.90000000000E+01 7.95000000000E+01 8.00000000000E+01 6.00416325439E+01 1.81803707721E+00 5.70077984266E+01 1.33764393961E+00 6.30961187314E+01 2.58838438105E+00 5.71233099376E+01 1.38208958756E+00 5.96692780392E+01 1.75632145433E+00 6.27714967636E+01 2.48591436409E+00 5.88296204508E+01 1.91074872378E+00 
8.00000000000E+01 8.05000000000E+01 8.10000000000E+01 5.28674290426E+01 1.58187959763E+00 5.15968787743E+01 1.19364649874E+00 5.16584270459E+01 2.19829923663E+00 5.03555171241E+01 1.18539884645E+00 5.40562260597E+01 1.59186668098E+00 5.52507810738E+01 2.20271145406E+00 5.00543976017E+01 1.58156809360E+00 
8.10000000000E+01 8.15000000000E+01 8.20000000000E+01 3.35016430141E+01 1.87194895944E+00 3.50578707477E+01 1.39495788688E+00 3.26508115223E+01 2.55111884991E+00 3.55005587297E+01 1.39245987273E+00 3.24326309630E+01 1.87895425224E+00 3.10564929143E+01 2.59892756857E+00 3.56662597779E+01 1.82770248907E+00 
8.20000000000E+01 8.25000000000E+01 8.30000000000E+01 5.07628177352E+01 1.43605621496E+00 4.86636435153E+01 1.05923945936E+00 5.27031953498E+01 1.98658612999E+00 4.89419161934E+01 1.08382800596E+00 5.13281482275E+01 1.42191295396E+00 5.24544564787E+01 1.98763756191E+00 4.96620854802E+01 1.42194911107E+00 
8.30000000000E+01 8.35000000000E+01 8.40000000000E+01 2.14694688903E+01 1.30316162480E+00 2.83067951625E+01 9.70167059883E-01 1.49490563949E+01 1.84010868080E+00 2.68592943675E+01 9.95232107877E-01 2.29515864126E+01 1.32311953102E+00 1.45277374176E+01 1.83238954798E+00 2.27401035174E+01 1.32809712934E+00 
8.40000000000E+01 8.45000000000E+01 8.50000000000E+01 4.98303801372E+01 1.24098447189E+00 4.64188524251E+01 9.71194135195E-01 5.20638044766E+01 1.73016054834E+00 4.68081971407E+01 9.54462574202E-01 5.00788950785E+01 1.26127977359E+00 5.21186886900E+01 1.74661568142E+00 4.88790415403E+01 1.25151456151E+00 
8.50000000000E+01 8.55000000000E+01 8.60000000000E+01 3.57715831985E+01 1.30748323224E+00 3.59167377442E+01 9.51934253290E-01 3.44799378813E+01 1.80689082070E+00 3.58241033983E+01 9.85918350104E-01 3.59358204897E+01 1.24573224590E+00 3.44546294770E+01 1.80055306482E+00 3.73570270847E+01 1.28058299330E+00 
8.60000000000E+01 8.65000000000E+01 8.70000000000E+01 4.42913834859E+01 1.34670690467E+00 4.32837970457E+01 1.01617236320E+00 3.95970616793E+01 1.62879309971E+00 4.25155917363E+01 1.01918080637E+00 4.47809036264E+01 1.35194446070E+00 4.50111611082E+01 1.83755803224E+00 3.95574335607E+01 1.17285650056E+00 
8.70000000000E+01 8.75000000000E+01 8.80000000000E+01 3.53627700346E+01 1.07757291043E+00 3.38783289085E+01 8.21899483284E-01 3.52678358789E+01 1.54257060454E+00 3.39945460634E+01 7.94486204081E-01 3.47616549809E+01 1.03297206641E+00 3.47411558397E+01 1.53450744389E+00 3.51765572947E+01 1.11337869391E+00 
8.80000000000E+01 8.85000000000E+01 8.90000000000E+01 3.94727693841E+01 1.14991168376E+00 3.87678175931E+01 8.54125228038E-01 4.01214512139E+01 1.58981638722E+00 3.82238064579E+01 8.65645152912E-01 4.05920064017E+01 1.13513306880E+00 4.02242869274E+01 1.58989623733E+00 3.92944292540E+01 1.15142026778E+00 
8.90000000000E+01 8.95000000000E+01 9.00000000000E+01 3.64514172660E+01 1.01655371484E+00 3.53493900610E+01 7.62776879017E-01 3.86449652330E+01 1.40807286126E+00 3.54178462540E+01 7.68274005951E-01 3.64923422736E+01 1.00412150892E+00 3.78383147210E+01 1.39480548618E+00 3.74097344156E+01 1.02594803231E+00 
9.00000000000E+01 9.05000000000E+01 9.10000000000E+01 2.66820234061E+01 1.02100007890E+00 2.71239747331E+01 7.52983707775E-01 2.39861765223E+01 1.19783773698E+00 2.65859099572E+01 7.45400053043E-01 2.67568237328E+01 1.02934439404E+00 2.53149843466E+01 1.29561184910E+00 2.57697089434E+01 9.35346140243E-01 
9.10000000000E+01 9.15000000000E+01 9.20000000000E+01 4.06430360223E+01 1.02176487014E+00 3.73538699460E+01 7.62687697873E-01 4.47057508751E+01 1.43168821182E+00 3.78077337482E+01 7.73302207475E-01 3.99047120704E+01 9.32885872837E-01 4.43933156015E+01 1.40524139038E+00 4.11617293747E+01 1.03759069691E+00 
9.20000000000E+01 9.25000000000E+01 9.30000000000E+01 3.59753981737E+01 1.03538680196E+00 3.41650037559E+01 7.85480726401E-01 3.80450777358E+01 1.44511179832E+00 3.43199550979E+01 7.87402983806E-01 3.59796966329E+01 1.03225239578E+00 3.74040869487E+01 1.43212050702E+00 3.61194065329E+01 1.04798840709E+00 
9.30000000000E+01 9.35000000000E+01 9.40000000000E+01 2.72386464369E+01 1.01032224194E+00 2.70541591110E+01 7.49747352707E-01 2.72291709982E+01 1.42572040466E+00 2.69527595198E+01 7.63197410797E-01 2.74617905299E+01 9.91389789357E-01 2.68898723420E+01 1.39633145145E+00 2.72388059919E+01 1.03009182627E+00 
9.40000000000E+01 9.45000000000E+01 9.50000000000E+01 3.60001031237E+01 9.42826532640E-01 3.40771076752E+01 7.02453514703E-01 3.84438232064E+01 1.33857819550E+00 3.40806821164E+01 7.14844779441E-01 3.62904958282E+01 9.25226781164E-01 3.85104472287E+01 1.29252826668E+00 3.51656937477E+01 9.44815562944E-01 
9.50000000000E+01 9.55000000000E+01 9.60000000000E+01 2.25960864455E+01 9.24329304154E-01 2.24621752187E+01 6.99419866787E-01 1.65861242955E+01 1.48114013726E+00 2.27650086671E+01 7.06428574278E-01 1.98498063288E+01 1.00713231720E+00 1.83715517492E+01 1.42562310286E+00 2.11543135892E+01 9.65325784913E-01 
9.60000000000E+01 9.65000000000E+01 9.70000000000E+01 2.47097079969E+01 1.00178180024E+00 2.63905953776E+01 7.28100861700E-01 2.35830515857E+01 1.42905831773E+00 2.59391410925E+01 7.40774162513E-01 2.58864638431E+01 9.77909823963E-01 2.27768291946E+01 1.41002879067E+00 2.53996511250E+01 1.01794070516E+00 
9.70000000000E+01 9.75000000000E+01 9.80000000000E+01 3.30306064444E+01 8.84191355031E-01 3.08069963325E+01 6.39433572254E-01 3.72176358647E+01 1.25720200022E+00 3.03638360119E+01 6.58636877854E-01 3.35331949942E+01 8.56571996051E-01 3.63257307504E+01 1.23970298659E+00 3.33145297066E+01 9.01177942219E-01 
9.80000000000E+01 9.85000000000E+01 9.90000000000E+01 1.73686776423E+01 1.04715701742E+00 1.88101230916E+01 7.36681672904E-01 1.36280289968E+01 1.51920039901E+00 1.76905641235E+01 8.11609125598E-01 1.74141747116E+01 9.64968330304E-01 1.40148562368E+01 1.38494334006E+00 1.52599276535E+01 1.13554378496E+00 
9.90000000000E+01 9.95000000000E+01 1.00000000000E+02 3.12927824567E+01 1.31635554532E+00 2.81044903815E+01 9.49538652341E-01 3.67606462121E+01 2.02656691891E+00 2.98093446195E+01 1.03131107634E+00 3.01843921726E+01 1.24093178676E+00 3.54510208426E+01 1.82876409128E+00 3.30808546200E+01 1.50311192919E+00 
#nx: 3
