#labels: ptz__2p25__2p5_lower[1] ptz__2p25__2p5_center[2] ptz__2p25__2p5_upper[3] tot_scale01[4] tot_scale01_Err[5] tot_scale02[6] tot_scale02_Err[7] tot_scale03[8] tot_scale03_Err[9] tot_scale04[10] tot_scale04_Err[11] tot_scale05[12] tot_scale05_Err[13] tot_scale06[14] tot_scale06_Err[15] tot_scale07[16] tot_scale07_Err[17]
#neval: 862055662261
#overflow:lower center upper 8.77686258744E+02 8.15069603425E+00 8.76293648817E+02 6.07028306121E+00 8.46015503011E+02 1.12378492327E+01 8.76855714194E+02 6.05926122649E+00 8.79365693716E+02 8.16888858398E+00 8.52192223207E+02 1.13616497334E+01 8.76693717674E+02 8.06555574081E+00 
0.00000000000E+00 5.00000000000E-01 1.00000000000E+00 0.00000000000E+00 0.00000000000E+00 0.00000000000E+00 0.00000000000E+00 0.00000000000E+00 0.00000000000E+00 0.00000000000E+00 0.00000000000E+00 0.00000000000E+00 0.00000000000E+00 0.00000000000E+00 0.00000000000E+00 0.00000000000E+00 0.00000000000E+00 
1.00000000000E+00 1.50000000000E+00 2.00000000000E+00 -3.83917807723E+03 2.29725080621E+02 -1.80968609206E+03 1.81043818107E+02 -4.97112294693E+03 2.90342012461E+02 -5.35199684713E+02 1.68190040307E+02 -5.44657748476E+03 2.42976588804E+02 -7.05705012507E+03 3.19619514283E+02 -2.02011060525E+03 2.08381983866E+02 
2.00000000000E+00 2.50000000000E+00 3.00000000000E+00 7.10871546482E+02 2.52110389800E+02 2.64835549096E+03 1.97926335272E+02 -1.19475478844E+03 3.20731361998E+02 2.85971838563E+03 1.87162420632E+02 3.48823361094E+02 2.66619797786E+02 -2.07251234244E+03 3.51810216120E+02 1.32349227182E+03 2.29903844938E+02 
3.00000000000E+00 3.50000000000E+00 4.00000000000E+00 4.57825804786E+03 1.04683616317E+02 5.22358296291E+03 8.36992083920E+01 3.97364938876E+03 1.32778961559E+02 5.28393678302E+03 7.78472899426E+01 4.40976727742E+03 1.12382330904E+02 3.68366088725E+03 1.45755332356E+02 4.69662174196E+03 9.54261839791E+01 
4.00000000000E+00 4.50000000000E+00 5.00000000000E+00 3.94664679220E+03 1.06878574022E+02 4.47975352161E+03 8.24505317009E+01 3.29000996574E+03 1.42154344030E+02 4.46686159496E+03 7.94343985887E+01 3.89579860676E+03 1.10949875454E+02 3.19405398126E+03 1.48964219994E+02 3.96502334739E+03 1.01994919022E+02 
5.00000000000E+00 5.50000000000E+00 6.00000000000E+00 4.42746016584E+03 7.36616925284E+01 4.57769271433E+03 5.83472159513E+01 4.37070751285E+03 9.60532330792E+01 4.50729315560E+03 5.43944905806E+01 4.40276262339E+03 7.84687359969E+01 4.26347279581E+03 1.02622478543E+02 4.50108328511E+03 6.83297179103E+01 
6.00000000000E+00 6.50000000000E+00 7.00000000000E+00 3.06469103523E+03 7.66017643358E+01 3.34817460827E+03 5.96490258673E+01 3.08763675030E+03 8.79585989294E+01 3.33428872299E+03 5.66167367203E+01 3.01678894373E+03 8.07034511847E+01 2.63460698216E+03 1.07572382501E+02 3.34659077494E+03 6.24123097611E+01 
7.00000000000E+00 7.50000000000E+00 8.00000000000E+00 3.33258714906E+03 4.74937599797E+01 3.41739010139E+03 3.89646574570E+01 3.22220312740E+03 6.09268682819E+01 3.40647925526E+03 3.56666097508E+01 3.32894763551E+03 5.23473310010E+01 3.23382929791E+03 6.62609278211E+01 3.31031876688E+03 4.42497271682E+01 
8.00000000000E+00 8.50000000000E+00 9.00000000000E+00 2.95041580426E+03 4.14979965575E+01 3.07438853125E+03 3.32895008175E+01 2.89052456427E+03 5.21872604247E+01 2.96388159951E+03 3.08870707406E+01 3.03938891762E+03 4.49013366749E+01 2.90019901556E+03 5.78136336541E+01 2.89912326771E+03 3.74159676514E+01 
9.00000000000E+00 9.50000000000E+00 1.00000000000E+01 2.46456021229E+03 3.41887083400E+01 2.55069798299E+03 2.68042423913E+01 2.28566196144E+03 4.25078979394E+01 2.51768310394E+03 2.55588123610E+01 2.48111370802E+03 3.59011240190E+01 2.35995065235E+03 4.77624149102E+01 2.37997328775E+03 3.05568925522E+01 
1.00000000000E+01 1.05000000000E+01 1.10000000000E+01 2.27398145586E+03 3.58629264911E+01 2.31814279278E+03 2.85724270362E+01 2.13472743004E+03 4.36613312503E+01 2.29352650519E+03 2.66360614225E+01 2.27300402745E+03 3.84346658795E+01 2.22339783948E+03 4.98729045189E+01 2.18048818315E+03 3.13912245878E+01 
1.10000000000E+01 1.15000000000E+01 1.20000000000E+01 2.29690749750E+03 3.07328908418E+01 2.28247241902E+03 2.45932855256E+01 2.23997322770E+03 3.82080033165E+01 2.23545846629E+03 2.28655241195E+01 2.31539471606E+03 3.28867726838E+01 2.35018869856E+03 4.28304734507E+01 2.18648615953E+03 2.74388466504E+01 
1.20000000000E+01 1.25000000000E+01 1.30000000000E+01 1.80169758745E+03 2.21485857882E+01 1.83345568209E+03 1.78699924959E+01 1.76222478855E+03 2.91815560470E+01 1.82297171241E+03 1.64696399488E+01 1.80077673126E+03 2.39604659907E+01 1.72884860337E+03 3.11154320332E+01 1.79048403776E+03 2.09742897051E+01 
1.30000000000E+01 1.35000000000E+01 1.40000000000E+01 1.54458631545E+03 2.19226837253E+01 1.60716626208E+03 1.70086347929E+01 1.43395494371E+03 2.86812333454E+01 1.56740772984E+03 1.63727213700E+01 1.58731485999E+03 2.25945807250E+01 1.44834486600E+03 3.08088547698E+01 1.49561891289E+03 2.07097423430E+01 
1.40000000000E+01 1.45000000000E+01 1.50000000000E+01 1.65953813772E+03 2.52198728785E+01 1.68281524789E+03 2.03468326176E+01 1.68124209731E+03 3.18476119519E+01 1.62447033675E+03 1.87843946993E+01 1.71490322211E+03 2.73435793618E+01 1.68327588798E+03 3.51408998994E+01 1.64135434802E+03 2.28573627988E+01 
1.50000000000E+01 1.55000000000E+01 1.60000000000E+01 1.45495040684E+03 1.65980797734E+01 1.45669225144E+03 1.38393883308E+01 1.43243920452E+03 2.15513198247E+01 1.43733506893E+03 1.24073483474E+01 1.46334873290E+03 1.85319011357E+01 1.44435283363E+03 2.40014511085E+01 1.42266852205E+03 1.55207838854E+01 
1.60000000000E+01 1.65000000000E+01 1.70000000000E+01 1.29148737692E+03 2.11400214455E+01 1.29588687174E+03 1.69194012515E+01 1.28190103212E+03 2.71683591655E+01 1.27710338341E+03 1.57334625836E+01 1.29610175499E+03 2.27062419525E+01 1.28455234452E+03 2.94429166102E+01 1.27324516945E+03 1.94938227159E+01 
1.70000000000E+01 1.75000000000E+01 1.80000000000E+01 1.05540086739E+03 2.80247203097E+01 1.10604130272E+03 2.12249740533E+01 1.03436997187E+03 3.84085065624E+01 1.08032303097E+03 2.08440013837E+01 1.07482703841E+03 2.85338638173E+01 1.02689726812E+03 3.97556947055E+01 1.06985372711E+03 2.75763161326E+01 
1.80000000000E+01 1.85000000000E+01 1.90000000000E+01 1.24142413553E+03 1.51301086110E+01 1.21967322895E+03 1.18725110703E+01 1.32239982564E+03 2.00095340413E+01 1.19506515258E+03 1.12641201143E+01 1.25954370224E+03 1.59264067298E+01 1.29040232286E+03 2.10478171591E+01 1.25188626095E+03 1.43967369868E+01 
1.90000000000E+01 1.95000000000E+01 2.00000000000E+01 1.21976099575E+03 1.61256793682E+01 1.18398458370E+03 1.29669149378E+01 1.25574681030E+03 2.14792652163E+01 1.16010456415E+03 1.21239034283E+01 1.24138084143E+03 1.73596947295E+01 1.31034658316E+03 2.25086740267E+01 1.17471508224E+03 1.54392894646E+01 
2.00000000000E+01 2.05000000000E+01 2.10000000000E+01 1.02509114584E+03 1.42673472487E+01 1.00517182628E+03 1.11806612634E+01 1.06689480314E+03 1.89041712759E+01 9.88898389895E+02 1.06521467245E+01 1.02612170448E+03 1.48978775256E+01 1.05974105622E+03 1.98308341902E+01 1.01090311905E+03 1.35313899900E+01 
2.10000000000E+01 2.15000000000E+01 2.20000000000E+01 8.06633128584E+02 1.58074794354E+01 8.25677824401E+02 1.25301514308E+01 7.60822796122E+02 2.05423130503E+01 8.15406385855E+02 1.18055951023E+01 8.08807038877E+02 1.67826085105E+01 7.71594718889E+02 2.19467021559E+01 7.88539017118E+02 1.47944754214E+01 
2.20000000000E+01 2.25000000000E+01 2.30000000000E+01 8.20988353872E+02 1.14464277768E+01 8.33068320854E+02 9.03800309382E+00 8.18217588335E+02 1.47943028304E+01 8.09389971174E+02 8.62222534481E+00 8.42614168906E+02 1.20010310009E+01 8.19354121889E+02 1.58068381676E+01 8.06485295086E+02 1.07009680309E+01 
2.30000000000E+01 2.35000000000E+01 2.40000000000E+01 7.59054158564E+02 9.36449633072E+00 7.67867341941E+02 7.37698521425E+00 7.58211838742E+02 1.27965664187E+01 7.45743114158E+02 7.05788701498E+00 7.74367944411E+02 9.80301585538E+00 7.67280158119E+02 1.35736165842E+01 7.36600791406E+02 8.27662914741E+00 
2.40000000000E+01 2.45000000000E+01 2.50000000000E+01 8.88708955311E+02 1.13394953843E+01 8.56808407910E+02 9.15474820854E+00 9.24206114578E+02 1.51174482407E+01 8.37199362453E+02 8.50992396856E+00 9.10453011243E+02 1.22257577959E+01 9.52792642927E+02 1.57347809081E+01 8.61444704231E+02 1.09834295406E+01 
2.50000000000E+01 2.55000000000E+01 2.60000000000E+01 6.08158916017E+02 1.08720773220E+01 6.39399952196E+02 8.06722737272E+00 6.10640265028E+02 1.37148878853E+01 6.17678631772E+02 7.97776221182E+00 6.35363634955E+02 1.07958377816E+01 5.89007490441E+02 1.50280049397E+01 6.11480278171E+02 9.92092847122E+00 
2.60000000000E+01 2.65000000000E+01 2.70000000000E+01 6.46088499383E+02 1.15283386488E+01 6.69556322066E+02 9.01695481607E+00 6.64481475150E+02 1.53171434879E+01 6.26616684301E+02 8.62359970041E+00 7.06083949973E+02 1.23201409165E+01 6.87739530164E+02 1.64911412776E+01 6.49224457605E+02 1.09908594412E+01 
2.70000000000E+01 2.75000000000E+01 2.80000000000E+01 6.84880968701E+02 1.11094300184E+01 6.59363950234E+02 8.61609781311E+00 7.20015082396E+02 1.42093643010E+01 6.44251964158E+02 8.35458614601E+00 6.91922110678E+02 1.15240575680E+01 7.33998771293E+02 1.50475612826E+01 6.81869181634E+02 1.02161340603E+01 
2.80000000000E+01 2.85000000000E+01 2.90000000000E+01 5.92854550028E+02 8.03102878395E+00 5.77648672790E+02 6.28495259054E+00 6.00341975051E+02 1.09934667652E+01 5.67861168895E+02 6.04768655516E+00 5.97640488921E+02 8.32653271596E+00 6.16792525129E+02 1.12033167736E+01 5.76500459674E+02 7.95944239877E+00 
2.90000000000E+01 2.95000000000E+01 3.00000000000E+01 4.82969030894E+02 7.56093078675E+00 4.92853135701E+02 5.88236681552E+00 4.75602790319E+02 9.69486659827E+00 4.87618707062E+02 5.64496047850E+00 4.88745064838E+02 7.89201278840E+00 4.65417030445E+02 1.05135641559E+01 4.84896701368E+02 6.97596321778E+00 
3.00000000000E+01 3.05000000000E+01 3.10000000000E+01 5.53181753621E+02 7.45539512249E+00 5.39254481027E+02 5.72611736934E+00 5.71340311821E+02 9.88797409253E+00 5.28008344807E+02 5.57559243528E+00 5.58285474709E+02 7.71605628519E+00 5.78848716434E+02 1.03522996212E+01 5.41972058001E+02 7.12415636343E+00 
3.10000000000E+01 3.15000000000E+01 3.20000000000E+01 5.20298277354E+02 6.54958976126E+00 5.02207780682E+02 5.88075166198E+00 5.35873370332E+02 8.59865304114E+00 4.99195636971E+02 4.98132324197E+00 5.23603563993E+02 7.82652662862E+00 5.46255167192E+02 9.05469388583E+00 5.11582739271E+02 6.29510946199E+00 
3.20000000000E+01 3.25000000000E+01 3.30000000000E+01 4.73976063435E+02 8.69647663075E+00 4.85799485468E+02 7.12961551064E+00 4.97109044489E+02 1.15052675943E+01 4.55233930057E+02 6.50456869597E+00 5.08871202217E+02 9.53799779896E+00 4.89028306120E+02 1.20044336578E+01 4.73867126964E+02 8.30017162678E+00 
3.30000000000E+01 3.35000000000E+01 3.40000000000E+01 4.45252671271E+02 7.09909461465E+00 4.35158987470E+02 5.49264544174E+00 4.61240567750E+02 9.02116397095E+00 4.31233010511E+02 5.32439792404E+00 4.47483799558E+02 7.33274582759E+00 4.47260074196E+02 9.57106081270E+00 4.40521257341E+02 6.50983341738E+00 
3.40000000000E+01 3.45000000000E+01 3.50000000000E+01 3.85666539114E+02 6.20387932762E+00 3.84122533434E+02 4.86880694192E+00 3.82965731966E+02 8.39334739143E+00 3.80160341359E+02 4.65098715081E+00 3.86874653410E+02 6.46393748204E+00 3.85971862677E+02 8.54412544695E+00 3.80329465779E+02 6.08596058940E+00 
3.50000000000E+01 3.55000000000E+01 3.60000000000E+01 4.44710291851E+02 8.10773375395E+00 4.28309373892E+02 6.28364378815E+00 4.64035588007E+02 1.08032817701E+01 4.19143316331E+02 6.05232378396E+00 4.54970168300E+02 8.41325609586E+00 4.73176906982E+02 1.12870867862E+01 4.27937832489E+02 7.74440572143E+00 
3.60000000000E+01 3.65000000000E+01 3.70000000000E+01 3.64745595565E+02 5.07948955596E+00 3.57867479947E+02 3.87562929960E+00 3.72515975681E+02 6.76430377869E+00 3.55224535060E+02 3.82417756336E+00 3.62456307875E+02 5.17066582847E+00 3.75285669788E+02 6.98655410024E+00 3.63963194535E+02 4.88478401209E+00 
3.70000000000E+01 3.75000000000E+01 3.80000000000E+01 3.24331332101E+02 5.32106963040E+00 3.29446396233E+02 4.21959531736E+00 3.19824419278E+02 7.33857017599E+00 3.18162590002E+02 4.04773647111E+00 3.31684187143E+02 5.71784605489E+00 3.19120287253E+02 7.53412669919E+00 3.18162850549E+02 5.30152417253E+00 
3.80000000000E+01 3.85000000000E+01 3.90000000000E+01 3.01343539868E+02 6.32827313941E+00 3.01316712732E+02 4.90901604676E+00 2.95483742590E+02 8.33707241939E+00 2.99504813592E+02 4.72485883086E+00 3.01176356051E+02 6.58121415850E+00 2.95210772718E+02 8.82193791469E+00 2.98904311283E+02 6.00602763366E+00 
3.90000000000E+01 3.95000000000E+01 4.00000000000E+01 3.25905152777E+02 6.27611068422E+00 3.29568876821E+02 4.91108352178E+00 3.37990742959E+02 8.46795733298E+00 3.13866805252E+02 4.69587097816E+00 3.40035956906E+02 6.52339286875E+00 3.45204120055E+02 8.77895049453E+00 3.23025774764E+02 6.14957431236E+00 
4.00000000000E+01 4.05000000000E+01 4.10000000000E+01 3.19895061473E+02 6.21482407194E+00 3.07895741680E+02 4.75365414027E+00 3.35074583967E+02 8.42738361538E+00 3.07512870357E+02 4.60868530862E+00 3.17654900213E+02 6.36302995273E+00 3.31668392959E+02 8.64228185981E+00 3.21317815803E+02 6.03048686554E+00 
4.10000000000E+01 4.15000000000E+01 4.20000000000E+01 3.09235981323E+02 6.74123703224E+00 2.93325354422E+02 5.11078406957E+00 3.26884803473E+02 8.17945520311E+00 2.92519908152E+02 5.02259826567E+00 3.15304725777E+02 6.99362494898E+00 3.27802654646E+02 9.45021263342E+00 2.92446040109E+02 6.88249862271E+00 
4.20000000000E+01 4.25000000000E+01 4.30000000000E+01 2.74982861363E+02 4.71308786441E+00 2.67503172192E+02 3.67270953632E+00 2.91124496204E+02 6.15084822302E+00 2.68643523630E+02 3.56117534517E+00 2.71375079133E+02 4.87877581742E+00 2.84770479922E+02 6.45051443831E+00 2.84437267114E+02 4.57271473623E+00 
4.30000000000E+01 4.35000000000E+01 4.40000000000E+01 2.07740353448E+02 5.06646590673E+00 2.16463586140E+02 3.84524040031E+00 1.90261242097E+02 6.74105248848E+00 2.18681390414E+02 3.71796084430E+00 2.08826448683E+02 5.03604057441E+00 1.94805404467E+02 7.00527583379E+00 2.13554223870E+02 4.77306799541E+00 
4.40000000000E+01 4.45000000000E+01 4.50000000000E+01 2.13517301427E+02 4.95744069989E+00 2.24745878708E+02 3.69566446539E+00 2.17453920275E+02 6.38110671604E+00 2.15731848157E+02 3.70357335160E+00 2.24875995058E+02 4.94774577929E+00 2.08235621087E+02 6.86609296468E+00 2.16964235842E+02 4.62822106804E+00 
4.50000000000E+01 4.55000000000E+01 4.60000000000E+01 2.51623940931E+02 4.29322950667E+00 2.45742309311E+02 3.38570413524E+00 2.65785441107E+02 5.75013663065E+00 2.41253471308E+02 3.25460428527E+00 2.46640405234E+02 4.30874597929E+00 2.62227395321E+02 5.94652371006E+00 2.52089295870E+02 4.13778773657E+00 
4.60000000000E+01 4.65000000000E+01 4.70000000000E+01 1.97884529570E+02 4.75564167716E+00 2.01705735696E+02 3.63775952890E+00 1.87112580961E+02 6.45233266286E+00 1.98128506859E+02 3.53265536324E+00 2.05256575421E+02 4.66889873106E+00 1.84981949710E+02 6.71588111867E+00 1.93534000748E+02 4.62021856054E+00 
4.70000000000E+01 4.75000000000E+01 4.80000000000E+01 2.37694244375E+02 3.97608525445E+00 2.32826890931E+02 3.20979032701E+00 2.76381199096E+02 6.55979058842E+00 2.24979137985E+02 2.97256280930E+00 2.47125320558E+02 4.33703285391E+00 2.59920052664E+02 5.90349544718E+00 2.54356210480E+02 4.67955007259E+00 
4.80000000000E+01 4.85000000000E+01 4.90000000000E+01 2.05056509748E+02 3.56379431353E+00 1.98988420387E+02 2.77643193160E+00 1.96269188856E+02 4.78278185625E+00 1.99837846112E+02 2.65933738008E+00 2.03341119100E+02 3.72906822155E+00 2.08188772802E+02 4.97976015006E+00 1.94127906090E+02 3.47591118766E+00 
4.90000000000E+01 4.95000000000E+01 5.00000000000E+01 1.83828595323E+02 3.67633779424E+00 1.81631272246E+02 2.85760946668E+00 1.78394957849E+02 4.90304300752E+00 1.80420735915E+02 2.74130383499E+00 1.82727396185E+02 3.79435768096E+00 1.81989260773E+02 5.06818515764E+00 1.78942569842E+02 3.55025302147E+00 
5.00000000000E+01 5.05000000000E+01 5.10000000000E+01 2.04055255123E+02 3.90946031197E+00 1.95634181706E+02 2.90000276397E+00 2.22263960734E+02 5.19760143477E+00 1.93663838072E+02 2.93550622227E+00 2.06277504690E+02 3.87354884761E+00 2.21718167848E+02 5.29609160437E+00 2.05731894038E+02 3.81991662895E+00 
5.10000000000E+01 5.15000000000E+01 5.20000000000E+01 1.37355805321E+02 3.16276701218E+00 1.49079778702E+02 2.47359198879E+00 1.31015899991E+02 4.25032261322E+00 1.42795956926E+02 2.39878052658E+00 1.45105350257E+02 3.29796221843E+00 1.25471416087E+02 4.37700061142E+00 1.40716918181E+02 3.06928400945E+00 
5.20000000000E+01 5.25000000000E+01 5.30000000000E+01 1.85635202326E+02 3.29007846067E+00 1.82287375235E+02 2.52980842831E+00 1.98492790720E+02 4.54190630164E+00 1.77352856036E+02 2.40681846546E+00 1.92680021521E+02 3.38050679098E+00 1.93857310689E+02 4.60272255522E+00 1.89000431952E+02 3.26056655367E+00 
5.30000000000E+01 5.35000000000E+01 5.40000000000E+01 1.85977564043E+02 4.21247196709E+00 1.79139709057E+02 3.07246565274E+00 2.06436751867E+02 5.79675007391E+00 1.74719150531E+02 3.06626929207E+00 1.91763413679E+02 4.20421470176E+00 2.01534405107E+02 6.00240358479E+00 1.89011020960E+02 4.07778396521E+00 
5.40000000000E+01 5.45000000000E+01 5.50000000000E+01 1.48362226674E+02 3.22172324034E+00 1.47322261319E+02 2.45681624488E+00 1.27259392414E+02 6.14002813148E+00 1.46053162998E+02 2.41235547769E+00 1.48090527692E+02 3.28242490835E+00 1.30500492156E+02 6.21520180554E+00 1.44670228667E+02 3.30124259503E+00 
5.50000000000E+01 5.55000000000E+01 5.60000000000E+01 1.64649038395E+02 3.17453071812E+00 1.58651238925E+02 2.45774864242E+00 1.75306300557E+02 4.48697947503E+00 1.56633344640E+02 2.39110835569E+00 1.66675110011E+02 3.26287438616E+00 1.74623466478E+02 4.38926095289E+00 1.65459150840E+02 3.25724963742E+00 
5.60000000000E+01 5.65000000000E+01 5.70000000000E+01 1.33883448489E+02 4.08611653708E+00 1.35188244158E+02 3.11645828093E+00 1.29089561953E+02 5.57469210865E+00 1.31343564692E+02 3.10121847988E+00 1.37601535495E+02 4.11763668171E+00 1.20841280453E+02 4.82351871757E+00 1.30698835919E+02 4.06913468318E+00 
5.70000000000E+01 5.75000000000E+01 5.80000000000E+01 1.35929096934E+02 3.53938879965E+00 1.33822636974E+02 2.66063432223E+00 1.37060744322E+02 4.82056143719E+00 1.37877451933E+02 2.05563518653E+00 1.37521616451E+02 3.52069160682E+00 1.37929161508E+02 4.85694257328E+00 1.34408520985E+02 3.51889668231E+00 
5.80000000000E+01 5.85000000000E+01 5.90000000000E+01 1.36387856245E+02 2.81432972996E+00 1.32919545639E+02 2.25684770399E+00 1.41864141851E+02 3.80017529440E+00 1.27344900343E+02 2.01453533860E+00 1.39246449970E+02 2.97756807802E+00 1.42951599659E+02 3.91028005313E+00 1.38279129663E+02 2.73401604458E+00 
5.90000000000E+01 5.95000000000E+01 6.00000000000E+01 1.19357324766E+02 3.38484855631E+00 1.15997044884E+02 2.68441466616E+00 1.21530088984E+02 4.41355509348E+00 1.16151137366E+02 2.61675808444E+00 1.18340209587E+02 3.46327810752E+00 1.22048245957E+02 4.55081502755E+00 1.18848254180E+02 3.27194655825E+00 
6.00000000000E+01 6.05000000000E+01 6.10000000000E+01 9.92461741049E+01 3.11228087765E+00 1.02913919279E+02 2.33391769608E+00 9.00671093861E+01 4.40517625104E+00 1.02246861832E+02 2.28280784737E+00 9.91873920504E+01 3.18478896714E+00 8.91903027286E+01 4.42085960305E+00 9.89955227457E+01 3.11154952667E+00 
6.10000000000E+01 6.15000000000E+01 6.20000000000E+01 1.26036646609E+02 3.65372808911E+00 1.16655304372E+02 2.76851883748E+00 1.30598783907E+02 5.13959611780E+00 1.18783661497E+02 2.71195683796E+00 1.24529963958E+02 3.69739414261E+00 1.30978500398E+02 5.14168542272E+00 1.24509699977E+02 3.66956429377E+00 
6.20000000000E+01 6.25000000000E+01 6.30000000000E+01 1.08018666731E+02 2.60866155385E+00 1.10118010996E+02 1.99185854611E+00 1.08810018126E+02 3.36251355412E+00 1.05496429895E+02 1.96585552207E+00 1.13366945865E+02 2.64042659386E+00 1.07882526052E+02 3.57953414764E+00 1.07456088971E+02 2.44663160909E+00 
6.30000000000E+01 6.35000000000E+01 6.40000000000E+01 1.09876408059E+02 2.66456871267E+00 1.06202372167E+02 2.00637715971E+00 1.07117690973E+02 3.62526925718E+00 1.06086899126E+02 1.98459510100E+00 1.09221153937E+02 2.68532283369E+00 1.12405717940E+02 3.69170195148E+00 1.05506700564E+02 2.58958429496E+00 
6.40000000000E+01 6.45000000000E+01 6.50000000000E+01 7.96623305915E+01 2.53964370437E+00 8.69876546630E+01 1.92831023304E+00 7.14864510953E+01 3.52821864874E+00 8.38667689490E+01 1.88860408574E+00 8.19174809851E+01 2.62147097589E+00 7.27563882367E+01 3.50048613992E+00 7.75459308886E+01 2.57128235100E+00 
6.50000000000E+01 6.55000000000E+01 6.60000000000E+01 1.03631829351E+02 1.93183906628E+00 9.82130732662E+01 1.70748261423E+00 1.19690154797E+02 2.86376749613E+00 9.87321209690E+01 1.46247943664E+00 1.02534069645E+02 2.27503307760E+00 1.07482947623E+02 3.11467708757E+00 1.09187167214E+02 2.16931260633E+00 
6.60000000000E+01 6.65000000000E+01 6.70000000000E+01 9.86297438268E+01 2.08046230775E+00 9.52886830766E+01 1.58452040571E+00 1.00308055016E+02 2.91206732621E+00 9.55042148853E+01 1.57484322440E+00 9.80086659583E+01 2.09396819968E+00 1.01274826888E+02 2.88584268545E+00 9.97751568361E+01 2.17208281286E+00 
6.70000000000E+01 6.75000000000E+01 6.80000000000E+01 8.62568723186E+01 2.61667381622E+00 8.53418839494E+01 2.00484654125E+00 8.73222411451E+01 3.54870201603E+00 8.46268602861E+01 1.96363241766E+00 8.68227135099E+01 2.67365184086E+00 8.36412715986E+01 3.52766081220E+00 8.40278428413E+01 2.47182757649E+00 
6.80000000000E+01 6.85000000000E+01 6.90000000000E+01 1.05824956094E+02 2.69158563876E+00 9.58085232273E+01 1.89068824474E+00 1.12046797662E+02 3.40671705403E+00 9.89653974009E+01 2.02410036099E+00 1.01517856274E+02 2.43115457753E+00 1.14290839008E+02 3.71796038303E+00 1.03057502307E+02 2.46820902010E+00 
6.90000000000E+01 6.95000000000E+01 7.00000000000E+01 8.17589079066E+01 2.17336961494E+00 8.24442351860E+01 1.61028158090E+00 8.35310250023E+01 2.98401496112E+00 8.03640480705E+01 1.63933271188E+00 8.49280093555E+01 2.14550844709E+00 8.17989628117E+01 3.02333826950E+00 8.15353437126E+01 2.15276447024E+00 
7.00000000000E+01 7.05000000000E+01 7.10000000000E+01 7.94686688312E+01 2.12552994667E+00 7.80905283932E+01 1.61603114662E+00 7.57322575069E+01 2.73112407900E+00 7.70797840465E+01 1.60009019136E+00 7.96077141735E+01 2.14399642092E+00 8.01678151007E+01 2.93393467687E+00 7.92036601383E+01 2.07606310439E+00 
7.10000000000E+01 7.15000000000E+01 7.20000000000E+01 8.59091162592E+01 1.84011048625E+00 7.97704805455E+01 1.33341522134E+00 9.09934923025E+01 2.45935496248E+00 8.11792526988E+01 1.40722163193E+00 8.61365187176E+01 1.86146639451E+00 9.16713720329E+01 2.50612124175E+00 8.53099264943E+01 1.80147917788E+00 
7.20000000000E+01 7.25000000000E+01 7.30000000000E+01 8.41296820735E+01 1.89127630196E+00 8.18023790188E+01 1.49784630245E+00 8.46547008862E+01 2.50789219241E+00 8.02229268488E+01 1.43865870391E+00 8.53044793391E+01 1.96279334553E+00 8.72318082381E+01 2.61069448248E+00 8.24877929562E+01 1.85161223461E+00 
7.30000000000E+01 7.35000000000E+01 7.40000000000E+01 5.94202944040E+01 1.77571218462E+00 5.93025398709E+01 1.43171893736E+00 5.12519264236E+01 2.48387680773E+00 6.06277782390E+01 1.34101941794E+00 5.73109824111E+01 1.90430715731E+00 5.19593077566E+01 2.58649310338E+00 5.68396076853E+01 1.80208369615E+00 
7.40000000000E+01 7.45000000000E+01 7.50000000000E+01 7.32099235356E+01 1.71443541593E+00 7.16206164950E+01 1.25923594819E+00 7.57098886857E+01 2.25684420271E+00 7.05165091747E+01 1.29138168162E+00 7.44091396694E+01 1.66609718400E+00 7.53446881147E+01 2.35987620920E+00 7.35886011527E+01 1.62654988268E+00 
7.50000000000E+01 7.55000000000E+01 7.60000000000E+01 6.74308465694E+01 1.59059715935E+00 6.37235343924E+01 1.23517653092E+00 7.03390309061E+01 2.23191039392E+00 6.58795110564E+01 1.20929182615E+00 6.52230945790E+01 1.64335366469E+00 6.89083066430E+01 2.20362901654E+00 6.78067798392E+01 1.59607225457E+00 
7.60000000000E+01 7.65000000000E+01 7.70000000000E+01 4.89709880489E+01 1.63702242871E+00 4.98810513831E+01 1.16673285974E+00 5.10059370533E+01 2.25832019394E+00 5.02005846283E+01 1.17604862728E+00 4.87161774072E+01 1.65437909315E+00 4.32203645641E+01 2.28421444320E+00 5.14070786144E+01 1.56503409166E+00 
7.70000000000E+01 7.75000000000E+01 7.80000000000E+01 6.14651126043E+01 1.50354003659E+00 5.98053612390E+01 1.15497052492E+00 7.10317298447E+01 2.64573968795E+00 5.98620010671E+01 1.12355323237E+00 6.16741535472E+01 1.53312694423E+00 6.08251515391E+01 2.06403406773E+00 6.81948364533E+01 1.90619552499E+00 
7.80000000000E+01 7.85000000000E+01 7.90000000000E+01 7.22161330732E+01 1.52120196456E+00 6.57849198223E+01 1.11616342246E+00 7.78930180002E+01 2.09705406304E+00 6.67787362677E+01 1.11882655463E+00 7.10587543749E+01 1.51459645530E+00 7.89120352543E+01 2.10515178555E+00 7.24495963989E+01 1.52820990784E+00 
7.90000000000E+01 7.95000000000E+01 8.00000000000E+01 5.92538197910E+01 1.56530182419E+00 5.32615751174E+01 1.21200921010E+00 6.04964785742E+01 2.37554269332E+00 5.50774666597E+01 9.18659072609E-01 5.74517853558E+01 1.92349129474E+00 5.97300671138E+01 2.31836164216E+00 6.00547486791E+01 1.68903414108E+00 
8.00000000000E+01 8.05000000000E+01 8.10000000000E+01 5.24839339257E+01 1.81825729818E+00 5.22485589244E+01 1.36450344014E+00 4.97591255837E+01 2.48927655091E+00 5.15800125056E+01 1.34149518636E+00 5.27992248174E+01 1.85291070988E+00 5.25861207685E+01 2.56481224628E+00 5.14494199300E+01 1.76685771225E+00 
8.10000000000E+01 8.15000000000E+01 8.20000000000E+01 9.81453187502E+01 1.00031015732E+01 8.67889075687E+01 7.55186883181E+00 1.15916259768E+02 1.34305313565E+01 8.45798410582E+01 7.23546493062E+00 1.00431426346E+02 1.04428074683E+01 1.17549677254E+02 1.43055148215E+01 9.68511316313E+01 9.39424429881E+00 
8.20000000000E+01 8.25000000000E+01 8.30000000000E+01 1.10480900661E+01 9.91415830947E+00 1.95268459148E+01 7.54682476298E+00 -6.95757067940E-01 1.32958444118E+01 1.99636717868E+01 7.16731658550E+00 8.50443344027E+00 1.03615408549E+01 -6.00111091828E+00 1.41877089595E+01 1.35741892013E+01 9.29474508205E+00 
8.30000000000E+01 8.35000000000E+01 8.40000000000E+01 4.52440686064E+01 1.36359366001E+00 4.65380826100E+01 1.02621334381E+00 4.64458249546E+01 1.81481768276E+00 4.57871710684E+01 1.02779948670E+00 4.67885908207E+01 1.36847391760E+00 4.52815963453E+01 1.89828070629E+00 4.59996646633E+01 1.37105907500E+00 
8.40000000000E+01 8.45000000000E+01 8.50000000000E+01 5.05315506952E+01 1.07426439140E+00 4.93335169889E+01 7.21584842301E-01 4.84963248848E+01 1.55214547085E+00 4.94678572849E+01 7.11498040269E-01 5.05334215793E+01 1.08736089451E+00 5.17900315741E+01 1.47490788342E+00 4.97668003404E+01 9.84403045900E-01 
8.50000000000E+01 8.55000000000E+01 8.60000000000E+01 3.81248317763E+01 1.30380889383E+00 3.75095239238E+01 9.14005862666E-01 3.36285696717E+01 1.80112710174E+00 3.83095977204E+01 9.95221382729E-01 3.75630207002E+01 1.30742493051E+00 3.32586274295E+01 1.81588997712E+00 3.81645142284E+01 1.28837588729E+00 
8.60000000000E+01 8.65000000000E+01 8.70000000000E+01 4.80095758814E+01 1.59875795487E+00 4.58611339233E+01 1.02366557431E+00 4.95905724969E+01 2.46214264737E+00 4.64792919002E+01 1.12023772662E+00 4.80436068297E+01 1.51438686261E+00 4.81919413281E+01 2.33869917686E+00 4.84869189313E+01 1.66131297126E+00 
8.70000000000E+01 8.75000000000E+01 8.80000000000E+01 4.61592718706E+01 1.56772879679E+00 4.27144888095E+01 1.03616273254E+00 5.03425006891E+01 2.40341292922E+00 4.33587381977E+01 1.09822179933E+00 4.53240421909E+01 1.47855266934E+00 4.97349188034E+01 2.33491144390E+00 4.66499447684E+01 1.61873659350E+00 
8.80000000000E+01 8.85000000000E+01 8.90000000000E+01 4.10308795812E+01 1.15842149032E+00 4.15920971918E+01 8.57459188631E-01 4.07602178906E+01 1.64362944650E+00 4.05398127944E+01 8.71078259403E-01 4.25249476604E+01 1.13731145933E+00 4.14979592571E+01 1.59821811671E+00 4.09260293945E+01 1.18894196529E+00 
8.90000000000E+01 8.95000000000E+01 9.00000000000E+01 3.63802118843E+01 1.12925478082E+00 3.66124058469E+01 8.07389486814E-01 3.43387117867E+01 1.54555430939E+00 3.67242815403E+01 8.33589163434E-01 3.63148727980E+01 1.08487362754E+00 3.53399905505E+01 1.56788327550E+00 3.56742422931E+01 1.10737507488E+00 
9.00000000000E+01 9.05000000000E+01 9.10000000000E+01 4.44642667386E+01 1.03240539944E+00 4.09001019983E+01 7.43375220996E-01 4.90539701733E+01 1.45015223001E+00 4.15566089454E+01 7.71627985398E-01 4.39819816055E+01 9.77600932023E-01 4.86371628496E+01 1.44074723078E+00 4.49730477326E+01 1.03821176936E+00 
9.10000000000E+01 9.15000000000E+01 9.20000000000E+01 3.41904612015E+01 9.66198713967E-01 3.51734349898E+01 7.72961511760E-01 3.24373891197E+01 1.36714422927E+00 3.47729407699E+01 7.20736074671E-01 3.44435029202E+01 1.00346818476E+00 3.25796282555E+01 1.33219312431E+00 3.37120246099E+01 1.01227225934E+00 
9.20000000000E+01 9.25000000000E+01 9.30000000000E+01 2.73063298777E+01 1.18986713784E+00 3.03825134081E+01 8.28107926134E-01 2.50689873577E+01 1.66650437513E+00 2.82649492088E+01 9.17565088974E-01 2.98762697482E+01 1.08149134550E+00 2.59563871505E+01 1.61331687918E+00 2.69641408183E+01 1.22650123557E+00 
9.30000000000E+01 9.35000000000E+01 9.40000000000E+01 3.87125452550E+01 1.26289937494E+00 3.74973427671E+01 9.63859789089E-01 4.02710358385E+01 1.73323791620E+00 3.72921379863E+01 9.73102753603E-01 3.55004368028E+01 1.14298283311E+00 3.73571087260E+01 1.59507539142E+00 3.93331166020E+01 1.28600338969E+00 
9.40000000000E+01 9.45000000000E+01 9.50000000000E+01 3.47512808267E+01 9.18177419755E-01 3.37531653934E+01 6.89581307080E-01 3.47263148277E+01 1.27010720188E+00 3.35869129768E+01 6.98585660267E-01 3.52219746025E+01 9.16286060299E-01 3.55055519083E+01 1.26764210997E+00 3.39512728379E+01 9.21616849070E-01 
9.50000000000E+01 9.55000000000E+01 9.60000000000E+01 2.96628252985E+01 1.73269945438E+00 2.94066200527E+01 1.24164181783E+00 2.83731617989E+01 2.51425240621E+00 2.93382041141E+01 1.29111691640E+00 2.95079932417E+01 1.66650359784E+00 2.80599449749E+01 2.41550508239E+00 2.91510842140E+01 1.80264495378E+00 
9.60000000000E+01 9.65000000000E+01 9.70000000000E+01 2.79355098753E+01 8.95951300602E-01 2.79360382682E+01 6.63231525273E-01 2.74919319587E+01 1.27992247484E+00 2.76303021653E+01 6.55694179726E-01 2.86805261647E+01 8.78367706128E-01 2.78823265190E+01 1.25621498367E+00 2.81630666594E+01 9.12949150542E-01 
9.70000000000E+01 9.75000000000E+01 9.80000000000E+01 2.83892442846E+01 8.72944536007E-01 2.90647036231E+01 7.49309299972E-01 2.67124385867E+01 1.34786008685E+00 2.80397852057E+01 7.30434500745E-01 2.96566133936E+01 9.85619451943E-01 2.95547489116E+01 1.40390606970E+00 2.74148955611E+01 9.62821013113E-01 
9.80000000000E+01 9.85000000000E+01 9.90000000000E+01 3.01882659882E+01 9.32480930402E-01 3.00923504250E+01 6.91704196199E-01 2.94062951695E+01 1.30714683045E+00 2.98904060051E+01 6.95204348949E-01 3.05083901338E+01 9.27873542252E-01 2.99832687080E+01 1.30628191158E+00 2.98024486878E+01 9.35744347395E-01 
9.90000000000E+01 9.95000000000E+01 1.00000000000E+02 3.15538095263E+01 1.14061248726E+00 2.95782022297E+01 8.41423694023E-01 3.55580225257E+01 1.39653701056E+00 2.93131954673E+01 8.45071668777E-01 3.19088753094E+01 1.13429258985E+00 3.32351579449E+01 1.57835421301E+00 3.30561442884E+01 1.01263744934E+00 
#nx: 3
