#labels: yz_all_lower[1] yz_all_center[2] yz_all_upper[3] tot_scale01[4] tot_scale01_Err[5] tot_scale02[6] tot_scale02_Err[7] tot_scale03[8] tot_scale03_Err[9] tot_scale04[10] tot_scale04_Err[11] tot_scale05[12] tot_scale05_Err[13] tot_scale06[14] tot_scale06_Err[15] tot_scale07[16] tot_scale07_Err[17]
#neval: 862104527401
#overflow:lower center upper 1.53209761435E+01 5.43691767978E-01 1.51653951661E+01 4.39908317596E-01 1.48471786371E+01 7.17788099989E-01 1.47527036230E+01 4.29062806944E-01 1.57725646226E+01 5.56273368215E-01 1.57300312377E+01 7.15832043086E-01 1.45266204790E+01 5.40491828223E-01 
-5.00000000000E+00 -4.87500000000E+00 -4.75000000000E+00 6.13109547908E+02 1.29816078800E+01 6.19014739697E+02 9.79600848046E+00 5.96604212438E+02 1.79886838208E+01 5.97704957700E+02 9.77632792608E+00 6.36042427115E+02 1.29602960370E+01 6.24477340325E+02 1.80026885274E+01 5.86741391985E+02 1.29205645530E+01 
-4.75000000000E+00 -4.62500000000E+00 -4.50000000000E+00 6.34271205945E+03 7.69747915719E+01 6.71890655264E+03 5.78784065421E+01 5.65601629578E+03 1.11093448561E+02 6.64485365107E+03 5.56603220325E+01 6.42801701706E+03 7.69612394297E+01 5.85165179267E+03 1.06944569065E+02 6.11421835799E+03 7.98613278413E+01 
-4.50000000000E+00 -4.37500000000E+00 -4.25000000000E+00 2.70658229127E+04 5.02523059261E+02 2.94435608536E+04 3.68207070645E+02 2.30275308961E+04 6.75404924831E+02 2.86017662890E+04 3.73361773699E+02 2.70900488640E+04 4.74440368914E+02 2.35230179852E+04 6.71624934691E+02 2.56656937834E+04 4.84291135040E+02 
-4.25000000000E+00 -4.12500000000E+00 -4.00000000000E+00 6.47705657503E+04 6.32636798361E+02 6.98944352465E+04 4.77369271694E+02 5.91617218626E+04 8.58868436347E+02 6.86398137440E+04 4.70213883508E+02 6.52841711701E+04 6.42296302958E+02 5.86034766997E+04 8.82238507890E+02 6.42298482129E+04 6.15797215350E+02 
-4.00000000000E+00 -3.87500000000E+00 -3.75000000000E+00 1.12189022094E+05 1.04764684878E+03 1.19933074181E+05 8.03822465117E+02 1.05165894723E+05 1.40756501176E+03 1.18473554705E+05 7.78639379235E+02 1.12343844842E+05 1.08157952645E+03 1.03136816543E+05 1.46046174439E+03 1.12082029519E+05 1.00970026551E+03 
-3.75000000000E+00 -3.62500000000E+00 -3.50000000000E+00 1.44911646126E+05 1.13851469872E+03 1.57246581954E+05 8.88157910477E+02 1.29198724422E+05 1.50815977369E+03 1.56399381826E+05 8.47795711281E+02 1.43470830274E+05 1.19305369362E+03 1.28709413411E+05 1.58695299357E+03 1.43371399998E+05 1.08123711557E+03 
-3.50000000000E+00 -3.37500000000E+00 -3.25000000000E+00 1.74966885517E+05 1.69042782548E+03 1.90678553326E+05 1.33006261545E+03 1.59043393567E+05 2.20624238252E+03 1.90198816727E+05 1.25539149868E+03 1.72708755828E+05 1.79075857329E+03 1.54252468425E+05 2.35771548894E+03 1.76360012895E+05 1.58221991474E+03 
-3.25000000000E+00 -3.12500000000E+00 -3.00000000000E+00 1.93356609047E+05 1.83155035283E+03 2.10756654711E+05 1.50567187263E+03 1.71135032452E+05 2.38387505109E+03 2.12570058521E+05 1.36000966394E+03 1.87782441115E+05 2.02838740293E+03 1.67304453112E+05 2.57679274992E+03 1.93880606802E+05 1.70827416897E+03 
-3.00000000000E+00 -2.87500000000E+00 -2.75000000000E+00 2.14353417119E+05 2.20342402764E+03 2.32124441971E+05 1.76587514492E+03 1.94817359367E+05 2.84178739963E+03 2.34573789748E+05 1.63521994144E+03 2.07874038752E+05 2.37677232659E+03 1.88187222610E+05 3.07564962610E+03 2.16944441236E+05 2.03644173231E+03 
-2.75000000000E+00 -2.62500000000E+00 -2.50000000000E+00 2.15822669662E+05 2.10696868176E+03 2.36557311162E+05 1.69923965406E+03 1.94237620373E+05 2.68863570044E+03 2.40479980630E+05 1.56496673570E+03 2.07202766317E+05 2.28776168296E+03 1.83867869639E+05 2.93754001108E+03 2.21245123296E+05 1.92857763419E+03 
-2.50000000000E+00 -2.37500000000E+00 -2.25000000000E+00 2.58983516157E+05 5.02026693341E+03 2.75275343493E+05 3.99953167974E+03 2.46071842525E+05 6.36540782127E+03 2.76444277139E+05 3.72331129212E+03 2.54401572842E+05 5.38992587122E+03 2.40246593738E+05 7.00319919188E+03 2.62148069586E+05 4.56192087690E+03 
-2.25000000000E+00 -2.12500000000E+00 -2.00000000000E+00 2.35120811057E+05 2.67133399887E+03 2.69101880319E+05 3.26695182294E+03 2.12541590065E+05 3.34403666157E+03 2.61470656958E+05 1.98218434248E+03 2.41585761054E+05 4.40498140862E+03 2.01996107426E+05 3.72825595609E+03 2.40941037066E+05 2.39597200310E+03 
-2.00000000000E+00 -1.87500000000E+00 -1.75000000000E+00 2.64579528809E+05 2.55057587067E+03 2.85232182084E+05 2.04557702693E+03 2.46192868497E+05 3.33979789189E+03 2.85306234584E+05 1.89408404439E+03 2.59802574099E+05 2.75930908326E+03 2.39739331397E+05 3.56445768993E+03 2.68550463128E+05 2.39967639614E+03 
-1.75000000000E+00 -1.62500000000E+00 -1.50000000000E+00 2.54102521399E+05 2.59256544612E+03 2.76471938318E+05 2.08567212064E+03 2.31639699451E+05 3.29220299316E+03 2.81193311195E+05 1.92428750547E+03 2.44129605011E+05 2.80989051432E+03 2.21615954801E+05 3.61786592324E+03 2.59637949062E+05 2.35883986371E+03 
-1.50000000000E+00 -1.37500000000E+00 -1.25000000000E+00 2.48176527995E+05 2.56886369588E+03 2.74623559187E+05 2.12753899876E+03 2.35367373956E+05 3.43710039048E+03 2.79708251808E+05 1.91148192777E+03 2.41124484930E+05 2.89891015731E+03 2.10528889026E+05 3.58499503938E+03 2.64696635070E+05 2.46309786538E+03 
-1.25000000000E+00 -1.12500000000E+00 -1.00000000000E+00 2.68027997754E+05 3.10937959326E+03 2.89019349748E+05 2.41349002279E+03 2.50665799968E+05 3.76766665391E+03 2.96146841223E+05 2.30855595991E+03 2.54893212389E+05 3.25060276471E+03 2.35194302124E+05 4.33842685677E+03 2.77574622429E+05 2.70125847422E+03 
-1.00000000000E+00 -8.75000000000E-01 -7.50000000000E-01 2.45994238634E+05 3.81078080838E+03 2.74900734891E+05 3.11742532511E+03 2.22080371522E+05 4.73660665960E+03 2.81392459347E+05 2.82949290659E+03 2.33384635592E+05 4.19864697176E+03 2.03088496025E+05 5.31758546593E+03 2.58075549962E+05 3.39516470501E+03 
-7.50000000000E-01 -6.25000000000E-01 -5.00000000000E-01 2.38878490357E+05 4.48527183357E+03 2.63801126018E+05 3.47857646028E+03 2.24704881847E+05 5.25505438830E+03 2.75063801804E+05 3.20145260056E+03 2.17279669716E+05 4.65115562468E+03 1.97473504174E+05 5.70275783026E+03 2.54873838194E+05 4.05496900430E+03 
-5.00000000000E-01 -3.75000000000E-01 -2.50000000000E-01 2.55481794395E+05 5.85210718848E+03 2.85579511100E+05 4.82815211532E+03 2.30324916115E+05 7.17012970254E+03 2.90679126401E+05 4.33547325020E+03 2.43871368313E+05 6.51813576527E+03 2.13037802256E+05 8.18295002885E+03 2.66673066738E+05 5.12780273450E+03 
-2.50000000000E-01 -1.25000000000E-01 0.00000000000E+00 2.90856071296E+05 4.15857450258E+03 3.11144509663E+05 3.40123492788E+03 2.78278464027E+05 5.16552728248E+03 3.17598012699E+05 3.08720649301E+03 2.78611250735E+05 4.58143212765E+03 2.61295857451E+05 5.79899303934E+03 3.00510553738E+05 3.69366463049E+03 
0.00000000000E+00 1.25000000000E-01 2.50000000000E-01 2.27426839515E+05 3.76431172363E+03 2.60469207040E+05 3.05003418362E+03 1.91890650767E+05 4.65917028966E+03 2.70412314636E+05 2.79584924842E+03 2.09876993561E+05 4.10471070187E+03 1.73080497538E+05 5.24920656868E+03 2.39592882747E+05 3.34113377741E+03 
2.50000000000E-01 3.75000000000E-01 5.00000000000E-01 2.99299623518E+05 5.43612166947E+03 3.19245060339E+05 4.44794610892E+03 2.80881066782E+05 6.79357524954E+03 3.23589904012E+05 4.03154507377E+03 2.89836632347E+05 5.99694602651E+03 2.73572406484E+05 7.59237555922E+03 3.02894914950E+05 4.86393155578E+03 
5.00000000000E-01 6.25000000000E-01 7.50000000000E-01 2.70294524873E+05 3.26726954213E+03 2.94611906531E+05 2.65878858997E+03 2.50358798404E+05 4.06618034733E+03 3.00313401575E+05 2.42884128389E+03 2.58241040544E+05 3.57809826230E+03 2.34633496680E+05 4.55239904119E+03 2.80118858535E+05 2.91787612548E+03 
7.50000000000E-01 8.75000000000E-01 1.00000000000E+00 2.66367742973E+05 2.71320025210E+03 2.90689965387E+05 2.21088093007E+03 2.47813691722E+05 3.39548503872E+03 2.96594791925E+05 2.01383976310E+03 2.54908907169E+05 2.97819165492E+03 2.31717712148E+05 3.77984745634E+03 2.77074034655E+05 2.43357856866E+03 
1.00000000000E+00 1.12500000000E+00 1.25000000000E+00 2.30576747299E+05 3.26425822906E+03 2.61357492079E+05 2.61974963488E+03 2.12655239417E+05 3.60343865912E+03 2.68246984814E+05 2.42209282388E+03 2.17375523093E+05 3.53058990276E+03 1.83702794963E+05 4.56398145273E+03 2.50256860256E+05 2.57928055083E+03 
1.25000000000E+00 1.37500000000E+00 1.50000000000E+00 2.54100735418E+05 2.09210813179E+03 2.69056247825E+05 2.43801433217E+03 2.36199535951E+05 2.60901022208E+03 2.83219281532E+05 1.55313080749E+03 2.32110739620E+05 3.28454048617E+03 2.06579390216E+05 4.19880119490E+03 2.64847930100E+05 1.86796133112E+03 
1.50000000000E+00 1.62500000000E+00 1.75000000000E+00 2.58654316800E+05 3.19897978383E+03 2.80838890195E+05 2.58706049704E+03 2.40135711743E+05 4.02489993846E+03 2.84582496652E+05 2.37484040203E+03 2.50323457466E+05 3.48917987257E+03 2.27830208028E+05 4.46228920669E+03 2.65746720065E+05 2.88493511119E+03 
1.75000000000E+00 1.87500000000E+00 2.00000000000E+00 2.15249438841E+05 2.91267967424E+03 2.43436798416E+05 2.32580147934E+03 1.87522090534E+05 3.73848673714E+03 2.49704233157E+05 2.15975365748E+03 2.02807056567E+05 3.13582487212E+03 1.70407129900E+05 4.06859085597E+03 2.25679749687E+05 2.67713010998E+03 
2.00000000000E+00 2.12500000000E+00 2.25000000000E+00 2.24228020095E+05 4.34327517890E+03 2.45197156754E+05 3.24103477477E+03 2.02392172356E+05 5.58187112681E+03 2.53309569622E+05 3.22441796735E+03 2.09514762471E+05 4.36419533955E+03 1.88154774457E+05 6.06184085442E+03 2.33217939623E+05 4.00217657561E+03 
2.25000000000E+00 2.37500000000E+00 2.50000000000E+00 2.27491195560E+05 1.70710560380E+03 2.43889209555E+05 1.64079966877E+03 2.19779993525E+05 3.51420818278E+03 2.52777156450E+05 1.26799429135E+03 2.11962731214E+05 2.20868048945E+03 1.95421799583E+05 2.38070185643E+03 2.43254371766E+05 2.52168717135E+03 
2.50000000000E+00 2.62500000000E+00 2.75000000000E+00 2.05914036016E+05 2.95050609892E+03 2.30033150076E+05 2.35260629484E+03 1.83287253588E+05 3.76003130048E+03 2.32897615196E+05 2.18960085103E+03 1.98831356762E+05 3.17011266228E+03 1.71776758891E+05 4.11006194603E+03 2.13314134866E+05 2.69418599699E+03 
2.75000000000E+00 2.87500000000E+00 3.00000000000E+00 2.12663240642E+05 2.59781291259E+03 2.34145635751E+05 2.08095663384E+03 1.96488350806E+05 3.25171517139E+03 2.33346856256E+05 1.92829456742E+03 2.10352550750E+05 2.80423336604E+03 1.86181675717E+05 3.62572218707E+03 2.18371423987E+05 2.32228775832E+03 
3.00000000000E+00 3.12500000000E+00 3.25000000000E+00 1.95468680953E+05 2.72327341482E+03 2.13297900464E+05 2.15314030527E+03 1.79254530566E+05 3.53123682618E+03 2.14155527738E+05 2.02029712155E+03 1.91055828590E+05 2.90168346101E+03 1.70560341915E+05 3.80147351290E+03 1.99578924973E+05 2.52971329445E+03 
3.25000000000E+00 3.37500000000E+00 3.50000000000E+00 1.77370993493E+05 2.73559122325E+03 1.93034096657E+05 2.12877801336E+03 1.67937539224E+05 3.28473368869E+03 1.91807849137E+05 2.02869901290E+03 1.75646219468E+05 2.87182445610E+03 1.57431658108E+05 3.82196544216E+03 1.82895158227E+05 2.35056907033E+03 
3.50000000000E+00 3.62500000000E+00 3.75000000000E+00 1.35844964599E+05 1.95179512705E+03 1.50675583628E+05 1.51392726071E+03 1.18961789469E+05 2.57901663199E+03 1.49643534748E+05 1.44903864173E+03 1.35937462503E+05 2.05468802296E+03 1.16093296781E+05 2.72322628827E+03 1.36029978014E+05 1.84834463258E+03 
3.75000000000E+00 3.87500000000E+00 4.00000000000E+00 1.06672552481E+05 1.34406492225E+03 1.16720065454E+05 9.95746968091E+02 9.12365551190E+04 1.67814503597E+03 1.14272493102E+05 9.97765244008E+02 1.08071447689E+05 1.34118787294E+03 9.71928914313E+04 1.82623188429E+03 1.02252861478E+05 1.20223027724E+03 
4.00000000000E+00 4.12500000000E+00 4.25000000000E+00 7.21989726560E+04 7.00215860134E+02 7.53630846665E+04 5.33202756768E+02 6.76068161552E+04 9.52780170790E+02 7.39844378555E+04 5.21091224761E+02 7.26211703047E+04 7.18958308397E+02 6.88595974619E+04 9.78722304999E+02 7.01973380723E+04 6.80488852832E+02 
4.25000000000E+00 4.37500000000E+00 4.50000000000E+00 2.66496448846E+04 3.03240779500E+02 2.93067761320E+04 2.33139441599E+02 2.38998041819E+04 4.26285251901E+02 2.82658845079E+04 2.25551028313E+02 2.75397748725E+04 3.13933861885E+02 2.38477015647E+04 4.23480890146E+02 2.62644170509E+04 3.05380602644E+02 
4.50000000000E+00 4.62500000000E+00 4.75000000000E+00 6.91941027078E+03 9.96260516284E+01 7.08854764118E+03 7.54275274979E+01 6.72626157424E+03 1.47355690166E+02 7.07597552448E+03 7.64015695698E+01 6.95778641173E+03 1.01454280078E+02 6.65413486001E+03 1.23881607130E+02 6.51705440620E+03 1.14823272781E+02 
4.75000000000E+00 4.87500000000E+00 5.00000000000E+00 4.43197833766E+02 2.16372957281E+01 4.93670891765E+02 1.56951409168E+01 3.71473798286E+02 3.09246570113E+01 4.68954761509E+02 1.60985518312E+01 4.69889552100E+02 2.10524744985E+01 3.89588505290E+02 3.02919929880E+01 4.22610133218E+02 2.20819332983E+01 
#nx: 3
